1A0F SA11A   S A 15  0 -1 -1 -1   -1.800     0.124833      3.705      1.925     1.229783     1.354616  92  -1   -1.000
1A43 CA218S  C S  1 15 -1 -1 -1   -2.300    -0.353006      3.791      1.947     0.526074     0.173068  46  -1   -1.000
1A43 GA156A  G A  5  0 -1 -1 -1   -1.000    -0.051076      0.900      0.949     0.347628     0.296552  37  -1   -1.000
1A43 RA167A  R A 14  0 -1 -1 -1   -3.000    -0.225454      7.698      2.775     1.497368     1.271914  45  -1   -1.000
1A7C RA30E   R E 14  3 -1 -1 -1   -1.200    -0.436994      0.582      0.763     1.242630     0.805636  57  -1   -1.000
1AAR FA45W   F W  4 18 -1 -1 -1    0.600    -1.857904      6.041      2.458     3.517751     1.659847  72  -1   -1.000
1AAR KA27Q   K Q  8 13 -1 -1 -1   -1.910    -0.715301      1.427      1.195     1.474120     0.758819  61  -1   -1.000
1AAR KA29N   K N  8 11 -1 -1 -1   -1.480    -0.639415      0.707      0.841     1.104516     0.465102  53  -1   -1.000
1AAR KA29Q   K Q  8 13 -1 -1 -1   -1.670    -0.045771      2.638      1.624     1.104516     1.058745  53  -1   -1.000
1AAR KA6E    K E  8  3 -1 -1 -1    0.530    -0.328634      0.737      0.859     1.228064     0.899430  65  -1   -1.000
1AAR KA6Q    K Q  8 13 -1 -1 -1    0.260    -0.065755      0.106      0.326     1.228064     1.162308  65  -1   -1.000
1AMQ CA191A  C A  1  0 -1 -1 -1   -2.200    -1.648231      0.304      0.552     2.346318     0.698087  93  -1   -1.000
1AMQ CA192A  C A  1  0 -1 -1 -1   -1.600     0.281559      3.540      1.882     1.733288     2.014848  94  -1   -1.000
1AMQ CA270A  C A  1  0 -1 -1 -1   -2.500    -0.238031      5.117      2.262     1.974039     1.736008 114  -1   -1.000
1AMQ CA401A  C A  1  0 -1 -1 -1    3.200     1.034548      4.689      2.165     0.970625     2.005174  71  -1   -1.000
1AMQ CA82A   C A  1  0 -1 -1 -1   -1.300     0.489448      3.202      1.789     0.712292     1.201740  77  -1   -1.000
1AYF CA95S   C S  1 15 -1 -1 -1    0.960    -0.034367      0.989      0.994     0.637045     0.602679  64  -1   -1.000
1AYF FA11W   F W  4 18 -1 -1 -1   -0.800    -1.273193      0.224      0.473     3.962492     2.689298  64  -1   -1.000
1AYF FA59W   F W  4 18 -1 -1 -1   -2.380    -0.725185      2.738      1.655     2.972113     2.246928  66  -1   -1.000
1AYF FA64W   F W  4 18 -1 -1 -1   -0.330    -0.667027      0.114      0.337     1.808920     1.141893  49  -1   -1.000
1AYF HA56Q   H Q  6 13 -1 -1 -1   -1.660    -0.594807      1.135      1.065     1.609803     1.014996  85  -1   -1.000
1AYF HA56R   H R  6 14 -1 -1 -1   -1.160    -0.674377      0.236      0.486     1.609803     0.935426  85  -1   -1.000
1AYF HA56T   H T  6 16 -1 -1 -1   -1.190    -0.557806      0.400      0.632     1.609803     1.051997  85  -1   -1.000
1AYF YA82F   Y F 19  4 -1 -1 -1   -0.010    -0.804569      0.631      0.795     0.540314    -0.264255  58  -1   -1.000
1AYF YA82L   Y L 19  9 -1 -1 -1   -0.360    -0.472962      0.013      0.113     0.540314     0.067352  58  -1   -1.000
1AYF YA82S   Y S 19 15 -1 -1 -1   -0.330    -0.115884      0.046      0.214     0.540314     0.424429  58  -1   -1.000
1AYF YA82W   Y W 19 18 -1 -1 -1   -0.210    -0.186545      0.001      0.023     0.540314     0.353769  58  -1   -1.000
1B0O WA19Y   W Y 18 19 -1 -1 -1   -6.910    -0.828797     36.981      6.081     3.934567     3.105770  72  -1   -1.000
1B26 EA231A  E A  3  0 -1 -1 -1   -0.350    -0.204390      0.021      0.146     0.574030     0.369640  58  -1   -1.000
1B26 KA193A  K A  8  0 -1 -1 -1    0.350     0.906629      0.310      0.557     1.226187     2.132815 103  -1   -1.000
1B26 RA190A  R A 14  0 -1 -1 -1   -0.340    -0.689189      0.122      0.349     1.977504     1.288315  88  -1   -1.000
1B28 MA31A   M A 10  0 -1 -1 -1   -3.170    -0.876488      5.260      2.294     1.469855     0.593367  33  -1   -1.000
1BKS CA81N   C N  1 11 -1 -1 -1   -2.420    -1.158269      1.592      1.262     1.545615     0.387346  75  -1   -1.000
1BKS LA50N   L N  9 11 -1 -1 -1   -6.280    -4.279995      4.000      2.000     5.111701     0.831705 117  -1   -1.000
1BKS LA99N   L N  9 11 -1 -1 -1   -4.150    -3.791308      0.129      0.359     4.434374     0.643065 114  -1   -1.000
1BOY RA200W  R W 14 18 -1 -1 -1    0.600    -1.671633      5.160      2.272     0.729240    -0.942392  47  -1   -1.000
1CUN AA126G  A G  0  5 -1 -1 -1   -1.300    -1.007643      0.085      0.292     1.082846     0.075203  46  -1   -1.000
1CUN AA156G  A G  0  5 -1 -1 -1   -1.000    -0.730478      0.073      0.270     0.715788    -0.014690  43  -1   -1.000
1CUN AA173G  A G  0  5 -1 -1 -1   -1.600    -0.797057      0.645      0.803     0.787037    -0.010020  54  -1   -1.000
1CUN AA191G  A G  0  5 -1 -1 -1   -0.900    -0.756181      0.021      0.144     0.856608     0.100427  41  -1   -1.000
1CUN AA206G  A G  0  5 -1 -1 -1   -1.800    -1.445669      0.126      0.354     1.419947    -0.025722  49  -1   -1.000
1CUN AA212G  A G  0  5 -1 -1 -1   -1.100    -0.905073      0.038      0.195     1.039710     0.134637  41  -1   -1.000
1CUN FA117L  F L  4  9 -1 -1 -1   -2.100    -0.130152      3.880      1.970     2.237167     2.107015  71  -1   -1.000
1CUN FA157L  F L  4  9 -1 -1 -1   -1.400     0.047189      2.094      1.447     1.660137     1.707326  57  -1   -1.000
1CUN GA198A  G A  5  0 -1 -1 -1   -0.900     0.829667      2.992      1.730     0.074733     0.904400  47  -1   -1.000
1CUN IA128A  I A  7  0 -1 -1 -1   -1.300    -1.115730      0.034      0.184     2.334104     1.218374  56  -1   -1.000
1CUN IA128V  I V  7 17 -1 -1 -1   -2.400    -1.139871      1.588      1.260     2.334104     1.194232  56  -1   -1.000
1CUN KA152G  K G  8  5 -1 -1 -1   -1.300    -0.737898      0.316      0.562     0.744735     0.006837  40  -1   -1.000
1CUN LA196A  L A  9  0 -1 -1 -1   -4.100    -1.379698      7.400      2.720     2.575653     1.195955  56  -1   -1.000
1CUN LA203A  L A  9  0 -1 -1 -1   -3.700    -1.241848      6.043      2.458     2.684650     1.442802  55  -1   -1.000
1CUN LA214A  L A  9  0 -1 -1 -1   -3.200    -1.117092      4.339      2.083     2.403526     1.286434  40  -1   -1.000
1CUN MA193A  M A 10  0 -1 -1 -1   -2.200    -1.243901      0.914      0.956     2.593076     1.349175  55  -1   -1.000
1CUN QA115G  Q G 13  5 -1 -1 -1   -1.000    -1.283318      0.080      0.283     1.332340     0.049023  68  -1   -1.000
1CUN SA201G  S G 15  5 -1 -1 -1   -1.000    -0.443462      0.310      0.557     0.454545     0.011083  50  -1   -1.000
1DFO WA183Y  W Y 18 19 -1 -1 -1   -3.400    -0.730117      7.128      2.670     3.418125     2.688008  77  -1   -1.000
1DFO WA385F  W F 18  4 -1 -1 -1   -1.500    -0.962225      0.289      0.538     3.112733     2.150508  73  -1   -1.000
1DPM HA257L  H L  6  9 -1 -1 -1   -2.500    -0.428242      4.292      2.072     1.448435     1.020193  81  -1   -1.000
1DXX KA18N   K N  8 11 -1 -1 -1   -3.700    -0.412171     10.810      3.288     0.978687     0.566516  44  -1   -1.000
1EQ7 SA2A    S A 15  0 -1 -1 -1   -0.800    -0.120266      0.462      0.680     0.257925     0.137659  20  -1   -1.000
1G6N DA138A  D A  2  0 -1 -1 -1   -0.300    -0.690834      0.153      0.391     0.788197     0.097363  60  -1   -1.000
1G6N DA138G  D G  2  5 -1 -1 -1    0.900    -0.395033      1.677      1.295     0.788197     0.393164  60  -1   -1.000
1G6N DA138K  D K  2  8 -1 -1 -1   -1.300    -0.159203      1.301      1.141     0.788197     0.628994  60  -1   -1.000
1G6N DA138L  D L  2  9 -1 -1 -1   -0.500    -1.486793      0.974      0.987     0.788197    -0.698596  60  -1   -1.000
1G6N DA138Q  D Q  2 13 -1 -1 -1   -0.100    -0.308551      0.043      0.209     0.788197     0.479646  60  -1   -1.000
1G6N DA138S  D S  2 15 -1 -1 -1    0.900    -0.118563      1.037      1.019     0.788197     0.669634  60  -1   -1.000
1G6N DA138V  D V  2 17 -1 -1 -1    1.000    -1.036533      4.147      2.037     0.788197    -0.248336  60  -1   -1.000
1GLU CA500A  C A  1  0 -1 -1 -1   -1.080     0.183674      1.597      1.264     1.086722     1.270396  65  -1   -1.000
1H0X PA18A   P A 12  0 -1 -1 -1   -1.940    -0.953752      0.973      0.986     0.672412    -0.281340  33  -1   -1.000
1H0X PA62A   P A 12  0 -1 -1 -1   -2.580    -1.445514      1.287      1.134     1.520976     0.075462  31  -1   -1.000
1HCQ CA67A   C A  1  0 -1 -1 -1   -2.090    -0.363643      2.980      1.726     1.523980     1.160338  63  -1   -1.000
1HCQ CA67S   C S  1 15 -1 -1 -1   -1.990    -1.192482      0.636      0.798     1.523980     0.331498  63  -1   -1.000
1HNG YA76F   Y F 19  4 -1 -1 -1   -1.490    -2.060055      0.325      0.570     5.008453     2.948398  62  -1   -1.000
1HTI AA215P  A P  0 12 -1 -1 -1    0.600    -1.068668      2.784      1.669     0.817585    -0.251082  43  -1   -1.000
1HTI KA193A  K A  8  0 -1 -1 -1    1.000    -0.149613      1.322      1.150     0.854459     0.704846  45  -1   -1.000
1HTI QA179A  Q A 13  0 -1 -1 -1    0.100    -0.274508      0.140      0.375     1.146556     0.872048  44  -1   -1.000
1HTI QA179D  Q D 13  2 -1 -1 -1    1.500    -0.446668      3.790      1.947     1.146556     0.699888  44  -1   -1.000
1HTI SA105D  S D 15  2 -1 -1 -1   -1.300    -0.293297      1.013      1.007     1.012572     0.719274  46  -1   -1.000
1HUE AA56S   A S  0 15 -1 -1 -1   -0.130    -0.163654      0.001      0.034     0.551129     0.387475  29  -1   -1.000
1J7N AA112G  A G  0  5 -1 -1 -1    0.500    -0.584010      1.175      1.084     0.714787     0.130777  40  -1   -1.000
1J7N AA220G  A G  0  5 -1 -1 -1    0.500    -1.532585      4.131      2.033     1.351884    -0.180701  91  -1   -1.000
1J7N DA245G  D G  2  5 -1 -1 -1    0.500    -0.267238      0.589      0.767     0.411165     0.143927  58  -1   -1.000
1J7N EA126G  E G  3  5 -1 -1 -1    0.500     0.039907      0.212      0.460     0.132383     0.172291  45  -1   -1.000
1J7N FA217A  F A  4  0 -1 -1 -1    0.500    -1.436847      3.751      1.937     3.164065     1.727218  99  -1   -1.000
1J7N FA221A  F A  4  0 -1 -1 -1    0.500    -0.669259      1.367      1.169     2.502436     1.833177  95  -1   -1.000
1J7N FA247A  F A  4  0 -1 -1 -1    0.500    -1.001688      2.255      1.502     1.777850     0.776162  75  -1   -1.000
1J7N HA91N   H N  6 11 -1 -1 -1    0.860    -0.438181      1.685      1.298     0.417108    -0.021073  48  -1   -1.000
1J7N IA154A  I A  7  0 -1 -1 -1    0.500    -1.404458      3.627      1.904     2.884851     1.480393  88  -1   -1.000
1J7N IA39A   I A  7  0 -1 -1 -1    0.850    -1.217901      4.276      2.068     1.925706     0.707804  51  -1   -1.000
1J7N LA129A  L A  9  0 -1 -1 -1    0.500    -1.699381      4.837      2.199     2.522470     0.823089  89  -1   -1.000
1J7N LA145A  L A  9  0 -1 -1 -1    0.500    -0.410769      0.830      0.911     1.912384     1.501615  74  -1   -1.000
1J7N LA174A  L A  9  0 -1 -1 -1    0.500    -1.608404      4.445      2.108     2.821252     1.212848  77  -1   -1.000
1J7N LA188A  L A  9  0 -1 -1 -1    0.500    -0.560155      1.124      1.060     1.204714     0.644559  65  -1   -1.000
1J7N MA73A   M A 10  0 -1 -1 -1    0.500    -0.970451      2.162      1.470     2.664326     1.693875  79  -1   -1.000
1J7N VA119A  V A 17  0 -1 -1 -1    0.500    -1.906318      5.790      2.406     2.958180     1.051862  86  -1   -1.000
1J7N VA147A  V A 17  0 -1 -1 -1    0.500    -1.636356      4.564      2.136     2.648488     1.012132  94  -1   -1.000
1J7N VA213A  V A 17  0 -1 -1 -1    0.500    -0.777521      1.632      1.278     1.983958     1.206437  79  -1   -1.000
1J7N VA70A   V A 17  0 -1 -1 -1    0.750    -1.546219      5.273      2.296     2.814041     1.267822  86  -1   -1.000
1J7N YA148A  Y A 19  0 -1 -1 -1    0.500    -0.589173      1.186      1.089     2.626020     2.036847  95  -1   -1.000
1JL5 IA1309L I L  7  9 -1 -1 -1    0.200    -0.355437      0.309      0.555     4.447228     4.091791  86  -1   -1.000
1JL9 AA25C   A C  0  1 -1 -1 -1   -1.440    -0.894324      0.298      0.546     0.742758    -0.151566  12  -1   -1.000
1JL9 SA9C    S C 15  1 -1 -1 -1   -1.510    -0.506174      1.008      1.004     0.358855    -0.147319  17  -1   -1.000
1KA6 FA87S   F S  4 15 -1 -1 -1   -1.140    -2.827553      2.848      1.688     2.725024    -0.102529  60  -1   -1.000
1KA6 GA93D   G D  5  2 -1 -1 -1   -0.630    -0.164908      0.216      0.465     0.654056     0.489148  47  -1   -1.000
1KA6 LA31P   L P  9 12 -1 -1 -1   -1.710    -1.633309      0.006      0.077     2.402766     0.769457  84  -1   -1.000
1LVM EA106G  E G  3  5 -1 -1 -1    1.400     0.126464      1.622      1.274     0.624668     0.751132  49  -1   -1.000
1LVM KA45F   K F  8  4 -1 -1 -1    0.430     0.785560      0.126      0.356     1.440229     2.225789  93  -1   -1.000
1LVM QA58F   Q F 13  4 -1 -1 -1    0.600     1.025227      0.181      0.425     1.429912     2.455138  67  -1   -1.000
1NEY LA230A  L A  9  0 -1 -1 -1   -0.800    -3.619895      7.952      2.820     4.534034     0.914139 113  -1   -1.000
1OTR EA34L   E L  3  9 -1 -1 -1    0.960     0.436641      0.274      0.523     0.520050     0.956691  31  -1   -1.000
1OTR EA34S   E S  3 15 -1 -1 -1   -0.600    -0.150333      0.202      0.450     0.520050     0.369717  31  -1   -1.000
1OTR EB34L   E L  3  9 -1 -1 -1    0.960     1.803973      0.712      0.844     0.312451     2.116424  40  -1   -1.000
1OTR EB34S   E S  3 15 -1 -1 -1   -0.600     0.020184      0.385      0.620     0.312451     0.332634  40  -1   -1.000
1OTR KB11A   K A  8  0 -1 -1 -1   -0.140    -0.210298      0.005      0.070     0.913964     0.703665  45  -1   -1.000
1OTR PB37A   P A 12  0 -1 -1 -1   -1.080    -0.487620      0.351      0.592     0.851168     0.363548  38  -1   -1.000
1OTR PB38A   P A 12  0 -1 -1 -1    1.100    -0.351062      2.106      1.451     1.310521     0.959459  46  -1   -1.000
1OTR SB19P   S P 15 12 -1 -1 -1    1.270     1.018207      0.063      0.252     0.420440     1.438647  36  -1   -1.000
1P2P HA48K   H K  6  8 -1 -1 -1   -3.210    -1.256444      3.816      1.954     1.526447     0.270003  72  -1   -1.000
1P2P HA48N   H N  6 11 -1 -1 -1   -2.280    -1.372804      0.823      0.907     1.526447     0.153643  72  -1   -1.000
1P2P HA48Q   H Q  6 13 -1 -1 -1   -1.030    -0.889211      0.020      0.141     1.526447     0.637236  72  -1   -1.000
1PRG EA460K  E K  3  8 -1 -1 -1   -0.170    -0.342778      0.030      0.173     0.136332    -0.206446  40  -1   -1.000
1PRG FA360L  F L  4  9 -1 -1 -1   -0.400     0.499761      0.810      0.900     1.247157     1.746918  62  -1   -1.000
1PRG PA467L  P L 12  9 -1 -1 -1    0.110    -0.236741      0.120      0.347     0.932919     0.696178  39  -1   -1.000
1PRG QA286P  Q P 13 12 -1 -1 -1   -0.300    -2.663614      5.587      2.364     1.035488    -1.628126  74  -1   -1.000
1PRG QA314P  Q P 13 12 -1 -1 -1   -0.300    -2.142230      3.394      1.842     1.830906    -0.311324  59  -1   -1.000
1PRG RA288H  R H 14  6 -1 -1 -1    0.060    -0.522578      0.339      0.583     0.921830     0.399252  69  -1   -1.000
1PRG RA357A  R A 14  0 -1 -1 -1    0.190     0.747620      0.311      0.558    -0.256598     0.491022  48  -1   -1.000
1PRG VA290M  V M 17 10 -1 -1 -1    0.030    -0.161218      0.037      0.191     1.448527     1.287309  55  -1   -1.000
1R6R LA54S   L S  9 15 -1 -1 -1   -0.240    -1.158493      0.844      0.918     1.516074     0.357581  61  -1   -1.000
1REI AA84T   A T  0 16 -1 -1 -1   -2.500    -2.990815      0.241      0.491     3.687326     0.696511  66  -1   -1.000
1REI FA73L   F L  4  9 -1 -1 -1    0.980     1.289732      0.096      0.310     4.885560     6.175291  77  -1   -1.000
1REI GA57E   G E  5  3 -1 -1 -1   -1.000    -0.521001      0.229      0.479     0.946407     0.425406  36  -1   -1.000
1REI GA68D   G D  5  2 -1 -1 -1   -0.100    -0.746346      0.418      0.646     1.203205     0.456859  40  -1   -1.000
1REI LA78T   L T  9 16 -1 -1 -1   -0.800    -3.514633      7.369      2.715     4.202151     0.687518  43  -1   -1.000
1REI TA39K   T K 16  8 -1 -1 -1    1.270     0.831676      0.192      0.438     0.843511     1.675187  56  -1   -1.000
1REI YA32H   Y H 19  6 -1 -1 -1    1.340    -2.816483     17.276      4.156     3.650901     0.834418  59  -1   -1.000
1REI YA71F   Y F 19  4 -1 -1 -1    1.290     1.087973      0.041      0.202     4.232036     5.320009  63  -1   -1.000
1SB0 EB89D   E D  3  2 -1 -1 -1   -0.140    -0.081656      0.003      0.058     0.301902     0.220246  18  -1   -1.000
1SB0 GB108A  G A  5  0 -1 -1 -1    0.040     0.305813      0.071      0.266     0.190935     0.496748  21  -1   -1.000
1SB0 KB90H   K H  8  6 -1 -1 -1   -0.340    -0.054642      0.081      0.285     0.378955     0.324313  21  -1   -1.000
1SCE PA20A   P A 12  0 -1 -1 -1   -0.300    -0.411677      0.012      0.112     1.000407     0.588730  40  -1   -1.000
1SCE PA52A   P A 12  0 -1 -1 -1   -2.570    -1.257504      1.723      1.312     1.599052     0.341548  49  -1   -1.000
1SCE PA58A   P A 12  0 -1 -1 -1   -0.350    -0.173975      0.031      0.176     0.726176     0.552201  30  -1   -1.000
1SCE PA7A    P A 12  0 -1 -1 -1   -0.200     0.073591      0.075      0.274     0.471162     0.544752  32  -1   -1.000
1SHF AA122F  A F  0  4 -1 -1 -1   -2.200     1.708548     15.277      3.909     1.814386     3.522934  56  -1   -1.000
1SHF AA122L  A L  0  9 -1 -1 -1   -2.390     0.330711      7.402      2.721     1.814386     2.145097  56  -1   -1.000
1SHF AA122S  A S  0 15 -1 -1 -1   -2.540    -1.289510      1.564      1.250     1.814386     0.524876  56  -1   -1.000
1SHF AA122V  A V  0 17 -1 -1 -1    0.180     1.167059      0.974      0.987     1.814386     2.981446  56  -1   -1.000
1SHF EA107A  E A  3  0 -1 -1 -1   -1.270    -0.062491      1.458      1.208     0.985237     0.922746  46  -1   -1.000
1SHF EA107D  E D  3  2 -1 -1 -1    0.680    -0.035453      0.512      0.715     0.985237     0.949784  46  -1   -1.000
1SHF EA107F  E F  3  4 -1 -1 -1   -1.630     0.042339      2.797      1.672     0.985237     1.027576  46  -1   -1.000
1SHF EA107G  E G  3  5 -1 -1 -1   -2.290    -0.978260      1.721      1.312     0.985237     0.006976  46  -1   -1.000
1SHF EA107H  E H  3  6 -1 -1 -1   -0.990     0.009971      1.000      1.000     0.985237     0.995208  46  -1   -1.000
1SHF EA107I  E I  3  7 -1 -1 -1   -2.710     0.580901     10.830      3.291     0.985237     1.566138  46  -1   -1.000
1SHF EA107K  E K  3  8 -1 -1 -1   -0.970    -0.528035      0.195      0.442     0.985237     0.457202  46  -1   -1.000
1SHF EA107L  E L  3  9 -1 -1 -1   -3.020     0.113081      9.816      3.133     0.985237     1.098318  46  -1   -1.000
1SHF EA107P  E P  3 12 -1 -1 -1   -1.710    -1.355159      0.126      0.355     0.985237    -0.369922  46  -1   -1.000
1SHF EA107Q  E Q  3 13 -1 -1 -1   -0.740     0.347764      1.183      1.088     0.985237     1.333001  46  -1   -1.000
1SHF EA107R  E R  3 14 -1 -1 -1   -2.560     0.229839      7.783      2.790     0.985237     1.215076  46  -1   -1.000
1SHF EA107S  E S  3 15 -1 -1 -1   -1.640    -0.499877      1.300      1.140     0.985237     0.485360  46  -1   -1.000
1SHF EA107T  E T  3 16 -1 -1 -1   -0.600    -0.234206      0.134      0.366     0.985237     0.751031  46  -1   -1.000
1SHF EA107V  E V  3 17 -1 -1 -1   -2.000     1.188519     10.167      3.189     0.985237     2.173755  46  -1   -1.000
1SHF EA107Y  E Y  3 19 -1 -1 -1   -2.400     0.356004      7.596      2.756     0.985237     1.341241  46  -1   -1.000
1SHF FA103A  F A  4  0 -1 -1 -1   -2.410    -2.508195      0.010      0.098     3.189297     0.681102  47  -1   -1.000
1SHF FA103L  F L  4  9 -1 -1 -1   -1.110    -0.922028      0.035      0.188     3.189297     2.267270  47  -1   -1.000
1SHF FA103S  F S  4 15 -1 -1 -1   -3.030    -2.914840      0.013      0.115     3.189297     0.274457  47  -1   -1.000
1SHF FA103V  F V  4 17 -1 -1 -1   -1.880    -0.716670      1.353      1.163     3.189297     2.472627  47  -1   -1.000
1SHF FA109I  F I  4  7 -1 -1 -1   -1.990    -0.297676      2.864      1.692     3.517279     3.219603  51  -1   -1.000
1SHF FA109L  F L  4  9 -1 -1 -1   -0.760    -0.936753      0.031      0.177     3.517279     2.580526  51  -1   -1.000
1SHF FA109V  F V  4 17 -1 -1 -1   -2.110    -0.546046      2.446      1.564     3.517279     2.971233  51  -1   -1.000
1SHF GA128A  G A  5  0 -1 -1 -1   -1.780    -0.599313      1.394      1.181     0.827468     0.228155  34  -1   -1.000
1SHF IA111A  I A  7  0 -1 -1 -1   -2.640    -1.841949      0.637      0.798     2.840704     0.998755  48  -1   -1.000
1SHF IA111F  I F  7  4 -1 -1 -1   -2.710    -0.481569      4.966      2.228     2.840704     2.359135  48  -1   -1.000
1SHF IA111L  I L  7  9 -1 -1 -1   -1.010    -0.540069      0.221      0.470     2.840704     2.300634  48  -1   -1.000
1SHF IA111S  I S  7 15 -1 -1 -1   -3.040    -2.362654      0.459      0.677     2.840704     0.478049  48  -1   -1.000
1SHF IA111V  I V  7 17 -1 -1 -1   -0.160    -0.445181      0.081      0.285     2.840704     2.395523  48  -1   -1.000
1SHF IA133F  I F  7  4 -1 -1 -1   -3.470    -0.514014      8.738      2.956     3.331177     2.817163  55  -1   -1.000
1SHF IA133L  I L  7  9 -1 -1 -1   -0.750    -1.326434      0.332      0.576     3.331177     2.004743  55  -1   -1.000
1SHF IA133V  I V  7 17 -1 -1 -1   -0.040    -0.615606      0.331      0.576     3.331177     2.715571  55  -1   -1.000
1SHF LA101A  L A  9  0 -1 -1 -1   -3.920    -1.825058      4.389      2.095     2.768030     0.942973  49  -1   -1.000
1SHF LA101F  L F  9  4 -1 -1 -1   -1.200    -1.367195      0.028      0.167     2.768030     1.400835  49  -1   -1.000
1SHF LA101I  L I  9  7 -1 -1 -1   -0.690    -0.489614      0.040      0.200     2.768030     2.278416  49  -1   -1.000
1SHF LA101S  L S  9 15 -1 -1 -1   -3.880    -2.531410      1.819      1.349     2.768030     0.236620  49  -1   -1.000
1SHF LA101V  L V  9 17 -1 -1 -1   -1.630    -0.455681      1.379      1.174     2.768030     2.312349  49  -1   -1.000
1SHF SA124A  S A 15  0 -1 -1 -1   -0.710     0.112408      0.676      0.822     0.829421     0.941829  50  -1   -1.000
1SHF SA124D  S D 15  2 -1 -1 -1   -2.000    -0.162348      3.377      1.838     0.829421     0.667074  50  -1   -1.000
1SHF SA124F  S F 15  4 -1 -1 -1   -1.900     0.557438      6.039      2.457     0.829421     1.386859  50  -1   -1.000
1SHF SA124G  S G 15  5 -1 -1 -1   -1.680    -0.758193      0.850      0.922     0.829421     0.071228  50  -1   -1.000
1SHF SA124H  S H 15  6 -1 -1 -1   -1.250    -0.586940      0.440      0.663     0.829421     0.242481  50  -1   -1.000
1SHF SA124I  S I 15  7 -1 -1 -1   -1.100     1.227748      5.418      2.328     0.829421     2.057169  50  -1   -1.000
1SHF SA124K  S K 15  8 -1 -1 -1    0.110    -0.161907      0.074      0.272     0.829421     0.667514  50  -1   -1.000
1SHF SA124L  S L 15  9 -1 -1 -1   -0.370     1.235344      2.577      1.605     0.829421     2.064765  50  -1   -1.000
1SHF SA124N  S N 15 11 -1 -1 -1   -0.730     0.049495      0.608      0.779     0.829421     0.878917  50  -1   -1.000
1SHF SA124R  S R 15 14 -1 -1 -1   -0.180     0.502062      0.465      0.682     0.829421     1.331484  50  -1   -1.000
1SHF SA124T  S T 15 16 -1 -1 -1   -1.650    -0.228218      2.021      1.422     0.829421     0.601203  50  -1   -1.000
1SHF SA124V  S V 15 17 -1 -1 -1   -1.100     1.205313      5.314      2.305     0.829421     2.034734  50  -1   -1.000
1SHF SA124Y  S Y 15 19 -1 -1 -1   -2.290     0.471438      7.626      2.761     0.829421     1.300859  50  -1   -1.000
1SHF TA127A  T A 16  0 -1 -1 -1   -2.590    -0.342646      5.051      2.247     0.631131     0.288485  35  -1   -1.000
1SHF VA138A  V A 17  0 -1 -1 -1   -2.070    -2.070922      0.000      0.001     3.137374     1.066452  50  -1   -1.000
1SHF VA138F  V F 17  4 -1 -1 -1   -0.730    -0.152725      0.333      0.577     3.137374     2.984649  50  -1   -1.000
1SHF VA138G  V G 17  5 -1 -1 -1   -3.770    -3.030143      0.547      0.740     3.137374     0.107231  50  -1   -1.000
1SHF VA138H  V H 17  6 -1 -1 -1    0.020    -1.942098      3.850      1.962     3.137374     1.195275  50  -1   -1.000
1SHF VA138I  V I 17  7 -1 -1 -1    0.170    -0.685151      0.731      0.855     3.137374     2.452223  50  -1   -1.000
1SHF VA138L  V L 17  9 -1 -1 -1    0.040    -1.071809      1.236      1.112     3.137374     2.065565  50  -1   -1.000
1SHF VA138M  V M 17 10 -1 -1 -1   -0.510    -1.463326      0.909      0.953     3.137374     1.674048  50  -1   -1.000
1SHF VA138S  V S 17 15 -1 -1 -1   -4.170    -2.497172      2.798      1.673     3.137374     0.640202  50  -1   -1.000
1SHF VA138T  V T 17 16 -1 -1 -1   -2.320    -2.635059      0.099      0.315     3.137374     0.502315  50  -1   -1.000
1SHF VA138W  V W 17 18 -1 -1 -1    0.130    -0.756756      0.786      0.887     3.137374     2.380618  50  -1   -1.000
1SHF WA120A  W A 18  0 -1 -1 -1   -2.350    -1.743709      0.368      0.606     2.627421     0.883712  50  -1   -1.000
1SHF WA120F  W F 18  4 -1 -1 -1   -0.550    -0.858552      0.095      0.309     2.627421     1.768869  50  -1   -1.000
1SHF WA120L  W L 18  9 -1 -1 -1   -0.400    -1.365048      0.931      0.965     2.627421     1.262373  50  -1   -1.000
1SHF WA120S  W S 18 15 -1 -1 -1   -2.700    -2.074707      0.391      0.625     2.627421     0.552714  50  -1   -1.000
1SHF WA120V  W V 18 17 -1 -1 -1   -0.990    -0.705692      0.081      0.284     2.627421     1.921730  50  -1   -1.000
1SPD CA6A    C A  1  0 -1 -1 -1    0.100     0.182279      0.007      0.082     1.437707     1.619985 102  -1   -1.000
1SSO IA29V   I V  7 17 -1 -1 -1   -0.400    -0.045431      0.126      0.355     2.907019     2.861588  45  -1   -1.000
1TUP AA129D  A D  0  2 -1 -1 -1   -0.700    -0.510410      0.036      0.190     0.607059     0.096648  38  -1   -1.000
1TUP AA129E  A E  0  3 -1 -1 -1   -0.380    -0.000034      0.144      0.380     0.607059     0.607025  38  -1   -1.000
1TUP AA129S  A S  0 15 -1 -1 -1   -0.190    -0.268824      0.006      0.079     0.607059     0.338235  38  -1   -1.000
1TUP CA182S  C S  1 15 -1 -1 -1    0.160    -0.280047      0.194      0.440     0.396064     0.116017  34  -1   -1.000
1TUP CA242S  C S  1 15 -1 -1 -1   -3.070    -0.548787      6.357      2.521     0.883105     0.334318  49  -1   -1.000
1TUP DA148E  D E  2  3 -1 -1 -1   -0.430    -0.127800      0.091      0.302     0.646820     0.519021  41  -1   -1.000
1TUP DA148S  D S  2 15 -1 -1 -1    0.220     0.064911      0.024      0.155     0.646820     0.711732  41  -1   -1.000
1TUP DA228E  D E  2  3 -1 -1 -1    0.050    -0.264427      0.099      0.314     0.549143     0.284716  31  -1   -1.000
1TUP FA134L  F L  4  9 -1 -1 -1   -4.780    -0.901793     15.040      3.878     2.775975     1.874182  79  -1   -1.000
1TUP FA270C  F C  4  1 -1 -1 -1   -4.540    -2.163528      5.648      2.376     3.511055     1.347527  79  -1   -1.000
1TUP GA245S  G S  5 15 -1 -1 -1   -1.200    -0.331448      0.754      0.869     0.366692     0.035244  54  -1   -1.000
1TUP HA168R  H R  6 14 -1 -1 -1   -2.750    -0.553874      4.823      2.196     0.984766     0.430893  44  -1   -1.000
1TUP IA195T  I T  7 16 -1 -1 -1   -4.120    -2.337323      3.178      1.783     3.097481     0.760158  95  -1   -1.000
1TUP IA232T  I T  7 16 -1 -1 -1   -3.190    -3.005350      0.034      0.185     3.837799     0.832448  75  -1   -1.000
1TUP IA255F  I F  7  4 -1 -1 -1   -3.290    -0.642160      7.011      2.648     4.449286     3.807126  87  -1   -1.000
1TUP LA145Q  L Q  9 13 -1 -1 -1   -2.980    -2.774719      0.042      0.205     3.537449     0.762730  74  -1   -1.000
1TUP LA201P  L P  9 12 -1 -1 -1    0.350     0.695382      0.119      0.345     0.086227     0.781609  34  -1   -1.000
1TUP LA206S  L S  9 15 -1 -1 -1   -0.100    -0.741491      0.412      0.641     1.280592     0.539102  55  -1   -1.000
1TUP MA133L  M L 10  9 -1 -1 -1    0.300     0.152951      0.022      0.147     2.600471     2.753422  86  -1   -1.000
1TUP MA237I  M I 10  7 -1 -1 -1   -3.180    -1.584540      2.545      1.595     3.014395     1.429855  78  -1   -1.000
1TUP NA239Y  N Y 11 19 -1 -1 -1    1.490    -0.171636      2.761      1.662     1.159270     0.987634  68  -1   -1.000
1TUP NA268D  N D 11  2 -1 -1 -1    0.920    -0.551071      2.164      1.471     1.275981     0.724910  72  -1   -1.000
1TUP PA151S  P S 12 15 -1 -1 -1   -4.490    -0.848770     13.259      3.641     1.275188     0.426418  51  -1   -1.000
1TUP QA104H  Q H 13  6 -1 -1 -1    0.240    -0.367320      0.369      0.607     0.626492     0.259172  45  -1   -1.000
1TUP QA104P  Q P 13 12 -1 -1 -1    0.110     0.298965      0.036      0.189     0.626492     0.925457  45  -1   -1.000
1TUP QA165K  Q K 13  8 -1 -1 -1   -1.270     0.010835      1.641      1.281     0.817836     0.828671  42  -1   -1.000
1TUP QA167E  Q E 13  3 -1 -1 -1   -0.430    -0.088450      0.117      0.342     0.581193     0.492743  27  -1   -1.000
1TUP RA174K  R K 14  8 -1 -1 -1   -0.220    -0.809317      0.347      0.589     1.808380     0.999064  74  -1   -1.000
1TUP RA175A  R A 14  0 -1 -1 -1   -0.730    -1.063578      0.111      0.334     1.643002     0.579424  70  -1   -1.000
1TUP RA273H  R H 14  6 -1 -1 -1   -0.300    -0.999265      0.489      0.699     1.645022     0.645757  81  -1   -1.000
1TUP RA282Q  R Q 14 13 -1 -1 -1   -2.050    -1.022534      1.056      1.027     1.139366     0.116832  53  -1   -1.000
1TUP RA282W  R W 14 18 -1 -1 -1   -3.300     0.455292     14.102      3.755     1.139366     1.594658  53  -1   -1.000
1TUP SA260P  S P 15 12 -1 -1 -1   -0.320     0.399509      0.518      0.720     0.738749     1.138258  38  -1   -1.000
1TUP TA123A  T A 16  0 -1 -1 -1   -0.130    -0.241470      0.012      0.111     0.872095     0.630625  50  -1   -1.000
1TUP TA150P  T P 16 12 -1 -1 -1   -0.080     0.319444      0.160      0.399     0.738414     1.057857  45  -1   -1.000
1TUP VA143A  V A 17  0 -1 -1 -1   -3.340    -2.733122      0.368      0.607     3.894795     1.161673  82  -1   -1.000
1TUP VA157F  V F 17  4 -1 -1 -1   -3.880    -0.660497     10.365      3.220     4.498588     3.838091  85  -1   -1.000
1TUP VA203A  V A 17  0 -1 -1 -1    0.490    -1.197091      2.846      1.687     2.486918     1.289828  57  -1   -1.000
1TUP YA220C  Y C 19  1 -1 -1 -1   -4.000    -1.716868      5.213      2.283     2.817358     1.100490  71  -1   -1.000
1TUP YA236F  Y F 19  4 -1 -1 -1    0.270    -0.389656      0.435      0.660     3.549328     3.159672  93  -1   -1.000
1VQB AA86T   A T  0 16 -1 -1 -1   -0.700    -0.292423      0.166      0.408     0.595811     0.303388  30  -1   -1.000
1VQB AA86V   A V  0 17 -1 -1 -1    0.500     0.542315      0.002      0.042     0.595811     1.138126  30  -1   -1.000
1VQB CA33A   C A  1  0 -1 -1 -1   -0.500     0.061858      0.316      0.562     1.131125     1.192983  64  -1   -1.000
1VQB CA33I   C I  1  7 -1 -1 -1   -0.900     1.979959      8.294      2.880     1.131125     3.111084  64  -1   -1.000
1VQB CA33L   C L  1  9 -1 -1 -1   -2.600     1.297536     15.191      3.898     1.131125     2.428661  64  -1   -1.000
1VQB CA33M   C M  1 10 -1 -1 -1   -3.500     1.152593     21.647      4.653     1.131125     2.283718  64  -1   -1.000
1VQB CA33S   C S  1 15 -1 -1 -1   -4.200    -0.430135     14.212      3.770     1.131125     0.700990  64  -1   -1.000
1VQB CA33T   C T  1 16 -1 -1 -1   -4.600    -0.444885     17.265      4.155     1.131125     0.686240  64  -1   -1.000
1VQB CA33V   C V  1 17 -1 -1 -1   -0.200     1.139024      1.793      1.339     1.131125     2.270149  64  -1   -1.000
1VQB DA50H   D H  2  6 -1 -1 -1   -1.500    -0.505329      0.989      0.995     0.446015    -0.059314  42  -1   -1.000
1VQB EA30M   E M  3 10 -1 -1 -1    0.600     1.287950      0.473      0.688     0.722127     2.010077  52  -1   -1.000
1VQB EA30N   E N  3 11 -1 -1 -1   -1.100    -0.243169      0.734      0.857     0.722127     0.478958  52  -1   -1.000
1VQB EA40C   E C  3  1 -1 -1 -1   -1.600    -0.442109      1.341      1.158     0.478683     0.036574  20  -1   -1.000
1VQB EA40T   E T  3 16 -1 -1 -1   -0.400    -0.114299      0.082      0.286     0.478683     0.364384  20  -1   -1.000
1VQB FA13T   F T  4 16 -1 -1 -1   -0.700    -1.500855      0.641      0.801     1.979923     0.479068  43  -1   -1.000
1VQB HA64C   H C  6  1 -1 -1 -1    0.500    -0.605851      1.223      1.106     1.123857     0.518006  57  -1   -1.000
1VQB IA47A   I A  7  0 -1 -1 -1   -7.000    -2.673140     18.722      4.327     3.412227     0.739086  73  -1   -1.000
1VQB IA47C   I C  7  1 -1 -1 -1   -5.300    -2.225779      9.451      3.074     3.412227     1.186448  73  -1   -1.000
1VQB IA47F   I F  7  4 -1 -1 -1   -2.000    -0.412843      2.519      1.587     3.412227     2.999383  73  -1   -1.000
1VQB IA6V    I V  7 17 -1 -1 -1   -0.700    -0.461806      0.057      0.238     3.526099     3.064293  51  -1   -1.000
1VQB KA24V   K V  8 17 -1 -1 -1    0.800     0.839243      0.002      0.039     0.535450     1.374693  13  -1   -1.000
1VQB LA28V   L V  9 17 -1 -1 -1    1.100     0.534900      0.319      0.565     1.207876     1.742775  37  -1   -1.000
1VQB LA32H   L H  9  6 -1 -1 -1   -0.900    -0.942238      0.002      0.042     1.822638     0.880400  59  -1   -1.000
1VQB LA32R   L R  9 14 -1 -1 -1   -1.600    -0.137327      2.139      1.463     1.822638     1.685311  59  -1   -1.000
1VQB LA32W   L W  9 18 -1 -1 -1    2.800     0.220887      6.652      2.579     1.822638     2.043525  59  -1   -1.000
1VQB LA32Y   L Y  9 19 -1 -1 -1    1.000    -0.009430      1.019      1.009     1.822638     1.813208  59  -1   -1.000
1VQB LA49A   L A  9  0 -1 -1 -1   -6.100    -1.357723     22.489      4.742     2.144698     0.786976  55  -1   -1.000
1VQB LA49C   L C  9  1 -1 -1 -1   -4.100    -1.695901      5.780      2.404     2.144698     0.448797  55  -1   -1.000
1VQB LA49I   L I  9  7 -1 -1 -1   -1.900    -0.135428      3.114      1.765     2.144698     2.009270  55  -1   -1.000
1VQB LA49T   L T  9 16 -1 -1 -1   -5.700    -1.652251     16.384      4.048     2.144698     0.492448  55  -1   -1.000
1VQB LA49V   L V  9 17 -1 -1 -1   -2.900    -0.147365      7.577      2.753     2.144698     1.997333  55  -1   -1.000
1VQB RA82C   R C 14  1 -1 -1 -1   -1.500    -1.353477      0.021      0.147     2.004581     0.651104  65  -1   -1.000
1VQB SA67C   S C 15  1 -1 -1 -1   -3.700    -0.188652     12.330      3.511     0.875049     0.686397  66  -1   -1.000
1VQB SA67T   S T 15 16 -1 -1 -1   -1.600     0.160373      3.099      1.760     0.875049     1.035421  66  -1   -1.000
1VQB TA48C   T C 16  1 -1 -1 -1   -0.800    -0.381118      0.175      0.419     0.817222     0.436104  59  -1   -1.000
1VQB TA62C   T C 16  1 -1 -1 -1   -0.700    -0.647141      0.003      0.053     1.329750     0.682609  61  -1   -1.000
1VQB TA62V   T V 16 17 -1 -1 -1    1.300     1.730517      0.185      0.431     1.329750     3.060267  61  -1   -1.000
1VQB VA19C   V C 17  1 -1 -1 -1   -0.300    -0.736777      0.191      0.437     1.070619     0.333842  14  -1   -1.000
1VQB VA19T   V T 17 16 -1 -1 -1   -0.600    -0.535668      0.004      0.064     1.070619     0.534951  14  -1   -1.000
1VQB YA26R   Y R 19 14 -1 -1 -1   -0.400    -0.593344      0.037      0.193     1.158216     0.564872  23  -1   -1.000
1VQB YA41A   Y A 19  0 -1 -1 -1   -0.400    -0.953484      0.306      0.553     1.357220     0.403736  26  -1   -1.000
1Y9X EA36A   E A  3  0 -1 -1 -1   -3.610    -0.007099     12.981      3.603     0.897076     0.889977  51  -1   -1.000
1Y9X EA36Q   E Q  3 13 -1 -1 -1   -2.720     0.156105      8.272      2.876     0.897076     1.053181  51  -1   -1.000
1Y9X KA40N   K N  8 11 -1 -1 -1   -3.100    -0.190655      8.464      2.909     1.260617     1.069962  63  -1   -1.000
1Y9X KA68A   K A  8  0 -1 -1 -1   -1.030    -0.051414      0.958      0.979     0.743148     0.691733  43  -1   -1.000
1Y9X KA68L   K L  8  9 -1 -1 -1    1.670     0.908573      0.580      0.761     0.743148     1.651720  43  -1   -1.000
1Y9X KA97A   K A  8  0 -1 -1 -1   -1.700    -0.425713      1.624      1.274     0.586015     0.160303  36  -1   -1.000
1Y9X KA97E   K E  8  3 -1 -1 -1   -2.490    -0.222239      5.143      2.268     0.586015     0.363777  36  -1   -1.000
1Y9X RA95Q   R Q 14 13 -1 -1 -1    0.120    -0.240824      0.130      0.361     1.400531     1.159707  52  -1   -1.000
1Y9X VA53E   V E 17  3 -1 -1 -1   -4.800    -1.957048      8.082      2.843     2.372740     0.415692  80  -1   -1.000
1YEA HA33N   H N  6 11 -1 -1 -1   -1.300    -0.676436      0.389      0.624     1.362497     0.686061  53  -1   -1.000
1YEA NA52I   N I 11  7 -1 -1 -1    2.400     0.748765      2.727      1.651     0.848451     1.597216  48  -1   -1.000
1YEA PA25G   P G 12  5 -1 -1 -1   -0.800    -0.301752      0.248      0.498     0.625410     0.323658  33  -1   -1.000
1YEA PA71T   P T 12 16 -1 -1 -1   -0.800    -2.181262      1.908      1.381     2.081852    -0.099410  59  -1   -1.000
1YEA PA76G   P G 12  5 -1 -1 -1   -1.100    -1.340278      0.058      0.240     1.210876    -0.129402  31  -1   -1.000
1YPI CA126A  C A  1  0 -1 -1 -1   -4.900    -2.143264      7.600      2.757     3.169110     1.025845 103  -1   -1.000
2BRD FA42A   F A  4  0 -1 -1 -1   -1.600    -0.338236      1.592      1.262     1.371803     1.033567  79  -1   -1.000
2BRD LA61A   L A  9  0 -1 -1 -1    0.700    -0.338802      1.079      1.039     1.917037     1.578234  72  -1   -1.000
2BRD MA60A   M A 10  0 -1 -1 -1   -0.800    -0.595291      0.042      0.205     2.487833     1.892542  83  -1   -1.000
2BRD PA50A   P A 12  0 -1 -1 -1    0.100     1.903642      3.253      1.804    -0.173679     1.729962  94  -1   -1.000
2BRD SA35A   S A 15  0 -1 -1 -1   -0.300    -0.175105      0.016      0.125    -0.377613    -0.552719  45  -1   -1.000
2BRD TA46A   T A 16  0 -1 -1 -1   -2.200     1.048665     10.554      3.249     0.828951     1.877616  91  -1   -1.000
2BRD TA47A   T A 16  0 -1 -1 -1   -1.000     1.061635      4.250      2.062     0.704288     1.765923  91  -1   -1.000
2BRD VA49A   V A 17  0 -1 -1 -1    0.700    -0.233064      0.871      0.933     2.186544     1.953481  97  -1   -1.000
2BRD YA43A   Y A 19  0 -1 -1 -1   -1.300    -0.493618      0.650      0.806     1.847261     1.353644  76  -1   -1.000
2BRD YA57A   Y A 19  0 -1 -1 -1   -3.700    -0.732708      8.805      2.967     2.780219     2.047511  85  -1   -1.000
2CRK DA122A  D A  2  0 -1 -1 -1   -0.480    -0.242914      0.056      0.237     0.745034     0.502120  51  -1   -1.000
2CRK DA122N  D N  2 11 -1 -1 -1   -1.200     0.000238      1.441      1.200     0.745034     0.745272  51  -1   -1.000
2EWN GA142A  G A  5  0 -1 -1 -1   -2.950    -0.785285      4.686      2.165     0.509309    -0.275976  92  -1   -1.000
2EWN KA283A  K A  8  0 -1 -1 -1   -0.300    -0.464803      0.027      0.165     0.570557     0.105754  39  -1   -1.000
2GNQ DA324E  D E  2  3 -1 -1 -1   -4.140    -0.805742     11.117      3.334     0.227072    -0.578671  51  -1   -1.000
2GNQ WA330F  W F 18  4 -1 -1 -1   -4.500    -1.022609     12.092      3.477     4.123107     3.100497  79  -1   -1.000
2GNQ WA330Y  W Y 18 19 -1 -1 -1   -4.600    -0.530482     16.561      4.070     4.123107     3.592625  79  -1   -1.000
2KJ3 KA229A  K A  8  0 -1 -1 -1    1.500     0.304074      1.430      1.196     0.478548     0.782623  42  -1   -1.000
2KJ3 LA241A  L A  9  0 -1 -1 -1    1.000    -0.785035      3.186      1.785     1.819564     1.034529  59  -1   -1.000
2KJ3 VA239A  V A 17  0 -1 -1 -1    1.000    -2.634069     13.206      3.634     3.392566     0.758496  66  -1   -1.000
2TS1 IA52L   I L  7  9 -1 -1 -1    1.330    -0.567681      3.601      1.898     3.245572     2.677891  93  -1   -1.000
2TS1 LA105V  L V  9 17 -1 -1 -1   -0.650    -0.780623      0.017      0.131     3.273226     2.492603  77  -1   -1.000
2TS1 MA55L   M L 10  9 -1 -1 -1    0.210    -1.062060      1.618      1.272     4.205090     3.143029  94  -1   -1.000
2TS1 TA51P   T P 16 12 -1 -1 -1   -0.680     0.438070      1.250      1.118     0.955273     1.393344  95  -1   -1.000
2W0K HA8P    H P  6 12 -1 -1 -1   -0.600     1.009835      2.592      1.610     0.562845     1.572680  44  -1   -1.000
2W0K HA8S    H S  6 15 -1 -1 -1   -0.600     0.414172      1.029      1.014     0.562845     0.977017  44  -1   -1.000
2W0K PA7S    P S 12 15 -1 -1 -1   -1.500    -1.519970      0.000      0.020     2.434939     0.914969  45  -1   -1.000
2WSY FA22I   F I  4  7 -1 -1 -1   -4.580    -0.298086     18.335      4.282     4.086372     3.788286 102  -1   -1.000
2WSY FA22L   F L  4  9 -1 -1 -1   -1.050    -1.593665      0.296      0.544     4.086372     2.492707 102  -1   -1.000
2WSY FA22V   F V  4 17 -1 -1 -1   -3.440    -0.161276     10.750      3.279     4.086372     3.925097 102  -1   -1.000
2ZTA EA11Q   E Q  3 13 -1 -1 -1   -0.740     0.206861      0.897      0.947     0.590251     0.797112  35  -1   -1.000
2ZTA KA28A   K A  8  0 -1 -1 -1   -0.060     0.224279      0.081      0.284     0.584510     0.808788  23  -1   -1.000
3D3B DA118A  D A  2  0 -1 -1 -1   -0.650    -0.530687      0.014      0.119     0.612063     0.081376  38  -1   -1.000
3D3B DA118E  D E  2  3 -1 -1 -1   -0.600    -0.057860      0.294      0.542     0.612063     0.554202  38  -1   -1.000
3D3B DA118K  D K  2  8 -1 -1 -1   -1.600    -0.316512      1.647      1.283     0.612063     0.295551  38  -1   -1.000
3D3B DA118N  D N  2 11 -1 -1 -1   -1.340    -0.205409      1.287      1.135     0.612063     0.406653  38  -1   -1.000
3D3B DA118R  D R  2 14 -1 -1 -1   -1.410    -0.431365      0.958      0.979     0.612063     0.180698  38  -1   -1.000
3HHR EA74A   E A  3  0 -1 -1 -1   -1.410     0.580664      3.963      1.991     1.050658     1.631323  66  -1   -1.000
3HHR EA74D   E D  3  2 -1 -1 -1   -1.980    -0.257010      2.969      1.723     1.050658     0.793648  66  -1   -1.000
3HHR EA74L   E L  3  9 -1 -1 -1   -1.240     0.671363      3.653      1.911     1.050658     1.722021  66  -1   -1.000
3HHR EA74Q   E Q  3 13 -1 -1 -1   -1.240     0.161174      1.963      1.401     1.050658     1.211832  66  -1   -1.000
3HHR EA74S   E S  3 15 -1 -1 -1   -1.110    -0.322097      0.621      0.788     1.050658     0.728561  66  -1   -1.000
3HHR EA74T   E T  3 16 -1 -1 -1   -1.720    -0.302282      2.010      1.418     1.050658     0.748376  66  -1   -1.000
3HHR SA71A   S A 15  0 -1 -1 -1   -1.260    -0.780397      0.230      0.480     0.874739     0.094342  53  -1   -1.000
3HHR SA71Q   S Q 15 13 -1 -1 -1   -1.460    -0.643021      0.667      0.817     0.874739     0.231719  53  -1   -1.000
3HHR SA71T   S T 15 16 -1 -1 -1   -0.720     0.116512      0.700      0.837     0.874739     0.991251  53  -1   -1.000
3HHR SA71V   S V 15 17 -1 -1 -1   -1.320    -1.303552      0.000      0.016     0.874739    -0.428813  53  -1   -1.000
3O39 LA32P   L P  9 12 -1 -1 -1   -3.250    -1.466542      3.181      1.783     0.858288    -0.608254  38  -1   -1.000
3O39 QA49L   Q L 13  9 -1 -1 -1   -0.050     1.546397      2.548      1.596     0.210770     1.757167  39  -1   -1.000
3R2P SA55P   S P 15 12 -1 -1 -1   -0.200     0.006390      0.043      0.206     0.630499     0.636889  36  -1   -1.000
3X3U EA59K   E K  3  8 -1 -1 -1    3.920     0.016225     15.239      3.904     0.599894     0.616119  57  -1   -1.000
3X3U EA59L   E L  3  9 -1 -1 -1    2.890     0.502253      5.701      2.388     0.599894     1.102147  57  -1   -1.000
3X3U YA86D   Y D 19  2 -1 -1 -1   -6.380    -1.522043     23.600      4.858     1.681289     0.159245  54  -1   -1.000
4HXJ AA121G  A G  0  5 -1 -1 -1   -0.920    -1.267338      0.121      0.347     1.681261     0.413923  61  -1   -1.000
4HXJ AA138G  A G  0  5 -1 -1 -1   -0.530    -0.550394      0.000      0.020     0.822729     0.272335  43  -1   -1.000
4HXJ AA88G   A G  0  5 -1 -1 -1   -1.000    -2.545740      2.389      1.546     2.218627    -0.327112  50  -1   -1.000
4HXJ DA141A  D A  2  0 -1 -1 -1    0.130     0.030640      0.010      0.099     0.389289     0.419929  25  -1   -1.000
4HXJ DA91A   D A  2  0 -1 -1 -1   -0.430    -0.174010      0.066      0.256     0.787646     0.613636  39  -1   -1.000
4HXJ DA99A   D A  2  0 -1 -1 -1   -0.560     0.141664      0.492      0.702     0.436930     0.578594  46  -1   -1.000
4HXJ EA106A  E A  3  0 -1 -1 -1   -1.940    -0.051656      3.566      1.888     0.993413     0.941756  46  -1   -1.000
4HXJ FA102A  F A  4  0 -1 -1 -1   -1.970    -2.691618      0.521      0.722     3.381997     0.690379  48  -1   -1.000
4HXJ FA86A   F A  4  0 -1 -1 -1   -0.840    -1.989367      1.321      1.149     3.328300     1.338933  50  -1   -1.000
4HXJ FA86I   F I  4  7 -1 -1 -1   -1.650    -0.782677      0.752      0.867     3.328300     2.545624  50  -1   -1.000
4HXJ GA105A  G A  5  0 -1 -1 -1   -1.660    -1.165477      0.245      0.495     1.364019     0.198542  38  -1   -1.000
4HXJ GA127A  G A  5  0 -1 -1 -1   -1.210    -1.407514      0.039      0.198     0.785619    -0.621895  35  -1   -1.000
4HXJ GA130A  G A  5  0 -1 -1 -1   -1.810    -0.647427      1.352      1.163     0.980693     0.333266  51  -1   -1.000
4HXJ HA122A  H A  6  0 -1 -1 -1   -0.620    -0.148145      0.223      0.472     1.352514     1.204369  52  -1   -1.000
4HXJ IA110A  I A  7  0 -1 -1 -1   -0.320    -1.674611      1.835      1.355     2.700523     1.025912  51  -1   -1.000
4HXJ IA110V  I V  7 17 -1 -1 -1   -0.090     0.004647      0.009      0.095     2.700523     2.705169  51  -1   -1.000
4HXJ IA132A  I A  7  0 -1 -1 -1   -1.840    -2.286705      0.200      0.447     3.136490     0.849784  60  -1   -1.000
4HXJ KA103A  K A  8  0 -1 -1 -1   -0.440    -0.729563      0.084      0.290     1.219966     0.490403  42  -1   -1.000
4HXJ KA104A  K A  8  0 -1 -1 -1   -0.090     0.150665      0.058      0.241     1.309128     1.459793  38  -1   -1.000
4HXJ LA100A  L A  9  0 -1 -1 -1   -1.790    -2.391663      0.362      0.602     3.004159     0.612496  52  -1   -1.000
4HXJ LA108A  L A  9  0 -1 -1 -1   -2.260    -2.142081      0.014      0.118     3.022786     0.880705  52  -1   -1.000
4HXJ LA108V  L V  9 17 -1 -1 -1   -1.210     0.480326      2.857      1.690     3.022786     3.503113  52  -1   -1.000
4HXJ LA124A  L A  9  0 -1 -1 -1   -0.610    -0.964926      0.126      0.355     1.642941     0.678015  41  -1   -1.000
4HXJ LA89A   L A  9  0 -1 -1 -1   -1.490    -1.889749      0.160      0.400     2.550314     0.660565  41  -1   -1.000
4HXJ NA113A  N A 11  0 -1 -1 -1    0.070     0.454654      0.148      0.385    -0.069968     0.384685  40  -1   -1.000
4HXJ NA135A  N A 11  0 -1 -1 -1   -0.140    -0.436048      0.088      0.296     1.467597     1.031549  49  -1   -1.000
4HXJ PA133A  P A 12  0 -1 -1 -1   -1.360    -1.174468      0.034      0.186     2.018819     0.844351  55  -1   -1.000
4HXJ PA139A  P A 12  0 -1 -1 -1   -0.140    -0.961145      0.674      0.821     1.562725     0.601580  38  -1   -1.000
4HXJ QA109A  Q A 13  0 -1 -1 -1   -0.210    -0.639165      0.184      0.429     1.211907     0.572742  49  -1   -1.000
4HXJ QA128A  Q A 13  0 -1 -1 -1   -0.350    -0.046360      0.092      0.304     1.033680     0.987320  40  -1   -1.000
4HXJ RA107A  R A 14  0 -1 -1 -1   -0.320    -0.773623      0.206      0.454     1.766753     0.993130  48  -1   -1.000
4HXJ RA95A   R A 14  0 -1 -1 -1   -0.070     0.019122      0.008      0.089     0.493769     0.512891  27  -1   -1.000
4HXJ SA101A  S A 15  0 -1 -1 -1   -0.820    -0.191728      0.395      0.628     1.104792     0.913065  45  -1   -1.000
4HXJ SA123A  S A 15  0 -1 -1 -1   -1.460    -0.405020      1.113      1.055     0.835282     0.430262  50  -1   -1.000
4HXJ SA125A  S A 15  0 -1 -1 -1    0.180     0.264714      0.007      0.085     0.419395     0.684109  36  -1   -1.000
4HXJ SA134A  S A 15  0 -1 -1 -1    0.240     0.288162      0.002      0.048     1.092896     1.381058  53  -1   -1.000
4HXJ SA140A  S A 15  0 -1 -1 -1    0.440     0.223318      0.047      0.217     0.503498     0.726816  35  -1   -1.000
4HXJ SA94A   S A 15  0 -1 -1 -1    0.520     0.787883      0.072      0.268     0.334920     1.122804  38  -1   -1.000
4HXJ TA126A  T A 16  0 -1 -1 -1   -1.790    -0.608161      1.397      1.182     0.771025     0.162864  33  -1   -1.000
4HXJ TA129A  T A 16  0 -1 -1 -1   -1.110    -0.543840      0.321      0.566     1.096420     0.552580  46  -1   -1.000
4HXJ TA85A   T A 16  0 -1 -1 -1   -0.640    -0.104170      0.287      0.536     0.916478     0.812308  45  -1   -1.000
4HXJ TA96A   T A 16  0 -1 -1 -1    0.060    -0.161382      0.049      0.221     0.488523     0.327141  25  -1   -1.000
4HXJ TA98A   T A 16  0 -1 -1 -1   -0.010    -0.777865      0.590      0.768     0.595436    -0.182429  32  -1   -1.000
4HXJ VA111A  V A 17  0 -1 -1 -1   -0.770     0.459400      1.511      1.229     0.117273     0.576673  41  -1   -1.000
4HXJ VA137A  V A 17  0 -1 -1 -1   -1.180    -2.204300      1.049      1.024     3.088928     0.884627  51  -1   -1.000
4HXJ VA87A   V A 17  0 -1 -1 -1   -1.640    -2.019051      0.144      0.379     2.923414     0.904363  48  -1   -1.000
4HXJ YA136A  Y A 19  0 -1 -1 -1    0.230    -2.335809      6.583      2.566     3.202345     0.866536  52  -1   -1.000
4HXJ YA90A   Y A 19  0 -1 -1 -1   -0.310    -1.948062      2.683      1.638     2.942413     0.994350  36  -1   -1.000
4HXJ YA92A   Y A 19  0 -1 -1 -1    0.260    -3.046792     10.935      3.307     3.671907     0.625116  45  -1   -1.000
4HXJ YA92F   Y F 19  4 -1 -1 -1   -0.180    -1.032767      0.727      0.853     3.671907     2.639140  45  -1   -1.000
4YEE VA134T  V T 17 16 -1 -1 -1   -0.710    -0.958604      0.062      0.249     1.857018     0.898414  52  -1   -1.000
4YEF TA134V  T V 16 17 -1 -1 -1   -0.930     1.290880      4.932      2.221     0.935386     2.226266  52  -1   -1.000
5AZU AA82G   A G  0  5 -1 -1 -1   -1.670    -1.465675      0.042      0.204     2.115307     0.649632  77  -1   -1.000
5AZU CA112A  C A  1  0 -1 -1 -1   -3.350    -1.479756      3.498      1.870     2.554331     1.074574  95  -1   -1.000
5AZU CA3S    C S  1 15 -1 -1 -1   -5.470    -0.497436     24.726      4.973     0.961792     0.464356  37  -1   -1.000
5AZU FA110A  F A  4  0 -1 -1 -1   -3.350    -2.408178      0.887      0.942     3.793768     1.385590  91  -1   -1.000
5AZU FA110S  F S  4 15 -1 -1 -1   -4.600    -3.038274      2.439      1.562     3.793768     0.755494  91  -1   -1.000
5AZU FA97A   F A  4  0 -1 -1 -1   -2.390    -1.777141      0.376      0.613     3.199667     1.422526  54  -1   -1.000
5AZU IA20A   I A  7  0 -1 -1 -1   -2.390    -2.472306      0.007      0.082     3.493994     1.021688  65  -1   -1.000
5AZU IA20T   I T  7 16 -1 -1 -1   -2.390    -3.274816      0.783      0.885     3.493994     0.219178  65  -1   -1.000
5AZU IA20V   I V  7 17 -1 -1 -1   -0.380    -0.934669      0.308      0.555     3.493994     2.559325  65  -1   -1.000
5AZU IA7A    I A  7  0 -1 -1 -1   -3.110    -2.420556      0.475      0.689     3.622040     1.201484  67  -1   -1.000
5AZU IA81A   I A  7  0 -1 -1 -1   -2.390    -2.149635      0.058      0.240     2.788785     0.639150  66  -1   -1.000
5AZU IA81T   I T  7 16 -1 -1 -1   -2.510    -2.281919      0.052      0.228     2.788785     0.506865  66  -1   -1.000
5AZU IA81V   I V  7 17 -1 -1 -1   -0.070    -1.489630      2.015      1.420     2.788785     1.299155  66  -1   -1.000
5AZU LA125A  L A  9  0 -1 -1 -1   -0.720    -1.937373      1.482      1.217     3.013813     1.076440  71  -1   -1.000
5AZU LA33A   L A  9  0 -1 -1 -1   -1.670    -1.987543      0.101      0.318     3.266463     1.278921  70  -1   -1.000
5AZU LA50A   L A  9  0 -1 -1 -1   -1.790    -1.786285      0.000      0.004     3.026915     1.240630  89  -1   -1.000
5AZU LA50T   L T  9 16 -1 -1 -1   -2.340    -2.010705      0.108      0.329     3.026915     1.016211  89  -1   -1.000
5AZU LA50V   L V  9 17 -1 -1 -1   -0.360     0.262569      0.388      0.623     3.026915     3.289485  89  -1   -1.000
5AZU MA121A  M A 10  0 -1 -1 -1   -2.870    -2.522587      0.121      0.347     3.453478     0.930891  75  -1   -1.000
5AZU VA22A   V A 17  0 -1 -1 -1   -1.430    -1.933507      0.254      0.504     3.056046     1.122539  54  -1   -1.000
5AZU VA22T   V T 17 16 -1 -1 -1   -0.960    -2.567654      2.585      1.608     3.056046     0.488392  54  -1   -1.000
5AZU VA31A   V A 17  0 -1 -1 -1   -1.670    -3.025944      1.839      1.356     4.115850     1.089906  68  -1   -1.000
5AZU VA31T   V T 17 16 -1 -1 -1   -1.080    -3.371363      5.250      2.291     4.115850     0.744487  68  -1   -1.000
5AZU VA5A    V A 17  0 -1 -1 -1   -0.960    -1.528967      0.324      0.569     2.591205     1.062238  56  -1   -1.000
5AZU VA95A   V A 17  0 -1 -1 -1   -0.960    -1.771489      0.659      0.811     2.965683     1.194194  56  -1   -1.000
5AZU VA95T   V T 17 16 -1 -1 -1    0.960    -2.356096     10.996      3.316     2.965683     0.609587  56  -1   -1.000
5AZU WA48A   W A 18  0 -1 -1 -1   -3.350    -2.991237      0.129      0.359     3.917371     0.926134  98  -1   -1.000
5AZU YA108A  Y A 19  0 -1 -1 -1   -3.590    -2.653651      0.877      0.936     3.653088     0.999437  67  -1   -1.000
5CG0 AA263F  A F  0  4 -1 -1 -1   -0.430     0.075647      0.256      0.506     1.560885     1.636532  58  -1   -1.000
5CG0 DA260A  D A  2  0 -1 -1 -1   -0.670     0.150803      0.674      0.821     0.699064     0.849868  45  -1   -1.000
5CG0 EA261A  E A  3  0 -1 -1 -1    0.530     0.249767      0.079      0.280     0.609854     0.859621  44  -1   -1.000
5CG0 EA265A  E A  3  0 -1 -1 -1    0.430     0.244940      0.034      0.185     0.808949     1.053889  69  -1   -1.000
5CG0 FA251A  F A  4  0 -1 -1 -1   -0.670    -1.693999      1.049      1.024     3.060162     1.366163  79  -1   -1.000
5CG0 FA334A  F A  4  0 -1 -1 -1   -1.110    -1.656555      0.299      0.547     2.452214     0.795659  72  -1   -1.000
5CG0 KA366A  K A  8  0 -1 -1 -1   -1.250    -0.501215      0.561      0.749     0.702181     0.200967  51  -1   -1.000
5CG0 LA100A  L A  9  0 -1 -1 -1    0.810    -3.257730     16.546      4.068     4.152750     0.895020 111  -1   -1.000
5CG0 LA335A  L A  9  0 -1 -1 -1   -0.840    -0.800281      0.002      0.040     1.348897     0.548616  65  -1   -1.000
5CG0 LA350A  L A  9  0 -1 -1 -1   -0.700    -1.313888      0.377      0.614     2.096080     0.782192  84  -1   -1.000
5CG0 LA389A  L A  9  0 -1 -1 -1    0.670    -1.197862      3.489      1.868     1.401401     0.203539  65  -1   -1.000
5CG0 MA262F  M F 10  4 -1 -1 -1    0.530    -0.408513      0.881      0.939     1.226707     0.818194  49  -1   -1.000
5CG0 NA249A  N A 11  0 -1 -1 -1   -0.940    -0.511682      0.183      0.428     1.614464     1.102782  94  -1   -1.000
5CG0 SA247A  S A 15  0 -1 -1 -1   -0.050     0.064694      0.013      0.115     0.837202     0.901895  99  -1   -1.000
5CG0 SA337F  S F 15  4 -1 -1 -1   -0.750    -0.126537      0.389      0.623     0.661347     0.534810  48  -1   -1.000
5CG0 SA358A  S A 15  0 -1 -1 -1   -0.630    -0.320874      0.096      0.309     0.168776    -0.152098  64  -1   -1.000
5CG0 VA336F  V F 17  4 -1 -1 -1   -2.140    -0.625469      2.294      1.515     2.815966     2.190497  63  -1   -1.000
5CG0 YA390A  Y A 19  0 -1 -1 -1   -0.340    -3.119038      7.723      2.779     3.416762     0.297724  62  -1   -1.000
5CG0 YA420A  Y A 19  0 -1 -1 -1   -1.420    -2.136911      0.514      0.717     3.705787     1.568876  86  -1   -1.000
5CRO YO26C   Y C 19  1 -1 -1 -1    2.200    -0.643712      8.087      2.844     0.903047     0.259335  32  -1   -1.000
5CRO YO26D   Y D 19  2 -1 -1 -1    2.700    -0.184576      8.321      2.885     0.903047     0.718470  32  -1   -1.000
5CRO YO26F   Y F 19  4 -1 -1 -1    0.400    -0.665086      1.134      1.065     0.903047     0.237961  32  -1   -1.000
5CRO YO26H   Y H 19  6 -1 -1 -1    1.900    -0.107611      4.031      2.008     0.903047     0.795436  32  -1   -1.000
5CRO YO26L   Y L 19  9 -1 -1 -1    1.100    -0.789083      3.569      1.889     0.903047     0.113964  32  -1   -1.000
5CRO YO26Q   Y Q 19 13 -1 -1 -1    1.400    -0.141335      2.376      1.541     0.903047     0.761712  32  -1   -1.000
5CRO YO26V   Y V 19 17 -1 -1 -1    0.900    -0.460441      1.851      1.360     0.903047     0.442606  32  -1   -1.000
5CRO YO26W   Y W 19 18 -1 -1 -1   -0.100    -0.434704      0.112      0.335     0.903047     0.468343  32  -1   -1.000
5EMZ AA28G   A G  0  5 -1 -1 -1   -0.520    -1.250996      0.534      0.731     1.499053     0.248056  49  -1   -1.000
5EMZ DA21N   D N  2 11 -1 -1 -1   -0.850    -0.976267      0.016      0.126     0.958137    -0.018130  46  -1   -1.000
5EMZ IA13A   I A  7  0 -1 -1 -1   -3.400    -1.596667      3.252      1.803     2.551847     0.955181  41  -1   -1.000
5EMZ IA13V   I V  7 17 -1 -1 -1   -1.160    -0.326427      0.695      0.834     2.551847     2.225420  41  -1   -1.000
5EMZ IA23A   I A  7  0 -1 -1 -1   -2.780    -2.805653      0.001      0.026     3.945413     1.139760  61  -1   -1.000
5EMZ IA23G   I G  7  5 -1 -1 -1   -3.580    -4.038839      0.211      0.459     3.945413    -0.093426  61  -1   -1.000
5EMZ IA23V   I V  7 17 -1 -1 -1   -0.450    -1.434905      0.970      0.985     3.945413     2.510508  61  -1   -1.000
5EMZ IA30A   I A  7  0 -1 -1 -1   -3.220    -2.428990      0.626      0.791     3.614852     1.185862  55  -1   -1.000
5EMZ IA30V   I V  7 17 -1 -1 -1   -1.210    -1.098538      0.012      0.111     3.614852     2.516314  55  -1   -1.000
5EMZ IA3A    I A  7  0 -1 -1 -1   -3.180    -2.823459      0.127      0.357     3.520810     0.697351  51  -1   -1.000
5EMZ IA3V    I V  7 17 -1 -1 -1   -1.180    -0.977784      0.041      0.202     3.520810     2.543026  51  -1   -1.000
5EMZ IA61A   I A  7  0 -1 -1 -1   -3.230    -2.475595      0.569      0.754     3.439838     0.964243  47  -1   -1.000
5EMZ IA61V   I V  7 17 -1 -1 -1   -1.120    -1.188088      0.005      0.068     3.439838     2.251750  47  -1   -1.000
5EMZ KA27A   K A  8  0 -1 -1 -1   -2.560    -0.156039      5.779      2.404     1.517984     1.361945  62  -1   -1.000
5EMZ LA15A   L A  9  0 -1 -1 -1   -3.850    -2.261048      2.525      1.589     3.361769     1.100721  50  -1   -1.000
5EMZ LA43A   L A  9  0 -1 -1 -1   -4.360    -2.939831      2.017      1.420     4.129248     1.189416  69  -1   -1.000
5EMZ LA50A   L A  9  0 -1 -1 -1   -2.730    -2.150603      0.336      0.579     3.222307     1.071704  50  -1   -1.000
5EMZ LA56A   L A  9  0 -1 -1 -1   -4.050    -2.668592      1.908      1.381     3.719876     1.051283  50  -1   -1.000
5EMZ LA67A   L A  9  0 -1 -1 -1   -2.570    -2.225693      0.119      0.344     3.636470     1.410777  66  -1   -1.000
5EMZ LA69A   L A  9  0 -1 -1 -1   -3.050    -2.404047      0.417      0.646     3.689741     1.285694  60  -1   -1.000
5EMZ QA41A   Q A 13  0 -1 -1 -1   -1.460    -0.244863      1.477      1.215     1.489828     1.244965  55  -1   -1.000
5EMZ TA22A   T A 16  0 -1 -1 -1   -1.740    -1.200593      0.291      0.539     1.559816     0.359223  50  -1   -1.000
5EMZ TA7A    T A 16  0 -1 -1 -1   -1.370    -0.074166      1.679      1.296     0.901167     0.827001  46  -1   -1.000
5EMZ TA9A    T A 16  0 -1 -1 -1    0.060    -0.425114      0.235      0.485     0.375642    -0.049472  26  -1   -1.000
5EMZ VA17A   V A 17  0 -1 -1 -1   -1.650    -2.566450      0.840      0.916     3.785374     1.218924  50  -1   -1.000
5EMZ VA26A   V A 17  0 -1 -1 -1   -3.370    -2.265008      1.221      1.105     3.632918     1.367910  64  -1   -1.000
5EMZ VA5A    V A 17  0 -1 -1 -1   -2.410    -3.455015      1.092      1.045     4.696266     1.241251  64  -1   -1.000
