1AMQ CA191Y  C Y  1 19 -1 -1 -1   -2.300    -3.187536      0.788      0.888     2.414049    -0.773486  93  -1   -1.000
1AMQ CA191F  C F  1  4 -1 -1 -1   -1.600    -2.529251      0.864      0.929     2.414049    -0.115202  93  -1   -1.000
1AMQ CA191W  C W  1 18 -1 -1 -1   -3.900    -2.240755      2.753      1.659     2.414049     0.173294  93  -1   -1.000
1AMQ CA191S  C S  1 15 -1 -1 -1   -1.900    -1.987400      0.008      0.087     2.414049     0.426650  93  -1   -1.000
1BNI FA7L    F L  4  9 -1 -1 -1   -4.100    -0.564230     12.502      3.536     1.961957     1.397727  59  -1   -1.000
1BNI LA14A   L A  9  0 -1 -1 -1   -4.500    -0.861060     13.242      3.639     2.212858     1.351799  52  -1   -1.000
1BNI TA26A   T A 16  0 -1 -1 -1   -1.700    -0.334566      1.864      1.365     1.017379     0.682813  56  -1   -1.000
1BNI IA51V   I V  7 17 -1 -1 -1   -1.100    -0.869056      0.053      0.231     2.481483     1.612427  71  -1   -1.000
1BNI IA76A   I A  7  0 -1 -1 -1   -1.700    -1.396477      0.092      0.304     2.535228     1.138752  67  -1   -1.000
1BNI IA76V   I V  7 17 -1 -1 -1   -1.000    -0.786061      0.046      0.214     2.535228     1.749167  67  -1   -1.000
1BNI YA78F   Y F 19  4 -1 -1 -1   -1.100    -1.197638      0.010      0.098     1.880992     0.683354  58  -1   -1.000
1BNI IA88A   I A  7  0 -1 -1 -1   -4.000    -2.080788      3.683      1.919     3.073967     0.993179  75  -1   -1.000
1BNI IA88V   I V  7 17 -1 -1 -1   -1.600     0.183867      3.182      1.784     3.073967     3.257834  75  -1   -1.000
1BNI LA89V   L V  9 17 -1 -1 -1   -0.500     0.998991      2.247      1.499     2.143431     3.142421  76  -1   -1.000
1BNI SA91A   S A 15  0 -1 -1 -1   -1.800    -0.348466      2.107      1.452     0.823421     0.474956  54  -1   -1.000
1BNI IA96A   I A  7  0 -1 -1 -1   -3.200    -2.412867      0.620      0.787     3.445701     1.032835  63  -1   -1.000
1BNI IA96V   I V  7 17 -1 -1 -1   -0.900    -0.086523      0.662      0.813     3.445701     3.359178  63  -1   -1.000
1CEY DA12A   D A  2  0 -1 -1 -1    2.500    -0.210665      7.348      2.711     0.923605     0.712940  64  -1   -1.000
1CEY DA13A   D A  2  0 -1 -1 -1    2.700    -0.336628      9.221      3.037     0.861064     0.524436  48  -1   -1.000
1CEY DA57A   D A  2  0 -1 -1 -1    3.300    -0.067724     11.342      3.368     0.812855     0.745132  72  -1   -1.000
1EY0 TA22C   T C 16  1 -1 -1 -1   -0.900    -1.114891      0.046      0.215     1.133809     0.018919  80  -1   -1.000
1EY0 TA22V   T V 16 17 -1 -1 -1   -0.900     0.889224      3.201      1.789     1.133809     2.023033  80  -1   -1.000
1EY0 VA23L   V L 17  9 -1 -1 -1   -0.100    -1.158753      1.121      1.059     3.170191     2.011438  79  -1   -1.000
1EY0 LA25I   L I  9  7 -1 -1 -1   -1.700     0.600862      5.294      2.301     2.855445     3.456307  61  -1   -1.000
1EY0 TA33V   T V 16 17 -1 -1 -1    0.400     1.505603      1.222      1.106     1.172468     2.678071  57  -1   -1.000
1EY0 TA41C   T C 16  1 -1 -1 -1    0.600     0.248835      0.123      0.351     0.749824     0.998659  73  -1   -1.000
1EY0 TA41I   T I 16  7 -1 -1 -1    0.700     1.241636      0.293      0.542     0.749824     1.991460  73  -1   -1.000
1EY0 TA41S   T S 16 15 -1 -1 -1   -1.100    -0.183470      0.840      0.917     0.749824     0.566355  73  -1   -1.000
1EY0 TA41V   T V 16 17 -1 -1 -1    0.800     0.872984      0.005      0.073     0.749824     1.622809  73  -1   -1.000
1EY0 TA44V   T V 16 17 -1 -1 -1    0.100     0.107742      0.000      0.008     0.112705     0.220446  41  -1   -1.000
1EY0 SA59A   S A 15  0 -1 -1 -1    0.500     0.789459      0.084      0.289     0.460858     1.250318  64  -1   -1.000
1EY0 TA62S   T S 16 15 -1 -1 -1   -2.100    -0.269236      3.352      1.831     0.592608     0.323371  75  -1   -1.000
1EY0 TA62V   T V 16 17 -1 -1 -1   -0.200     2.103806      5.308      2.304     0.592608     2.696414  75  -1   -1.000
1EY0 VA66I   V I 17  7 -1 -1 -1   -1.000     0.634960      2.673      1.635     2.329606     2.964566  63  -1   -1.000
1EY0 VA66L   V L 17  9 -1 -1 -1   -0.300     0.564838      0.748      0.865     2.329606     2.894444  63  -1   -1.000
1EY0 VA66K   V K 17  8 -1 -1 -1   -7.500    -1.978659     30.485      5.521     2.329606     0.350947  63  -1   -1.000
1EY0 IA72L   I L  7  9 -1 -1 -1   -0.200    -0.658797      0.210      0.459     3.664114     3.005317  59  -1   -1.000
1EY0 IA72V   I V  7 17 -1 -1 -1   -1.200    -0.120871      1.165      1.079     3.664114     3.543242  59  -1   -1.000
1EY0 TA82S   T S 16 15 -1 -1 -1   -0.700    -0.371478      0.108      0.329     0.542019     0.170541  44  -1   -1.000
1EY0 IA92V   I V  7 17 -1 -1 -1   -0.400    -0.831799      0.186      0.432     3.805600     2.973801  87  -1   -1.000
1EY0 KA116G  K G  8  5 -1 -1 -1    1.000    -0.201843      1.444      1.202     0.382161     0.180318  32  -1   -1.000
1EY0 PA117A  P A 12  0 -1 -1 -1    0.800    -0.837550      2.682      1.638     1.059318     0.221768  34  -1   -1.000
1EY0 PA117G  P G 12  5 -1 -1 -1    0.900    -1.332054      4.982      2.232     1.059318    -0.272736  34  -1   -1.000
1EY0 PA117T  P T 12 16 -1 -1 -1    1.100    -1.242335      5.487      2.342     1.059318    -0.183017  34  -1   -1.000
1EY0 TA120C  T C 16  1 -1 -1 -1   -1.700    -0.444414      1.576      1.256     0.451660     0.007246  45  -1   -1.000
1EY0 TA120S  T S 16 15 -1 -1 -1   -0.600     0.031650      0.399      0.632     0.451660     0.483310  45  -1   -1.000
1EY0 TA120V  T V 16 17 -1 -1 -1   -1.800    -0.243789      2.422      1.556     0.451660     0.207871  45  -1   -1.000
1EY0 SA128A  S A 15  0 -1 -1 -1    0.700     0.994886      0.087      0.295     0.457025     1.451911  48  -1   -1.000
1IHB FA71N   F N  4 11 -1 -1 -1    0.700    -1.534097      4.991      2.234     2.017109     0.483011  58  -1   -1.000
1IHB FA82Q   F Q  4 13 -1 -1 -1   -0.400    -0.726794      0.107      0.327     2.065623     1.338829  60  -1   -1.000
1IHB FA92N   F N  4 11 -1 -1 -1   -1.100    -0.928847      0.029      0.171     1.904040     0.975193  48  -1   -1.000
1IOB TA9G    T G 16  5 -1 -1 -1   -2.600    -0.960891      2.687      1.639     1.189982     0.229091  71  -1   -1.000
1L63 MA6A    M A 10  0 -1 -1 -1   -1.900    -2.113059      0.045      0.213     3.596735     1.483676  59  -1   -1.000
1L63 MA6L    M L 10  9 -1 -1 -1   -2.800    -1.424446      1.892      1.376     3.596735     2.172289  59  -1   -1.000
1L63 EA11H   E H  3  6 -1 -1 -1    0.100    -0.299383      0.160      0.399     1.089780     0.790397  69  -1   -1.000
1L63 EA11N   E N  3 11 -1 -1 -1   -0.100    -0.662104      0.316      0.562     1.089780     0.427675  69  -1   -1.000
1L63 IA17A   I A  7  0 -1 -1 -1   -2.700    -2.324220      0.141      0.376     3.300999     0.976779  55  -1   -1.000
1L63 DA20A   D A  2  0 -1 -1 -1   -0.300    -0.565708      0.071      0.266     0.881494     0.315786  56  -1   -1.000
1L63 DA20N   D N  2 11 -1 -1 -1    1.300     0.112687      1.410      1.187     0.881494     0.994181  56  -1   -1.000
1L63 DA20S   D S  2 15 -1 -1 -1    0.700    -0.591384      1.668      1.291     0.881494     0.290110  56  -1   -1.000
1L63 IA27A   I A  7  0 -1 -1 -1   -3.100    -3.321632      0.049      0.222     4.528900     1.207267  66  -1   -1.000
1L63 IA27M   I M  7 10 -1 -1 -1   -3.100    -2.580514      0.270      0.519     4.528900     1.948386  66  -1   -1.000
1L63 IA29A   I A  7  0 -1 -1 -1   -2.600    -4.452271      3.431      1.852     4.312904    -0.139367  65  -1   -1.000
1L63 SA38N   S N 15 11 -1 -1 -1   -0.010    -0.213909      0.042      0.204     0.784067     0.570158  29  -1   -1.000
1L63 AA41S   A S  0 15 -1 -1 -1   -0.600    -0.833259      0.054      0.233     1.210813     0.377554  36  -1   -1.000
1L63 AA42V   A V  0 17 -1 -1 -1   -2.700     0.075589      7.704      2.776     1.832933     1.908522  45  -1   -1.000
1L63 AA42S   A S  0 15 -1 -1 -1   -2.300    -1.580361      0.518      0.720     1.832933     0.252572  45  -1   -1.000
1L63 KA43A   K A  8  0 -1 -1 -1   -1.000     0.024891      1.050      1.025     1.257606     1.282498  45  -1   -1.000
1L63 SA44A   S A 15  0 -1 -1 -1    0.300     0.174761      0.016      0.125     0.772370     0.947131  39  -1   -1.000
1L63 SA44I   S I 15  7 -1 -1 -1    0.300    -0.114359      0.172      0.414     0.772370     0.658010  39  -1   -1.000
1L63 SA44L   S L 15  9 -1 -1 -1    0.400    -0.103417      0.253      0.503     0.772370     0.668953  39  -1   -1.000
1L63 SA44K   S K 15  8 -1 -1 -1    0.200     0.080961      0.014      0.119     0.772370     0.853331  39  -1   -1.000
1L63 SA44E   S E 15  3 -1 -1 -1    0.001     0.000367      0.000      0.001     0.772370     0.772736  39  -1   -1.000
1L63 SA44G   S G 15  5 -1 -1 -1   -0.500    -0.554050      0.003      0.054     0.772370     0.218319  39  -1   -1.000
1L63 SA44R   S R 15 14 -1 -1 -1    0.200     0.476942      0.077      0.277     0.772370     1.249311  39  -1   -1.000
1L63 SA44N   S N 15 11 -1 -1 -1   -0.100    -0.175363      0.006      0.075     0.772370     0.597006  39  -1   -1.000
1L63 SA44F   S F 15  4 -1 -1 -1    0.100     0.063516      0.001      0.036     0.772370     0.835886  39  -1   -1.000
1L63 SA44P   S P 15 12 -1 -1 -1   -3.000    -1.337427      2.764      1.663     0.772370    -0.565058  39  -1   -1.000
1L63 SA44T   S T 15 16 -1 -1 -1    0.010    -0.279353      0.084      0.289     0.772370     0.493016  39  -1   -1.000
1L63 SA44V   S V 15 17 -1 -1 -1    0.100     0.073618      0.001      0.026     0.772370     0.845987  39  -1   -1.000
1L63 LA46A   L A  9  0 -1 -1 -1   -1.900    -1.828632      0.005      0.071     3.199977     1.371346  54  -1   -1.000
1L63 DA47A   D A  2  0 -1 -1 -1   -1.000     0.392500      1.939      1.393     0.686601     1.079101  45  -1   -1.000
1L63 AA49S   A S  0 15 -1 -1 -1   -0.500    -1.220865      0.520      0.721     1.427036     0.206171  51  -1   -1.000
1L63 IA50A   I A  7  0 -1 -1 -1   -2.000    -1.651421      0.122      0.349     2.399606     0.748185  44  -1   -1.000
1L63 IA50M   I M  7 10 -1 -1 -1   -0.400    -1.218620      0.670      0.819     2.399606     1.180986  44  -1   -1.000
1L63 IA58A   I A  7  0 -1 -1 -1   -3.200    -2.262151      0.880      0.938     2.845568     0.583417  46  -1   -1.000
1L63 IA58T   I T  7 16 -1 -1 -1   -3.400    -2.602013      0.637      0.798     2.845568     0.243555  46  -1   -1.000
1L63 TA59A   T A 16  0 -1 -1 -1   -1.500    -0.776796      0.523      0.723     1.249467     0.472671  38  -1   -1.000
1L63 TA59D   T D 16  2 -1 -1 -1   -1.200    -0.454436      0.556      0.746     1.249467     0.795031  38  -1   -1.000
1L63 TA59G   T G 16  5 -1 -1 -1   -1.600    -0.657541      0.888      0.942     1.249467     0.591926  38  -1   -1.000
1L63 TA59N   T N 16 11 -1 -1 -1   -1.100    -0.288268      0.659      0.812     1.249467     0.961199  38  -1   -1.000
1L63 TA59S   T S 16 15 -1 -1 -1   -0.200    -0.426216      0.051      0.226     1.249467     0.823251  38  -1   -1.000
1L63 TA59V   T V 16 17 -1 -1 -1   -1.500    -0.978854      0.272      0.521     1.249467     0.270613  38  -1   -1.000
1L63 LA66M   L M  9 10 -1 -1 -1   -1.000    -0.813851      0.035      0.186     2.541007     1.727155  63  -1   -1.000
1L63 FA67A   F A  4  0 -1 -1 -1   -1.900    -1.918786      0.000      0.019     2.823890     0.905104  63  -1   -1.000
1L63 DA72P   D P  2 12 -1 -1 -1   -2.700    -1.118983      2.500      1.581     0.680471    -0.438513  49  -1   -1.000
1L63 AA73S   A S  0 15 -1 -1 -1   -0.400    -1.012340      0.375      0.612     1.342677     0.330337  48  -1   -1.000
1L63 VA75T   V T 17 16 -1 -1 -1   -1.300    -1.964721      0.442      0.665     2.435076     0.470355  55  -1   -1.000
1L63 IA78A   I A  7  0 -1 -1 -1   -1.200    -2.718162      2.305      1.518     3.876960     1.158799  53  -1   -1.000
1L63 IA78M   I M  7 10 -1 -1 -1   -1.500    -1.213095      0.082      0.287     3.876960     2.663866  53  -1   -1.000
1L63 IA78V   I V  7 17 -1 -1 -1   -0.800    -1.386659      0.344      0.587     3.876960     2.490301  53  -1   -1.000
1L63 AA82S   A S  0 15 -1 -1 -1   -0.300    -0.570980      0.073      0.271     1.227337     0.656357  37  -1   -1.000
1L63 LA84A   L A  9  0 -1 -1 -1   -2.600    -2.604132      0.000      0.004     3.829120     1.224989  56  -1   -1.000
1L63 LA84M   L M  9 10 -1 -1 -1   -1.900    -2.195219      0.087      0.295     3.829120     1.633901  56  -1   -1.000
1L63 VA87A   V A 17  0 -1 -1 -1   -1.700    -1.725230      0.001      0.025     3.157431     1.432201  61  -1   -1.000
1L63 VA87M   V M 17 10 -1 -1 -1   -2.300    -1.440021      0.740      0.860     3.157431     1.717410  61  -1   -1.000
1L63 VA87I   V I 17  7 -1 -1 -1   -0.300    -0.732532      0.187      0.433     3.157431     2.424898  61  -1   -1.000
1L63 VA87T   V T 17 16 -1 -1 -1   -1.600    -2.562271      0.926      0.962     3.157431     0.595160  61  -1   -1.000
1L63 LA91A   L A  9  0 -1 -1 -1   -2.600    -2.429758      0.029      0.170     3.491913     1.062155  54  -1   -1.000
1L63 LA91M   L M  9 10 -1 -1 -1   -0.800    -1.802477      1.005      1.002     3.491913     1.689436  54  -1   -1.000
1L63 DA92N   D N  2 11 -1 -1 -1   -1.400    -0.312466      1.183      1.088     1.370019     1.057552  45  -1   -1.000
1L63 AA93S   A S  0 15 -1 -1 -1   -0.200    -1.170165      0.941      0.970     1.849000     0.678835  50  -1   -1.000
1L63 AA98C   A C  0  1 -1 -1 -1   -1.000    -2.009437      1.019      1.009     3.453583     1.444147  91  -1   -1.000
1L63 AA98L   A L  0  9 -1 -1 -1   -4.300    -1.359622      8.646      2.940     3.453583     2.093961  91  -1   -1.000
1L63 AA98S   A S  0 15 -1 -1 -1   -2.500    -2.732300      0.054      0.232     3.453583     0.721283  91  -1   -1.000
1L63 AA98V   A V  0 17 -1 -1 -1   -3.200    -1.193058      4.028      2.007     3.453583     2.260525  91  -1   -1.000
1L63 LA99A   L A  9  0 -1 -1 -1   -4.500    -2.963670      2.360      1.536     4.418253     1.454583  93  -1   -1.000
1L63 LA99F   L F  9  4 -1 -1 -1   -0.300    -1.938714      2.685      1.639     4.418253     2.479539  93  -1   -1.000
1L63 LA99I   L I  9  7 -1 -1 -1   -1.500    -1.313866      0.035      0.186     4.418253     3.104387  93  -1   -1.000
1L63 LA99M   L M  9 10 -1 -1 -1   -0.600    -1.372499      0.597      0.772     4.418253     3.045753  93  -1   -1.000
1L63 LA99V   L V  9 17 -1 -1 -1   -2.000    -1.986270      0.000      0.014     4.418253     2.431983  93  -1   -1.000
1L63 IA100A  I A  7  0 -1 -1 -1   -3.400    -3.118969      0.079      0.281     4.949965     1.830996  83  -1   -1.000
1L63 IA100M  I M  7 10 -1 -1 -1   -1.600    -2.212850      0.376      0.613     4.949965     2.737115  83  -1   -1.000
1L63 IA100V  I V  7 17 -1 -1 -1   -0.400    -2.230972      3.352      1.831     4.949965     2.718994  83  -1   -1.000
1L63 NA101A  N A 11  0 -1 -1 -1   -1.500    -0.595183      0.819      0.905     2.369269     1.774086  90  -1   -1.000
1L63 MA102L  M L 10  9 -1 -1 -1   -1.000    -3.293268      5.259      2.293     6.175169     2.881901  99  -1   -1.000
1L63 VA103A  V A 17  0 -1 -1 -1   -2.200    -1.688505      0.262      0.511     3.434391     1.745886  78  -1   -1.000
1L63 VA103I  V I 17  7 -1 -1 -1   -0.500    -0.903377      0.163      0.403     3.434391     2.531014  78  -1   -1.000
1L63 VA103M  V M 17 10 -1 -1 -1   -1.200    -1.136766      0.004      0.063     3.434391     2.297625  78  -1   -1.000
1L63 FA104M  F M  4 10 -1 -1 -1   -0.400    -2.199782      3.239      1.800     3.596657     1.396874  80  -1   -1.000
1L63 QA105M  Q M 13 10 -1 -1 -1   -1.200    -0.927550      0.074      0.272     2.060484     1.132934  81  -1   -1.000
1L63 MA106I  M I 10  7 -1 -1 -1    0.200    -2.069844      5.152      2.270     3.193772     1.123928  75  -1   -1.000
1L63 MA106L  M L 10  9 -1 -1 -1    0.500    -2.111836      6.822      2.612     3.193772     1.081937  75  -1   -1.000
1L63 MA106K  M K 10  8 -1 -1 -1   -3.400    -2.655921      0.554      0.744     3.193772     0.537851  75  -1   -1.000
1L63 TA109D  T D 16  2 -1 -1 -1    0.600    -0.264944      0.748      0.865     0.984995     0.720051  43  -1   -1.000
1L63 TA109N  T N 16 11 -1 -1 -1    0.100    -0.490993      0.349      0.591     0.984995     0.494002  43  -1   -1.000
1L63 VA111A  V A 17  0 -1 -1 -1   -1.300    -2.492359      1.422      1.192     3.640838     1.148479  67  -1   -1.000
1L63 VA111I  V I 17  7 -1 -1 -1   -0.900    -1.250208      0.123      0.350     3.640838     2.390630  67  -1   -1.000
1L63 VA111M  V M 17 10 -1 -1 -1   -0.700    -1.936822      1.530      1.237     3.640838     1.704016  67  -1   -1.000
1L63 SA117F  S F 15  4 -1 -1 -1    1.100     0.822542      0.077      0.277     1.426252     2.248794  62  -1   -1.000
1L63 LA118A  L A  9  0 -1 -1 -1   -3.200    -2.233294      0.935      0.967     3.531891     1.298597  67  -1   -1.000
1L63 LA118M  L M  9 10 -1 -1 -1   -0.700    -1.744522      1.091      1.045     3.531891     1.787369  67  -1   -1.000
1L63 MA120L  M L 10  9 -1 -1 -1    0.500    -1.631753      4.544      2.132     2.924165     1.292412  48  -1   -1.000
1L63 MA120K  M K 10  8 -1 -1 -1   -1.600    -2.287292      0.472      0.687     2.924165     0.636873  48  -1   -1.000
1L63 MA120Y  M Y 10 19 -1 -1 -1   -0.100    -1.296811      1.432      1.197     2.924165     1.627353  48  -1   -1.000
1L63 LA121M  L M  9 10 -1 -1 -1   -0.800    -2.072027      1.618      1.272     3.888959     1.816932  59  -1   -1.000
1L63 AA129F  A F  0  4 -1 -1 -1   -1.200    -0.948356      0.063      0.252     2.551530     1.603174  52  -1   -1.000
1L63 AA129W  A W  0 18 -1 -1 -1   -2.200    -1.164771      1.072      1.035     2.551530     1.386759  52  -1   -1.000
1L63 AA130S  A S  0 15 -1 -1 -1   -1.000    -1.782114      0.612      0.782     2.334251     0.552136  57  -1   -1.000
1L63 LA133F  L F  9  4 -1 -1 -1   -0.300    -0.535071      0.055      0.235     3.372079     2.837008  62  -1   -1.000
1L63 LA133M  L M  9 10 -1 -1 -1   -0.400    -0.521703      0.015      0.122     3.372079     2.850376  62  -1   -1.000
1L63 AA134S  A S  0 15 -1 -1 -1   -0.100    -1.322636      1.495      1.223     1.946144     0.623507  49  -1   -1.000
1L63 NA144E  N E 11  3 -1 -1 -1    0.500    -0.428700      0.862      0.929     1.144464     0.715764  43  -1   -1.000
1L63 VA149A  V A 17  0 -1 -1 -1   -3.200    -2.429887      0.593      0.770     3.907141     1.477255  77  -1   -1.000
1L63 VA149C  V C 17  1 -1 -1 -1   -2.000    -3.032673      1.066      1.033     3.907141     0.874468  77  -1   -1.000
1L63 VA149G  V G 17  5 -1 -1 -1   -4.900    -3.939627      0.922      0.960     3.907141    -0.032486  77  -1   -1.000
1L63 VA149I  V I 17  7 -1 -1 -1   -0.100    -1.484592      1.917      1.385     3.907141     2.422549  77  -1   -1.000
1L63 VA149M  V M 17 10 -1 -1 -1   -2.800    -2.191887      0.370      0.608     3.907141     1.715254  77  -1   -1.000
1L63 VA149T  V T 17 16 -1 -1 -1   -2.800    -3.234706      0.189      0.435     3.907141     0.672436  77  -1   -1.000
1L63 VA149S  V S 17 15 -1 -1 -1   -4.400    -3.793466      0.368      0.607     3.907141     0.113675  77  -1   -1.000
1L63 TA152A  T A 16  0 -1 -1 -1   -1.500    -0.376746      1.262      1.123     1.947879     1.571133  66  -1   -1.000
1L63 TA152C  T C 16  1 -1 -1 -1   -0.500    -1.143898      0.415      0.644     1.947879     0.803981  66  -1   -1.000
1L63 TA152I  T I 16  7 -1 -1 -1   -0.400     0.327488      0.529      0.727     1.947879     2.275367  66  -1   -1.000
1L63 TA152S  T S 16 15 -1 -1 -1   -2.000    -1.418223      0.338      0.582     1.947879     0.529656  66  -1   -1.000
1L63 TA152V  T V 16 17 -1 -1 -1    0.200    -0.163672      0.132      0.364     1.947879     1.784207  66  -1   -1.000
1L63 FA153A  F A  4  0 -1 -1 -1   -3.800    -4.563809      0.583      0.764     5.720964     1.157155  72  -1   -1.000
1L63 FA153I  F I  4  7 -1 -1 -1   -0.200    -3.038272      8.056      2.838     5.720964     2.682692  72  -1   -1.000
1L63 FA153L  F L  4  9 -1 -1 -1    0.300    -2.600829      8.415      2.901     5.720964     3.120135  72  -1   -1.000
1L63 FA153M  F M  4 10 -1 -1 -1   -0.600    -3.649622      9.300      3.050     5.720964     2.071342  72  -1   -1.000
1L63 FA153V  F V  4 17 -1 -1 -1   -1.800    -4.305761      6.279      2.506     5.720964     1.415202  72  -1   -1.000
1LZ1 VA2A    V A 17  0 -1 -1 -1   -1.500    -0.868323      0.399      0.632     1.104709     0.236386  43  -1   -1.000
1LZ1 VA2G    V G 17  5 -1 -1 -1   -2.290    -1.180079      1.232      1.110     1.104709    -0.075370  43  -1   -1.000
1LZ1 VA2S    V S 17 15 -1 -1 -1   -1.400    -0.889542      0.261      0.510     1.104709     0.215167  43  -1   -1.000
1LZ1 VA2Y    V Y 17 19 -1 -1 -1   -0.400    -0.521335      0.015      0.121     1.104709     0.583375  43  -1   -1.000
1LZ1 VA2D    V D 17  2 -1 -1 -1   -1.400    -0.881193      0.269      0.519     1.104709     0.223516  43  -1   -1.000
1LZ1 VA2N    V N 17 11 -1 -1 -1   -1.300    -0.671015      0.396      0.629     1.104709     0.433694  43  -1   -1.000
1LZ1 VA2R    V R 17 14 -1 -1 -1   -0.400    -0.517746      0.014      0.118     1.104709     0.586963  43  -1   -1.000
1LZ1 VA2L    V L 17  9 -1 -1 -1   -0.050    -1.104090      1.111      1.054     1.104709     0.000619  43  -1   -1.000
1LZ1 VA2M    V M 17 10 -1 -1 -1   -0.200    -0.503604      0.092      0.304     1.104709     0.601106  43  -1   -1.000
1LZ1 VA2F    V F 17  4 -1 -1 -1   -0.800    -1.087360      0.083      0.287     1.104709     0.017349  43  -1   -1.000
1LZ1 YA20F   Y F 19  4 -1 -1 -1   -0.500    -1.051771      0.304      0.552     2.472644     1.420872  47  -1   -1.000
1LZ1 IA23A   I A  7  0 -1 -1 -1   -2.500    -1.931974      0.323      0.568     2.572410     0.640436  59  -1   -1.000
1LZ1 IA23V   I V  7 17 -1 -1 -1   -0.400    -0.211700      0.035      0.188     2.572410     2.360709  59  -1   -1.000
1LZ1 YA38F   Y F 19  4 -1 -1 -1   -0.200    -0.550970      0.123      0.351     3.188073     2.637103  63  -1   -1.000
1LZ1 YA45F   Y F 19  4 -1 -1 -1    0.100    -0.585531      0.470      0.686     1.602980     1.017449  42  -1   -1.000
1LZ1 AA47P   A P  0 12 -1 -1 -1    0.100     0.209885      0.012      0.110     0.371824     0.581708  24  -1   -1.000
1LZ1 YA54F   Y F 19  4 -1 -1 -1   -1.000    -4.193297     10.197      3.193     4.852304     0.659007  72  -1   -1.000
1LZ1 IA56A   I A  7  0 -1 -1 -1   -3.700    -3.018753      0.464      0.681     4.057619     1.038866  77  -1   -1.000
1LZ1 IA56T   I T  7 16 -1 -1 -1   -3.600    -3.550822      0.002      0.049     4.057619     0.506797  77  -1   -1.000
1LZ1 IA56V   I V  7 17 -1 -1 -1   -1.200    -2.962438      3.106      1.762     4.057619     1.095181  77  -1   -1.000
1LZ1 IA59A   I A  7  0 -1 -1 -1   -1.700    -3.425849      2.979      1.726     4.390929     0.965081  83  -1   -1.000
1LZ1 IA59G   I G  7  5 -1 -1 -1   -3.800    -4.125462      0.106      0.325     4.390929     0.265467  83  -1   -1.000
1LZ1 IA59V   I V  7 17 -1 -1 -1   -1.100    -1.581825      0.232      0.482     4.390929     2.809104  83  -1   -1.000
1LZ1 YA63F   Y F 19  4 -1 -1 -1   -0.200    -0.735371      0.287      0.535     2.352393     1.617022  60  -1   -1.000
1LZ1 PA71G   P G 12  5 -1 -1 -1   -1.600    -0.864582      0.541      0.735     0.966568     0.101986  28  -1   -1.000
1LZ1 VA74A   V A 17  0 -1 -1 -1   -0.400    -0.234408      0.027      0.166     0.631243     0.396835  36  -1   -1.000
1LZ1 VA74G   V G 17  5 -1 -1 -1   -0.100    -0.583446      0.234      0.483     0.631243     0.047797  36  -1   -1.000
1LZ1 VA74I   V I 17  7 -1 -1 -1    0.450     0.259343      0.036      0.191     0.631243     0.890587  36  -1   -1.000
1LZ1 VA74L   V L 17  9 -1 -1 -1    0.190    -0.223571      0.171      0.414     0.631243     0.407672  36  -1   -1.000
1LZ1 VA74M   V M 17 10 -1 -1 -1    0.650    -0.183153      0.694      0.833     0.631243     0.448090  36  -1   -1.000
1LZ1 VA74F   V F 17  4 -1 -1 -1   -0.290    -0.547857      0.066      0.258     0.631243     0.083387  36  -1   -1.000
1LZ1 VA74Y   V Y 17 19 -1 -1 -1   -0.300     0.889839      1.416      1.190     0.631243     1.521082  36  -1   -1.000
1LZ1 VA74D   V D 17  2 -1 -1 -1   -0.400    -0.348740      0.003      0.051     0.631243     0.282503  36  -1   -1.000
1LZ1 VA74N   V N 17 11 -1 -1 -1   -0.300    -0.465834      0.028      0.166     0.631243     0.165409  36  -1   -1.000
1LZ1 VA74R   V R 17 14 -1 -1 -1   -0.100     0.407115      0.257      0.507     0.631243     1.038358  36  -1   -1.000
1LZ1 VA74S   V S 17 15 -1 -1 -1   -0.400    -0.154969      0.060      0.245     0.631243     0.476274  36  -1   -1.000
1LZ1 CA77A   C A  1  0 -1 -1 -1   -4.600    -0.674234     15.412      3.926     1.567674     0.893440  52  -1   -1.000
1LZ1 IA89A   I A  7  0 -1 -1 -1   -2.700    -2.833878      0.018      0.134     3.506264     0.672386  65  -1   -1.000
1LZ1 IA89V   I V  7 17 -1 -1 -1   -0.500    -2.327588      3.340      1.828     3.506264     1.178676  65  -1   -1.000
1LZ1 DA91P   D P  2 12 -1 -1 -1   -0.400    -0.136188      0.070      0.264     0.957506     0.821318  58  -1   -1.000
1LZ1 VA93A   V A 17  0 -1 -1 -1   -0.700    -2.045602      1.811      1.346     2.961932     0.916330  81  -1   -1.000
1LZ1 VA99A   V A 17  0 -1 -1 -1   -1.000    -1.054356      0.003      0.054     2.445803     1.391446  68  -1   -1.000
1LZ1 VA100A  V A 17  0 -1 -1 -1   -0.300    -1.447700      1.317      1.148     2.296308     0.848608  58  -1   -1.000
1LZ1 PA103G  P G 12  5 -1 -1 -1   -0.100    -0.998072      0.807      0.898     1.243403     0.245332  26  -1   -1.000
1LZ1 IA106A  I A  7  0 -1 -1 -1   -0.900    -0.559102      0.116      0.341     1.940678     1.381576  60  -1   -1.000
1LZ1 IA106V  I V  7 17 -1 -1 -1   -0.700    -0.003005      0.486      0.697     1.940678     1.937673  60  -1   -1.000
1LZ1 VA110A  V A 17  0 -1 -1 -1    0.500     0.271187      0.052      0.229     0.381550     0.652737  48  -1   -1.000
1LZ1 VA110D  V D 17  2 -1 -1 -1    0.200     0.270260      0.005      0.070     0.381550     0.651810  48  -1   -1.000
1LZ1 VA110G  V G 17  5 -1 -1 -1    0.480    -0.059982      0.292      0.540     0.381550     0.321568  48  -1   -1.000
1LZ1 VA110I  V I 17  7 -1 -1 -1    0.860    -0.093365      0.909      0.953     0.381550     0.288185  48  -1   -1.000
1LZ1 VA110L  V L 17  9 -1 -1 -1    0.100    -0.346633      0.199      0.447     0.381550     0.034917  48  -1   -1.000
1LZ1 VA110M  V M 17 10 -1 -1 -1    0.400     0.290004      0.012      0.110     0.381550     0.671554  48  -1   -1.000
1LZ1 VA110N  V N 17 11 -1 -1 -1    0.100     0.214442      0.013      0.114     0.381550     0.595992  48  -1   -1.000
1LZ1 VA110R  V R 17 14 -1 -1 -1    0.900     0.470272      0.185      0.430     0.381550     0.851822  48  -1   -1.000
1LZ1 VA110F  V F 17  4 -1 -1 -1   -0.050    -0.060883      0.000      0.011     0.381550     0.320667  48  -1   -1.000
1LZ1 VA110P  V P 17 12 -1 -1 -1    0.500     0.504755      0.000      0.005     0.381550     0.886305  48  -1   -1.000
1LZ1 VA110Y  V Y 17 19 -1 -1 -1   -0.100     0.098384      0.039      0.198     0.381550     0.479934  48  -1   -1.000
1LZ1 VA121A  V A 17  0 -1 -1 -1   -1.400    -0.975934      0.180      0.424     1.770012     0.794078  46  -1   -1.000
1LZ1 YA124F  Y F 19  4 -1 -1 -1   -0.400    -0.962043      0.316      0.562     2.579062     1.617019  51  -1   -1.000
1LZ1 VA125A  V A 17  0 -1 -1 -1   -1.300    -1.795816      0.246      0.496     2.059321     0.263506  46  -1   -1.000
1LZ1 VA130A  V A 17  0 -1 -1 -1   -0.800    -0.926335      0.016      0.126     1.381260     0.454925  35  -1   -1.000
1OH0 YA32F   Y F 19  4 -1 -1 -1    0.200     0.125326      0.006      0.075     3.545862     3.671188  65  -1   -1.000
1OH0 YA57F   Y F 19  4 -1 -1 -1   -1.200     0.247437      2.095      1.447     2.655538     2.902975  62  -1   -1.000
1RN1 QC25K   Q K 13  8 -1 -1 -1    0.930     0.199358      0.534      0.731     0.552897     0.752255  45  -1   -1.000
1VQB IA47L   I L  7  9 -1 -1 -1   -0.400    -0.692891      0.086      0.293     3.532235     2.839344  62  -1   -1.000
1VQB IA47M   I M  7 10 -1 -1 -1   -1.700    -1.230675      0.220      0.469     3.532235     2.301560  62  -1   -1.000
1VQB IA47V   I V  7 17 -1 -1 -1   -2.000    -0.356304      2.702      1.644     3.532235     3.175931  62  -1   -1.000
1VQB VA35I   V I 17  7 -1 -1 -1   -0.600    -0.660146      0.004      0.060     3.465313     2.805167  47  -1   -1.000
1VQB YA41F   Y F 19  4 -1 -1 -1   -3.200    -1.077352      4.506      2.123     1.235116     0.157764  20  -1   -1.000
2LZM IA3L    I L  7  9 -1 -1 -1    0.700    -1.059066      3.094      1.759     2.958555     1.899490  64  -1   -1.000
2LZM IA3C    I C  7  1 -1 -1 -1    1.200    -2.355134     12.639      3.555     2.958555     0.603422  64  -1   -1.000
2LZM IA3P    I P  7 12 -1 -1 -1   -3.000    -2.438387      0.315      0.562     2.958555     0.520169  64  -1   -1.000
2LZM IA3Y    I Y  7 19 -1 -1 -1   -2.300    -1.053174      1.555      1.247     2.958555     1.905382  64  -1   -1.000
2LZM IA3V    I V  7 17 -1 -1 -1   -0.400    -1.216815      0.667      0.817     2.958555     1.741740  64  -1   -1.000
2LZM MA6I    M I 10  7 -1 -1 -1   -1.400    -1.278789      0.015      0.121     3.593537     2.314748  61  -1   -1.000
2LZM KA16E   K E  8  3 -1 -1 -1    0.500    -0.708322      1.460      1.208     1.379607     0.671285  51  -1   -1.000
2LZM SA38D   S D 15  2 -1 -1 -1    0.600    -0.127518      0.529      0.728     0.733675     0.606157  29  -1   -1.000
2LZM NA55G   N G 11  5 -1 -1 -1   -0.600    -0.664305      0.004      0.064     1.177254     0.512949  35  -1   -1.000
2LZM KA60P   K P  8 12 -1 -1 -1   -0.001    -0.087353      0.007      0.086     1.036661     0.949308  42  -1   -1.000
2LZM GA77A   G A  5  0 -1 -1 -1    0.400     0.874601      0.225      0.475     0.331228     1.205829  43  -1   -1.000
2LZM AA82P   A P  0 12 -1 -1 -1    0.800     0.146896      0.427      0.653     1.149697     1.296593  36  -1   -1.000
2LZM KA85A   K A  8  0 -1 -1 -1   -0.600    -0.311196      0.083      0.289     1.384210     1.073013  51  -1   -1.000
2LZM DA89A   D A  2  0 -1 -1 -1   -0.500     0.025186      0.276      0.525     0.825820     0.851007  43  -1   -1.000
2LZM RA96A   R A 14  0 -1 -1 -1   -2.000    -1.472572      0.278      0.527     3.163378     1.690806  74  -1   -1.000
2LZM RA96D   R D 14  2 -1 -1 -1   -3.500    -2.747487      0.566      0.753     3.163378     0.415891  74  -1   -1.000
2LZM RA96M   R M 14 10 -1 -1 -1   -2.700    -0.680816      4.077      2.019     3.163378     2.482562  74  -1   -1.000
2LZM RA96E   R E 14  3 -1 -1 -1   -2.500    -2.123248      0.142      0.377     3.163378     1.040131  74  -1   -1.000
2LZM RA96G   R G 14  5 -1 -1 -1   -2.600    -2.935603      0.113      0.336     3.163378     0.227776  74  -1   -1.000
2LZM RA96Q   R Q 14 13 -1 -1 -1   -0.300    -1.630082      1.769      1.330     3.163378     1.533297  74  -1   -1.000
2LZM RA96H   R H 14  6 -1 -1 -1   -3.100    -2.918673      0.033      0.181     3.163378     0.244706  74  -1   -1.000
2LZM RA96N   R N 14 11 -1 -1 -1   -3.000    -2.256290      0.553      0.744     3.163378     0.907088  74  -1   -1.000
2LZM RA96K   R K 14  8 -1 -1 -1   -0.001    -2.088330      4.357      2.087     3.163378     1.075049  74  -1   -1.000
2LZM RA96S   R S 14 15 -1 -1 -1   -2.600    -2.528361      0.005      0.072     3.163378     0.635017  74  -1   -1.000
2LZM RA96Y   R Y 14 19 -1 -1 -1   -4.700    -1.496326     10.264      3.204     3.163378     1.667053  74  -1   -1.000
2LZM RA96V   R V 14 17 -1 -1 -1   -2.400    -1.438699      0.924      0.961     3.163378     1.724680  74  -1   -1.000
2LZM RA96W   R W 14 18 -1 -1 -1   -4.500    -1.782767      7.383      2.717     3.163378     1.380611  74  -1   -1.000
2LZM AA98V   A V  0 17 -1 -1 -1   -4.900    -0.820377     16.643      4.080     3.176132     2.355755  93  -1   -1.000
2LZM QA105A  Q A 13  0 -1 -1 -1   -0.600    -1.250239      0.423      0.650     2.156817     0.906578  81  -1   -1.000
2LZM QA105E  Q E 13  3 -1 -1 -1   -1.100    -1.496721      0.157      0.397     2.156817     0.660096  81  -1   -1.000
2LZM QA105G  Q G 13  5 -1 -1 -1   -1.500    -2.273285      0.598      0.773     2.156817    -0.116468  81  -1   -1.000
2LZM GA113A  G A  5  0 -1 -1 -1    0.300    -0.010170      0.096      0.310     0.691242     0.681072  47  -1   -1.000
2LZM TA115E  T E 16  3 -1 -1 -1    0.300    -0.386727      0.472      0.687     1.065201     0.678474  47  -1   -1.000
2LZM NA116D  N D 11  2 -1 -1 -1    0.600    -0.710236      1.717      1.310     1.391480     0.681244  44  -1   -1.000
2LZM RA119E  R E 14  3 -1 -1 -1   -0.040    -0.913143      0.762      0.873     1.660191     0.747048  49  -1   -1.000
2LZM QA123E  Q E 13  3 -1 -1 -1    0.400    -0.611929      1.024      1.012     1.176251     0.564322  36  -1   -1.000
2LZM KA124G  K G  8  5 -1 -1 -1   -0.100    -0.555205      0.207      0.455     1.209625     0.654420  44  -1   -1.000
2LZM VA131A  V A 17  0 -1 -1 -1    0.300    -0.588539      0.790      0.889     1.658788     1.070249  45  -1   -1.000
2LZM VA131D  V D 17  2 -1 -1 -1    0.100    -0.978354      1.163      1.078     1.658788     0.680434  45  -1   -1.000
2LZM VA131G  V G 17  5 -1 -1 -1   -0.700    -1.485601      0.617      0.786     1.658788     0.173187  45  -1   -1.000
2LZM VA131I  V I 17  7 -1 -1 -1    0.200    -1.014299      1.475      1.214     1.658788     0.644489  45  -1   -1.000
2LZM VA131L  V L 17  9 -1 -1 -1    0.100    -0.847884      0.898      0.948     1.658788     0.810904  45  -1   -1.000
2LZM VA131S  V S 17 15 -1 -1 -1   -0.100    -1.106557      1.013      1.007     1.658788     0.552230  45  -1   -1.000
2LZM VA131M  V M 17 10 -1 -1 -1    0.100    -0.686447      0.618      0.786     1.658788     0.972341  45  -1   -1.000
2LZM VA131E  V E 17  3 -1 -1 -1    0.200    -0.777079      0.955      0.977     1.658788     0.881709  45  -1   -1.000
2LZM LA133A  L A  9  0 -1 -1 -1   -4.200    -1.773208      5.889      2.427     3.361473     1.588265  62  -1   -1.000
2LZM KA135E  K E  8  3 -1 -1 -1   -1.000    -0.482681      0.268      0.517     1.273836     0.791155  41  -1   -1.000
2LZM NA144D  N D 11  2 -1 -1 -1    0.400    -0.526006      0.857      0.926     1.121714     0.595708  45  -1   -1.000
2LZM KA147E  K E  8  3 -1 -1 -1   -0.700    -0.497463      0.041      0.203     1.404421     0.906957  60  -1   -1.000
2LZM VA149C  V C 17  1 -1 -1 -1   -2.200    -3.392122      1.421      1.192     4.130212     0.738089  79  -1   -1.000
2LZM TA152S  T S 16 15 -1 -1 -1   -2.600    -1.354388      1.552      1.246     1.782253     0.427866  68  -1   -1.000
2LZM RA154E  R E 14  3 -1 -1 -1   -1.100    -1.948168      0.719      0.848     2.506930     0.558762  56  -1   -1.000
2LZM GA156D  G D  5  2 -1 -1 -1   -2.300    -1.229912      1.145      1.070     1.352764     0.122852  52  -1   -1.000
2LZM TA157A  T A 16  0 -1 -1 -1   -0.500    -2.688618      4.790      2.189     1.494058    -1.194561  45  -1   -1.000
2LZM TA157C  T C 16  1 -1 -1 -1   -1.300    -1.454096      0.024      0.154     1.494058     0.039961  45  -1   -1.000
2LZM TA157D  T D 16  2 -1 -1 -1   -1.100    -0.897198      0.041      0.203     1.494058     0.596860  45  -1   -1.000
2LZM TA157E  T E 16  3 -1 -1 -1   -0.800    -1.091362      0.085      0.291     1.494058     0.402696  45  -1   -1.000
2LZM TA157F  T F 16  4 -1 -1 -1   -2.400    -1.716903      0.467      0.683     1.494058    -0.222845  45  -1   -1.000
2LZM TA157G  T G 16  5 -1 -1 -1   -1.100    -1.037179      0.004      0.063     1.494058     0.456879  45  -1   -1.000
2LZM TA157H  T H 16  6 -1 -1 -1   -2.100    -0.929896      1.369      1.170     1.494058     0.564162  45  -1   -1.000
2LZM TA157I  T I 16  7 -1 -1 -1   -1.500    -2.022782      0.273      0.523     1.494058    -0.528724  45  -1   -1.000
2LZM TA157L  T L 16  9 -1 -1 -1   -1.700    -1.576493      0.015      0.124     1.494058    -0.082436  45  -1   -1.000
2LZM TA157N  T N 16 11 -1 -1 -1   -1.200    -0.690021      0.260      0.510     1.494058     0.804037  45  -1   -1.000
2LZM TA157R  T R 16 14 -1 -1 -1    0.300    -0.726841      1.054      1.027     1.494058     0.767216  45  -1   -1.000
2LZM TA157S  T S 16 15 -1 -1 -1   -0.700    -0.881397      0.033      0.181     1.494058     0.612660  45  -1   -1.000
2LZM TA157V  T V 16 17 -1 -1 -1   -1.200    -2.172468      0.946      0.972     1.494058    -0.678411  45  -1   -1.000
2RN2 DA10N   D N  2 11 -1 -1 -1    0.900    -0.507650      1.981      1.408     1.178313     0.670663  80  -1   -1.000
2RN2 EA48Q   E Q  3 13 -1 -1 -1    0.200    -0.603635      0.646      0.804     1.327643     0.724008  97  -1   -1.000
2RN2 AA52F   A F  0  4 -1 -1 -1   -0.500     0.316531      0.667      0.817     2.532639     2.849170  95  -1   -1.000
2RN2 AA52I   A I  0  7 -1 -1 -1    1.900     1.337739      0.316      0.562     2.532639     3.870378  95  -1   -1.000
2RN2 AA52L   A L  0  9 -1 -1 -1    1.300     0.871126      0.184      0.429     2.532639     3.403765  95  -1   -1.000
2RN2 AA52V   A V  0 17 -1 -1 -1    1.700     0.147618      2.410      1.552     2.532639     2.680257  95  -1   -1.000
2RN2 HA62A   H A  6  0 -1 -1 -1    0.400     0.009113      0.153      0.391     0.420949     0.430062  36  -1   -1.000
2RN2 HA62P   H P  6 12 -1 -1 -1    1.100     0.999097      0.010      0.101     0.420949     1.420047  36  -1   -1.000
2RN2 DA70N   D N  2 11 -1 -1 -1    0.900     0.042759      0.735      0.857     0.903701     0.946460  61  -1   -1.000
2RN2 VA74L   V L 17  9 -1 -1 -1    0.190     0.304456      0.013      0.114     2.232852     2.537308  75  -1   -1.000
2RN2 VA74I   V I 17  7 -1 -1 -1    0.450    -0.100888      0.303      0.551     2.232852     2.131964  75  -1   -1.000
2RN2 GA77A   G A  5  0 -1 -1 -1   -0.900     0.959293      3.457      1.859     0.312659     1.271952  62  -1   -1.000
2RN2 KA95A   K A  8  0 -1 -1 -1    0.100    -0.256687      0.127      0.357     0.630961     0.374274  21  -1   -1.000
2RN2 KA95G   K G  8  5 -1 -1 -1    1.900    -0.040989      3.767      1.941     0.630961     0.589972  21  -1   -1.000
2RN2 KA95N   K N  8 11 -1 -1 -1    0.900     0.060423      0.705      0.840     0.630961     0.691384  21  -1   -1.000
2RN2 DA134A  D A  2  0 -1 -1 -1    2.100     0.520660      2.494      1.579     0.770882     1.291542  67  -1   -1.000
2RN2 DA134H  D H  2  6 -1 -1 -1    2.300    -0.151565      6.010      2.452     0.770882     0.619318  67  -1   -1.000
2RN2 DA134N  D N  2 11 -1 -1 -1    1.000    -0.370606      1.879      1.371     0.770882     0.400276  67  -1   -1.000
4LYZ MA12F   M F 10  4 -1 -1 -1    0.500    -0.134214      0.402      0.634     3.193577     3.059363  71  -1   -1.000
4LYZ MA12L   M L 10  9 -1 -1 -1   -0.400     0.151740      0.304      0.552     3.193577     3.345317  71  -1   -1.000
4LYZ TA40S   T S 16 15 -1 -1 -1   -0.300    -0.761812      0.213      0.462     1.028448     0.266636  60  -1   -1.000
4LYZ GA49A   G A  5  0 -1 -1 -1   -1.900    -0.053517      3.409      1.846     0.469090     0.415572  31  -1   -1.000
4LYZ IA55V   I V  7 17 -1 -1 -1   -0.900    -2.505950      2.579      1.606     2.945046     0.439096  78  -1   -1.000
4LYZ IA58M   I M  7 10 -1 -1 -1   -1.200    -2.846462      2.711      1.646     3.782996     0.936534  86  -1   -1.000
4LYZ GA67A   G A  5  0 -1 -1 -1   -0.500    -0.440336      0.004      0.060     0.422511    -0.017825  36  -1   -1.000
4LYZ GA71A   G A  5  0 -1 -1 -1   -0.380    -0.041642      0.114      0.338     0.314399     0.272756  30  -1   -1.000
4LYZ IA78M   I M  7 10 -1 -1 -1   -0.900    -0.572397      0.107      0.328     1.553479     0.981082  51  -1   -1.000
4LYZ SA91A   S A 15  0 -1 -1 -1   -1.800     1.072824      8.253      2.873     0.646517     1.719342  80  -1   -1.000
4LYZ SA91T   S T 15 16 -1 -1 -1    1.000    -0.410902      1.991      1.411     0.646517     0.235615  80  -1   -1.000
4LYZ IA98M   I M  7 10 -1 -1 -1   -0.900    -0.484169      0.173      0.416     2.364565     1.880396  65  -1   -1.000
4LYZ GA102A  G A  5  0 -1 -1 -1    0.020    -1.456094      2.179      1.476     0.576544    -0.879550  28  -1   -1.000
4LYZ GA117A  G A  5  0 -1 -1 -1   -1.460    -1.149752      0.096      0.310     0.562733    -0.587019  35  -1   -1.000
5PTI FA22A   F A  4  0 -1 -1 -1   -1.200    -1.991511      0.626      0.792     3.192334     1.200823  53  -1   -1.000
5PTI YA23A   Y A 19  0 -1 -1 -1   -5.900    -3.277501      6.878      2.622     3.811013     0.533512  46  -1   -1.000
5PTI YA35G   Y G 19  5 -1 -1 -1   -5.000    -3.127890      3.505      1.872     3.263048     0.135158  37  -1   -1.000
5PTI NA43G   N G 11  5 -1 -1 -1   -5.700    -1.551833     17.207      4.148     1.764914     0.213081  51  -1   -1.000
5PTI FA45A   F A  4  0 -1 -1 -1   -6.900    -2.483967     19.501      4.416     3.001686     0.517720  50  -1   -1.000
