1QIR YA191C  Y C 19  1 -1 -1 -1    2.300     1.558451      0.550      0.742    -0.035628     1.522822  88  -1   -1.000
1QIS FA191C  F C  4  1 -1 -1 -1    1.600     2.317619      0.515      0.718    -0.502987     1.814632  89  -1   -1.000
1QIT WA191C  W C 18  1 -1 -1 -1    3.900     1.659371      5.020      2.241     0.120140     1.779511  87  -1   -1.000
5EAA SA191C  S C 15  1 -1 -1 -1    1.900     0.829995      1.145      1.070     0.373876     1.203871  92  -1   -1.000
1BRG LA7F    L F  9  4 -1 -1 -1    4.100     0.407691     13.633      3.692     1.485777     1.893468  58  -1   -1.000
1BRH AA14L   A L  0  9 -1 -1 -1    4.500     1.333173     10.029      3.167     1.050307     2.383481  52  -1   -1.000
1BNS AA26T   A T  0 16 -1 -1 -1    1.700     0.553535      1.314      1.146     0.482784     1.036319  56  -1   -1.000
1BSA VA51I   V I 17  7 -1 -1 -1    1.100     0.619478      0.231      0.481     2.017707     2.637186  70  -1   -1.000
1BRI AA76I   A I  0  7 -1 -1 -1    1.700     1.695632      0.000      0.004     0.857576     2.553208  67  -1   -1.000
1BSB VA76I   V I 17  7 -1 -1 -1    1.000     0.510871      0.239      0.489     2.313511     2.824382  71  -1   -1.000
1BAO FA78Y   F Y  4 19 -1 -1 -1    1.100     1.147034      0.002      0.047     0.535729     1.682763  57  -1   -1.000
1BRJ AA88I   A I  0  7 -1 -1 -1    4.000     1.909383      4.371      2.091     1.194237     3.103620  74  -1   -1.000
1BSC VA88I   V I 17  7 -1 -1 -1    1.600     0.284415      1.731      1.316     3.522224     3.806639  75  -1   -1.000
1BSE VA89L   V L 17  9 -1 -1 -1    0.500    -0.788376      1.660      1.288     3.377501     2.589126  76  -1   -1.000
1BAN AA91S   A S  0 15 -1 -1 -1    1.800     0.307630      2.227      1.492     0.498650     0.806280  55  -1   -1.000
1BRK AA96I   A I  0  7 -1 -1 -1    3.200     2.452718      0.558      0.747     1.100806     3.553524  64  -1   -1.000
1BSD VA96I   V I 17  7 -1 -1 -1    0.900     0.156096      0.553      0.744     3.557150     3.713246  63  -1   -1.000
1E6K AA12D   A D  0  2 -1 -1 -1   -2.500     0.155596      7.052      2.656     1.224496     1.380091  62  -1   -1.000
1E6L AA13D   A D  0  2 -1 -1 -1   -2.700     0.743471     11.857      3.443     0.013670     0.757141  48  -1   -1.000
1E6M AA57D   A D  0  2 -1 -1 -1   -3.300     0.712772     16.102      4.013     1.048462     1.761234  80  -1   -1.000
2EXZ CA22T   C T  1 16 -1 -1 -1    0.900     1.133217      0.054      0.233     0.027079     1.160296  79  -1   -1.000
2EY1 VA22T   V T 17 16 -1 -1 -1    0.900    -1.041640      3.770      1.942     2.276252     1.234612  80  -1   -1.000
2F0E LA23V   L V  9 17 -1 -1 -1    0.100     1.209620      1.231      1.110     2.068074     3.277694  79  -1   -1.000
2F0F IA25L   I L  7  9 -1 -1 -1    1.700    -0.708272      5.800      2.408     3.676937     2.968666  61  -1   -1.000
1EY5 VA33T   V T 17 16 -1 -1 -1   -0.400    -1.430492      1.062      1.030     2.626624     1.196132  57  -1   -1.000
2EY2 CA41T   C T  1 16 -1 -1 -1   -0.600    -0.409563      0.036      0.190     0.983433     0.573869  72  -1   -1.000
1EY6 IA41T   I T  7 16 -1 -1 -1   -0.700    -1.005899      0.094      0.306     1.604548     0.598649  72  -1   -1.000
2EY5 SA41T   S T 15 16 -1 -1 -1    1.100     0.227437      0.761      0.873     0.433324     0.660762  73  -1   -1.000
2EY6 VA41T   V T 17 16 -1 -1 -1   -0.800    -1.149622      0.122      0.350     1.708451     0.558828  73  -1   -1.000
2EYF VA44T   V T 17 16 -1 -1 -1   -0.100    -0.590631      0.241      0.491     0.735190     0.144559  41  -1   -1.000
1EY4 AA59S   A S  0 15 -1 -1 -1   -0.500    -0.613250      0.013      0.113     1.183057     0.569807  64  -1   -1.000
2EYH SA62T   S T 15 16 -1 -1 -1    2.100     0.454158      2.709      1.646     0.021189     0.475348  74  -1   -1.000
2EYJ VA62T   V T 17 16 -1 -1 -1    0.200    -1.564318      3.113      1.764     2.071073     0.506755  71  -1   -1.000
2F0G IA66V   I V  7 17 -1 -1 -1    1.000    -0.561682      2.439      1.562     3.006174     2.444492  62  -1   -1.000
2F0H LA66V   L V  9 17 -1 -1 -1    0.300    -0.363789      0.441      0.664     2.682037     2.318248  63  -1   -1.000
2SNM KA66V   K V  8 17 -1 -1 -1    7.500     2.176851     28.336      5.323     0.016846     2.193697  64  -1   -1.000
2F0I LA72I   L I  9  7 -1 -1 -1    0.200     0.813527      0.376      0.614     2.816889     3.630416  61  -1   -1.000
2F0J VA72I   V I 17  7 -1 -1 -1    1.200     0.067610      1.282      1.132     3.526285     3.593894  60  -1   -1.000
2EYL SA82T   S T 15 16 -1 -1 -1    0.700     0.337702      0.131      0.362     0.202925     0.540627  45  -1   -1.000
2F0D VA92I   V I 17  7 -1 -1 -1    0.400     0.454034      0.003      0.054     3.047337     3.501371  88  -1   -1.000
1KAB GA116K  G K  5  8 -1 -1 -1   -1.000    -0.626224      0.140      0.374     0.650057     0.023833  29  -1   -1.000
1SYG AA117P  A P  0 12 -1 -1 -1   -0.800     0.701382      2.254      1.501    -0.767832    -0.066450  35  -1   -1.000
1SYC GA117P  G P  5 12 -1 -1 -1   -0.900    -0.999273      0.010      0.099     0.779294    -0.219979  35  -1   -1.000
1SYE TA117P  T P 16 12 -1 -1 -1   -1.100    -0.344616      0.571      0.755     0.069808    -0.274808  35  -1   -1.000
2EYM CA120T  C T  1 16 -1 -1 -1    1.700     0.132782      2.456      1.567     0.203125     0.335907  44  -1   -1.000
2EYO SA120T  S T 15 16 -1 -1 -1    0.600    -0.003898      0.365      0.604     0.456395     0.452497  46  -1   -1.000
2EYP VA120T  V T 17 16 -1 -1 -1    1.800     0.105040      2.873      1.695     0.343174     0.448214  47  -1   -1.000
1EY7 AA128S  A S  0 15 -1 -1 -1   -0.700    -0.872815      0.030      0.173     1.383962     0.511147  49  -1   -1.000
1MX2 NA71F   N F 11  4 -1 -1 -1   -0.700     1.345093      4.182      2.045     0.523393     1.868485  57  -1   -1.000
1MX4 QA82F   Q F 13  4 -1 -1 -1    0.400     0.322343      0.006      0.078     1.427904     1.750247  61  -1   -1.000
1MX6 NA92F   N F 11  4 -1 -1 -1    1.100     0.782582      0.101      0.317     1.145831     1.928414  49  -1   -1.000
1HIB GA9T    G T  5 16 -1 -1 -1    2.600     0.923763      2.810      1.676     0.230511     1.154274  67  -1   -1.000
245L AA6M    A M  0 10 -1 -1 -1    1.900     1.978239      0.006      0.078     1.535878     3.514117  64  -1   -1.000
230L LA6M    L M  9 10 -1 -1 -1    2.800     1.244165      2.421      1.556     2.289996     3.534162  64  -1   -1.000
1QT6 HA11E   H E  6  3 -1 -1 -1   -0.100     0.284134      0.148      0.384     0.884164     1.168298  71  -1   -1.000
1QT7 NA11E   N E 11  3 -1 -1 -1    0.100     0.691368      0.350      0.591     0.611959     1.303327  71  -1   -1.000
239L AA17I   A I  0  7 -1 -1 -1    2.700     2.424473      0.076      0.276     0.992879     3.417351  56  -1   -1.000
253L AA20D   A D  0  2 -1 -1 -1    0.300     0.049816      0.063      0.250     0.723945     0.773761  55  -1   -1.000
255L NA20D   N D 11  2 -1 -1 -1   -1.300    -0.270816      1.059      1.029     0.857154     0.586338  55  -1   -1.000
254L SA20D   S D 15  2 -1 -1 -1   -0.700     0.391092      1.190      1.091     0.396148     0.787240  56  -1   -1.000
240L AA27I   A I  0  7 -1 -1 -1    3.100     3.089311      0.000      0.011     1.414843     4.504155  67  -1   -1.000
1D2W MA27I   M I 10  7 -1 -1 -1    3.100     1.942374      1.340      1.158     2.172990     4.115364  66  -1   -1.000
241L AA29I   A I  0  7 -1 -1 -1    2.600     4.117673      2.303      1.518     0.335812     4.453485  65  -1   -1.000
1L61 NA38S   N S 11 15 -1 -1 -1    0.010     0.312293      0.091      0.302     0.500816     0.813109  29  -1   -1.000
120L SA41A   S A 15  0 -1 -1 -1    0.600     0.764444      0.027      0.164     0.373995     1.138439  36  -1   -1.000
1QTB VA42A   V A 17  0 -1 -1 -1    2.700    -0.374704      9.454      3.075     1.732559     1.357855  43  -1   -1.000
206L SA42A   S A 15  0 -1 -1 -1    2.300     1.421806      0.771      0.878     0.336399     1.758205  45  -1   -1.000
1L66 AA43K   A K  0  8 -1 -1 -1    1.000    -0.054844      1.113      1.055     1.251168     1.196324  45  -1   -1.000
1L68 AA44S   A S  0 15 -1 -1 -1   -0.300    -0.160387      0.019      0.140     0.929701     0.769315  39  -1   -1.000
108L IA44S   I S  7 15 -1 -1 -1   -0.300     0.193862      0.244      0.494     0.557122     0.750985  39  -1   -1.000
110L LA44S   L S  9 15 -1 -1 -1   -0.400     0.108403      0.258      0.508     0.653827     0.762230  39  -1   -1.000
109L KA44S   K S  8 15 -1 -1 -1   -0.200    -0.078938      0.015      0.121     0.791349     0.712412  39  -1   -1.000
217L EA44S   E S  3 15 -1 -1 -1   -0.001    -0.015388      0.000      0.014     0.789779     0.774391  39  -1   -1.000
107L GA44S   G S  5 15 -1 -1 -1    0.500     0.543702      0.002      0.044     0.229417     0.773118  39  -1   -1.000
113L RA44S   R S 14 15 -1 -1 -1   -0.200    -0.495630      0.087      0.296     1.234463     0.738834  39  -1   -1.000
111L NA44S   N S 11 15 -1 -1 -1    0.100     0.170140      0.005      0.070     0.635085     0.805225  39  -1   -1.000
137L FA44S   F S  4 15 -1 -1 -1   -0.100     0.047449      0.022      0.147     0.742986     0.790435  39  -1   -1.000
112L PA44S   P S 12 15 -1 -1 -1    3.000     0.388047      6.822      2.612     0.323187     0.711234  38  -1   -1.000
114L TA44S   T S 16 15 -1 -1 -1   -0.010     0.267593      0.077      0.278     0.495946     0.763539  39  -1   -1.000
115L VA44S   V S 17 15 -1 -1 -1   -0.100    -0.164577      0.004      0.065     0.890284     0.725707  39  -1   -1.000
1L67 AA46L   A L  0  9 -1 -1 -1    1.900     1.583914      0.100      0.316     1.390046     2.973960  54  -1   -1.000
1L65 AA47D   A D  0  2 -1 -1 -1    1.000    -0.387538      1.925      1.388     1.070519     0.682981  43  -1   -1.000
221L SA49A   S A 15  0 -1 -1 -1    0.500     1.232700      0.537      0.733     0.204999     1.437698  51  -1   -1.000
242L AA50I   A I  0  7 -1 -1 -1    2.000     1.459053      0.293      0.541     0.911023     2.370076  44  -1   -1.000
1D2Y MA50I   M I 10  7 -1 -1 -1    0.400     1.326574      0.859      0.927     0.881124     2.207698  44  -1   -1.000
243L AA58I   A I  0  7 -1 -1 -1    3.200     1.761777      2.068      1.438     0.863611     2.625387  48  -1   -1.000
1G1V TA58I   T I 16  7 -1 -1 -1    3.400     2.460129      0.883      0.940     0.207008     2.667137  47  -1   -1.000
1LYJ AA59T   A T  0 16 -1 -1 -1    1.500     0.776042      0.524      0.724     0.460260     1.236302  38  -1   -1.000
1LYI DA59T   D T  2 16 -1 -1 -1    1.200     0.408055      0.627      0.792     0.816477     1.224533  38  -1   -1.000
1LYH GA59T   G T  5 16 -1 -1 -1    1.600     0.575796      1.049      1.024     0.559042     1.134837  38  -1   -1.000
1LYG NA59T   N T 11 16 -1 -1 -1    1.100     0.162674      0.879      0.937     1.037794     1.200468  38  -1   -1.000
1LYF SA59T   S T 15 16 -1 -1 -1    0.200     0.442418      0.059      0.242     0.864837     1.307255  39  -1   -1.000
1LYE VA59T   V T 17 16 -1 -1 -1    1.500     1.015867      0.234      0.484     0.150964     1.166830  37  -1   -1.000
1D3J MA66L   M L 10  9 -1 -1 -1    1.000     0.375578      0.390      0.624     1.826331     2.201909  61  -1   -1.000
246L AA67F   A F  0  4 -1 -1 -1    1.900     1.868922      0.001      0.031     1.155048     3.023970  64  -1   -1.000
1L76 PA72D   P D 12  2 -1 -1 -1    2.700     0.067484      6.930      2.633     0.540377     0.607861  48  -1   -1.000
122L SA73A   S A 15  0 -1 -1 -1    0.400     1.025159      0.391      0.625     0.294901     1.320060  48  -1   -1.000
127L TA75V   T V 16 17 -1 -1 -1    1.300     1.708258      0.167      0.408     0.599966     2.308224  56  -1   -1.000
1CTW AA78I   A I  0  7 -1 -1 -1    1.200     1.572897      0.139      0.373     1.346263     2.919161  57  -1   -1.000
1CU0 MA78I   M I 10  7 -1 -1 -1    1.500     1.791159      0.085      0.291     1.929300     3.720459  52  -1   -1.000
1P2R VA78I   V I 17  7 -1 -1 -1    0.800     1.930432      1.278      1.130     1.951200     3.881632  53  -1   -1.000
123L SA82A   S A 15  0 -1 -1 -1    0.300     0.565028      0.070      0.265     0.647522     1.212550  37  -1   -1.000
247L AA84L   A L  0  9 -1 -1 -1    2.600     2.327679      0.074      0.272     1.187926     3.515605  56  -1   -1.000
1CU2 MA84L   M L 10  9 -1 -1 -1    1.900     1.702481      0.039      0.198     1.628454     3.330935  54  -1   -1.000
236L AA87V   A V  0 17 -1 -1 -1    1.700     1.641498      0.003      0.059     1.405356     3.046854  61  -1   -1.000
1CU3 MA87V   M V 10 17 -1 -1 -1    2.300     0.536540      3.110      1.763     1.793800     2.330340  58  -1   -1.000
1P2L IA87V   I V  7 17 -1 -1 -1    0.300     0.934565      0.403      0.635     2.165416     3.099980  61  -1   -1.000
128L TA87V   T V 16 17 -1 -1 -1    1.600     2.592550      0.985      0.993     0.530958     3.123507  60  -1   -1.000
1CU6 AA91L   A L  0  9 -1 -1 -1    2.600     2.257277      0.117      0.343     0.878441     3.135718  53  -1   -1.000
1CU5 MA91L   M L 10  9 -1 -1 -1    0.800     1.084591      0.081      0.285     2.054584     3.139175  51  -1   -1.000
1L55 NA92D   N D 11  2 -1 -1 -1    1.400     0.166067      1.523      1.234     1.221409     1.387476  46  -1   -1.000
224L SA93A   S A 15  0 -1 -1 -1    0.200     1.299519      1.209      1.100     0.482657     1.782176  51  -1   -1.000
1QSB CA98A   C A  1  0 -1 -1 -1    1.000     1.969132      0.939      0.969     1.227858     3.196990  94  -1   -1.000
1QS5 LA98A   L A  9  0 -1 -1 -1    4.300     0.056026     18.011      4.244     2.542570     2.598597  93  -1   -1.000
125L SA98A   S A 15  0 -1 -1 -1    2.500     2.641052      0.020      0.141     0.737794     3.378845  93  -1   -1.000
1QS9 VA98A   V A 17  0 -1 -1 -1    3.200     0.527263      7.144      2.673     2.450551     2.977814  89  -1   -1.000
1L90 AA99L   A L  0  9 -1 -1 -1    4.500     2.737404      3.107      1.763     1.789379     4.526783  91  -1   -1.000
1L91 FA99L   F L  4  9 -1 -1 -1    0.300     1.288965      0.978      0.989     2.991812     4.280777  93  -1   -1.000
1L92 IA99L   I L  7  9 -1 -1 -1    1.500     1.177114      0.104      0.323     2.892553     4.069667  92  -1   -1.000
1L93 MA99L   M L 10  9 -1 -1 -1    0.600     1.055763      0.208      0.456     3.249090     4.304852  93  -1   -1.000
1L94 VA99L   V L 17  9 -1 -1 -1    2.000     1.592530      0.166      0.407     2.555891     4.148421  91  -1   -1.000
244L AA100I  A I  0  7 -1 -1 -1    3.400     2.418329      0.964      0.982     2.010116     4.428445  83  -1   -1.000
1CUP MA100I  M I 10  7 -1 -1 -1    1.600     2.107865      0.258      0.508     2.813082     4.920947  83  -1   -1.000
1P36 VA100I  V I 17  7 -1 -1 -1    0.400     2.322792      3.697      1.923     2.732947     5.055739  84  -1   -1.000
1I6S AA101N  A N  0 11 -1 -1 -1    1.500     0.228638      1.616      1.271     1.995546     2.224184  90  -1   -1.000
1L77 LA102M  L M  9 10 -1 -1 -1    1.000     2.634261      2.671      1.634     2.776523     5.410784 101  -1   -1.000
238L AA103V  A V  0 17 -1 -1 -1    2.200     1.851230      0.122      0.349     1.798136     3.649366  78  -1   -1.000
1P7S IA103V  I V  7 17 -1 -1 -1    0.500     0.938282      0.192      0.438     2.665752     3.604034  83  -1   -1.000
1CUQ MA103V  M V 10 17 -1 -1 -1    1.200     0.664694      0.287      0.535     2.718412     3.383106  79  -1   -1.000
1CV0 MA104F  M F 10  4 -1 -1 -1    0.400     2.514360      4.471      2.114     1.463840     3.978200  81  -1   -1.000
1G1W MA105Q  M Q 10 13 -1 -1 -1    1.200     0.561284      0.408      0.639     1.375283     1.936568  81  -1   -1.000
1P46 IA106M  I M  7 10 -1 -1 -1   -0.200     1.305827      2.268      1.506     0.927743     2.233570  74  -1   -1.000
234L LA106M  L M  9 10 -1 -1 -1   -0.500     1.174722      2.805      1.675     1.693000     2.867722  75  -1   -1.000
231L KA106M  K M  8 10 -1 -1 -1    3.400     2.800523      0.359      0.599     0.677364     3.477887  77  -1   -1.000
1L62 DA109T  D T  2 16 -1 -1 -1   -0.600     0.315133      0.837      0.915     0.737992     1.053125  42  -1   -1.000
1L59 NA109T  N T 11 16 -1 -1 -1   -0.100     0.532671      0.400      0.633     0.527086     1.059757  43  -1   -1.000
235L AA111V  A V  0 17 -1 -1 -1    1.300     2.391002      1.190      1.091     1.264786     3.655788  68  -1   -1.000
2L78 IA111V  I V  7 17 -1 -1 -1    0.900    -0.210939      1.234      1.111     2.428324     2.217385  62  -1   -1.000
1CV1 MA111V  M V 10 17 -1 -1 -1    0.700    -0.175783      0.767      0.876     2.014537     1.838754  60  -1   -1.000
1TLA FA117S  F S  4 15 -1 -1 -1   -1.100    -1.225589      0.016      0.126     2.313751     1.088161  63  -1   -1.000
1CVK AA118L  A L  0  9 -1 -1 -1    3.200     2.051892      1.318      1.148     1.215581     3.267473  65  -1   -1.000
1CV4 MA118L  M L 10  9 -1 -1 -1    0.700     1.909636      1.463      1.210     1.757558     3.667194  67  -1   -1.000
233L LA120M  L M  9 10 -1 -1 -1   -0.500     1.545365      4.184      2.045     1.362626     2.907991  48  -1   -1.000
232L KA120M  K M  8 10 -1 -1 -1    1.600     2.208871      0.371      0.609     0.531672     2.740543  48  -1   -1.000
1P6Y YA120M  Y M 19 10 -1 -1 -1    0.100     1.149817      1.102      1.050     1.648472     2.798290  48  -1   -1.000
1CV3 MA121L  M L 10  9 -1 -1 -1    0.800     2.290622      2.222      1.491     1.524577     3.815198  59  -1   -1.000
1QTC FA129A  F A  4  0 -1 -1 -1    1.200     0.253586      0.896      0.946     1.891603     2.145189  51  -1   -1.000
1QTD WA129A  W A 18  0 -1 -1 -1    2.200     0.722391      2.183      1.478     1.375094     2.097486  49  -1   -1.000
118L SA130A  S A 15  0 -1 -1 -1    1.000     1.755259      0.570      0.755     0.618625     2.373884  57  -1   -1.000
1P64 FA133L  F L  4  9 -1 -1 -1    0.300     0.046990      0.064      0.253     3.149854     3.196844  63  -1   -1.000
1CV5 MA133L  M L 10  9 -1 -1 -1    0.400     0.636735      0.056      0.237     2.781870     3.418606  61  -1   -1.000
119L SA134A  S A 15  0 -1 -1 -1    0.100     1.463465      1.859      1.363     0.561439     2.024904  49  -1   -1.000
1L39 EA144N  E N  3 11 -1 -1 -1   -0.500     0.400231      0.810      0.900     0.737368     1.137599  46  -1   -1.000
237L AA149V  A V  0 17 -1 -1 -1    3.200     2.469625      0.533      0.730     1.735316     4.204941  79  -1   -1.000
1G07 CA149V  C V  1 17 -1 -1 -1    2.000     2.857697      0.736      0.858     1.074929     3.932626  77  -1   -1.000
1G0P GA149V  G V  5 17 -1 -1 -1    4.900     4.437505      0.214      0.462    -0.332182     4.105323  79  -1   -1.000
1G0Q IA149V  I V  7 17 -1 -1 -1    0.100     1.232227      1.282      1.132     2.553286     3.785513  80  -1   -1.000
1CV6 MA149V  M V 10 17 -1 -1 -1    2.800     1.774928      1.051      1.025     1.930588     3.705516  76  -1   -1.000
126L TA149V  T V 16 17 -1 -1 -1    2.800     3.458668      0.434      0.659     0.785232     4.243900  80  -1   -1.000
1G06 SA149V  S V 15 17 -1 -1 -1    4.400     3.680363      0.518      0.720     0.377587     4.057950  80  -1   -1.000
1G0G AA152T  A T  0 16 -1 -1 -1    1.500     0.055800      2.086      1.444     1.678672     1.734472  66  -1   -1.000
1G0K CA152T  C T  1 16 -1 -1 -1    0.500     0.638780      0.019      0.139     0.867995     1.506776  69  -1   -1.000
1G0M IA152T  I T  7 16 -1 -1 -1    0.400    -0.949307      1.821      1.349     2.564643     1.615336  66  -1   -1.000
1G0J SA152T  S T 15 16 -1 -1 -1    2.000     1.399732      0.360      0.600     0.539757     1.939489  68  -1   -1.000
1G0L VA152T  V T 17 16 -1 -1 -1   -0.200     0.456520      0.431      0.657     1.444038     1.900558  69  -1   -1.000
1L85 AA153F  A F  0  4 -1 -1 -1    3.800     2.968899      0.691      0.831     1.712563     4.681461  76  -1   -1.000
1L86 IA153F  I F  7  4 -1 -1 -1    0.200     1.353908      1.332      1.154     3.167581     4.521489  72  -1   -1.000
1L87 LA153F  L F  9  4 -1 -1 -1   -0.300     2.100556      5.763      2.401     2.861194     4.961750  72  -1   -1.000
1L88 MA153F  M F 10  4 -1 -1 -1    0.600     2.567977      3.873      1.968     2.300046     4.868023  73  -1   -1.000
1L95 VA153F  V F 17  4 -1 -1 -1    1.800     2.855796      1.115      1.056     1.873486     4.729281  73  -1   -1.000
1OUG AA2V    A V  0 17 -1 -1 -1    1.500     0.243928      1.578      1.256     0.201109     0.445037  41  -1   -1.000
1GAY GA2V    G V  5 17 -1 -1 -1    2.290     0.642286      2.715      1.648    -0.202482     0.439804  42  -1   -1.000
1GF8 SA2V    S V 15 17 -1 -1 -1    1.400     0.924777      0.226      0.475     0.235618     1.160395  42  -1   -1.000
1GF9 YA2V    Y V 19 17 -1 -1 -1    0.400     0.662784      0.069      0.263     0.512500     1.175285  42  -1   -1.000
1GFA DA2V    D V  2 17 -1 -1 -1    1.400     0.145640      1.573      1.254     0.337777     0.483417  42  -1   -1.000
1GFE NA2V    N V 11 17 -1 -1 -1    1.300     0.948638      0.123      0.351     0.308479     1.257117  42  -1   -1.000
1GFG RA2V    R V 14 17 -1 -1 -1    0.400     0.544777      0.021      0.145     0.573563     1.118340  43  -1   -1.000
1GB0 LA2V    L V  9 17 -1 -1 -1    0.050     0.197638      0.022      0.148     0.228880     0.426519  42  -1   -1.000
1GB2 MA2V    M V 10 17 -1 -1 -1    0.200     0.581453      0.146      0.381     0.279936     0.861388  42  -1   -1.000
1GB3 FA2V    F V  4 17 -1 -1 -1    0.800     0.676778      0.015      0.123     0.062850     0.739628  42  -1   -1.000
1WQN FA20Y   F Y  4 19 -1 -1 -1    0.500     1.256419      0.572      0.756     1.267085     2.523503  46  -1   -1.000
2HEB AA23I   A I  0  7 -1 -1 -1    2.500     1.950293      0.302      0.550     0.607668     2.557961  57  -1   -1.000
1YAN VA23I   V I 17  7 -1 -1 -1    0.400     0.885175      0.235      0.485     2.161251     3.046426  59  -1   -1.000
1WQO FA38Y   F Y  4 19 -1 -1 -1    0.200     1.767611      2.457      1.568     1.885285     3.652896  62  -1   -1.000
1WQP FA45Y   F Y  4 19 -1 -1 -1   -0.100     0.657850      0.574      0.758     1.034748     1.692599  41  -1   -1.000
1LHL PA47A   P A 12  0 -1 -1 -1   -0.100    -0.183616      0.007      0.084     0.695793     0.512177  23  -1   -1.000
1WQQ FA54Y   F Y  4 19 -1 -1 -1    1.000     4.367578     11.341      3.368     0.475254     4.842833  72  -1   -1.000
2HEC AA56I   A I  0  7 -1 -1 -1    3.700     3.960209      0.068      0.260     0.234321     4.194530  78  -1   -1.000
1OUA TA56I   T I 16  7 -1 -1 -1    3.600     3.464316      0.018      0.136     0.275233     3.739549  77  -1   -1.000
1YAO VA56I   V I 17  7 -1 -1 -1    1.200     3.054442      3.439      1.854     1.069343     4.123785  77  -1   -1.000
2HED AA59I   A I  0  7 -1 -1 -1    1.700     3.373477      2.801      1.673     0.591367     3.964844  82  -1   -1.000
2HEE GA59I   G I  5  7 -1 -1 -1    3.800     3.445094      0.126      0.355     0.148201     3.593295  82  -1   -1.000
1YAP VA59I   V I 17  7 -1 -1 -1    1.100     0.483706      0.380      0.616     2.763194     3.246899  82  -1   -1.000
1WQR FA63Y   F Y  4 19 -1 -1 -1    0.200     0.761890      0.316      0.562     1.438038     2.199929  59  -1   -1.000
1LHI GA71P   G P  5 12 -1 -1 -1    1.600     0.127865      2.167      1.472     0.277136     0.405001  28  -1   -1.000
1OUH AA74V   A V  0 17 -1 -1 -1    0.400     1.029925      0.397      0.630     0.140673     1.170598  39  -1   -1.000
1GB5 GA74V   G V  5 17 -1 -1 -1    0.100     1.036520      0.877      0.937     0.096209     1.132729  40  -1   -1.000
1GB6 IA74V   I V  7 17 -1 -1 -1   -0.450     0.578095      1.057      1.028     0.519092     1.097187  38  -1   -1.000
1GB7 LA74V   L V  9 17 -1 -1 -1   -0.190     1.305940      2.238      1.496    -0.042244     1.263696  38  -1   -1.000
1GB8 MA74V   M V 10 17 -1 -1 -1   -0.650     0.922848      2.474      1.573     0.350420     1.273268  39  -1   -1.000
1GB9 FA74V   F V  4 17 -1 -1 -1    0.290     0.921740      0.399      0.632     0.402342     1.324082  37  -1   -1.000
1GFH YA74V   Y V 19 17 -1 -1 -1    0.300     0.614710      0.099      0.315     0.674136     1.288845  37  -1   -1.000
1GFJ DA74V   D V  2 17 -1 -1 -1    0.400     1.193485      0.630      0.793     0.225891     1.419376  38  -1   -1.000
1GFK NA74V   N V 11 17 -1 -1 -1    0.300     0.999702      0.490      0.700     0.250631     1.250332  38  -1   -1.000
1GFR RA74V   R V 14 17 -1 -1 -1    0.100     0.578994      0.229      0.479     0.547197     1.126191  37  -1   -1.000
1B7S SA74V   S V 15 17 -1 -1 -1    0.400     1.157256      0.573      0.757     0.011248     1.168504  38  -1   -1.000
1HNL AA77C   A C  0  1 -1 -1 -1    4.600    -0.176058     22.811      4.776    -0.122673    -0.298732  42  -1   -1.000
2HEF AA89I   A I  0  7 -1 -1 -1    2.700     1.988501      0.506      0.711     0.730791     2.719291  65  -1   -1.000
1YAQ VA89I   V I 17  7 -1 -1 -1    0.500     1.032976      0.284      0.533     2.139189     3.172165  65  -1   -1.000
1LHK PA91D   P D 12  2 -1 -1 -1    0.400     0.015567      0.148      0.384     0.927588     0.943155  57  -1   -1.000
1OUI AA93V   A V  0 17 -1 -1 -1    0.700     1.822540      1.260      1.123     0.726004     2.548544  81  -1   -1.000
1OUJ AA99V   A V  0 17 -1 -1 -1    1.000     1.038113      0.001      0.038     1.323625     2.361738  67  -1   -1.000
1OUB AA100V  A V  0 17 -1 -1 -1    0.300    -0.147291      0.200      0.447     1.497986     1.350695  60  -1   -1.000
1LHJ GA103P  G P  5 12 -1 -1 -1    0.100    -0.282532      0.146      0.383     0.460293     0.177761  24  -1   -1.000
2HEA AA106I  A I  0  7 -1 -1 -1    0.900     1.474346      0.330      0.574     1.389836     2.864182  58  -1   -1.000
1YAM VA106I  V I 17  7 -1 -1 -1    0.700     1.426547      0.528      0.727     1.752814     3.179361  58  -1   -1.000
1OUC AA110V  A V  0 17 -1 -1 -1   -0.500     0.162067      0.438      0.662     0.498665     0.660732  51  -1   -1.000
1GFU DA110V  D V  2 17 -1 -1 -1   -0.200    -0.187923      0.000      0.012     0.681151     0.493228  48  -1   -1.000
1GBO GA110V  G V  5 17 -1 -1 -1   -0.480    -0.172708      0.094      0.307     0.459493     0.286784  52  -1   -1.000
1GBW IA110V  I V  7 17 -1 -1 -1   -0.860     0.154711      1.030      1.015     0.309949     0.464660  48  -1   -1.000
1GBX LA110V  L V  9 17 -1 -1 -1   -0.100     0.419849      0.270      0.520     0.127858     0.547707  48  -1   -1.000
1GBY MA110V  M V 10 17 -1 -1 -1   -0.400     0.659785      1.123      1.060     0.024313     0.684098  48  -1   -1.000
1GFV NA110V  N V 11 17 -1 -1 -1   -0.100    -0.389184      0.084      0.289     0.776730     0.387546  48  -1   -1.000
1INU RA110V  R V 14 17 -1 -1 -1   -0.900    -0.539268      0.130      0.361     0.917144     0.377876  49  -1   -1.000
1GBZ FA110V  F V  4 17 -1 -1 -1    0.050     1.327904      1.633      1.278    -0.659577     0.668327  46  -1   -1.000
1LHH PA110V  P V 12 17 -1 -1 -1   -0.500    -0.442665      0.003      0.057     0.960957     0.518293  49  -1   -1.000
1GFT YA110V  Y V 19 17 -1 -1 -1    0.100    -0.043485      0.021      0.143     0.682676     0.639191  47  -1   -1.000
1OUD AA121V  A V  0 17 -1 -1 -1    1.400     1.859412      0.211      0.459     0.121084     1.980497  46  -1   -1.000
1WQM FA124Y  F Y  4 19 -1 -1 -1    0.400     1.456775      1.117      1.057     1.236234     2.693009  51  -1   -1.000
1OUE AA125V  A V  0 17 -1 -1 -1    1.300     1.485497      0.034      0.185     0.584295     2.069792  47  -1   -1.000
1OUF AA130V  A V  0 17 -1 -1 -1    0.800    -0.007146      0.651      0.807     0.928407     0.921261  35  -1   -1.000
1DMQ FA32Y   F Y  4 19 -1 -1 -1   -0.200    -0.129794      0.005      0.070     3.527552     3.397758  66  -1   -1.000
1DMM FA57Y   F Y  4 19 -1 -1 -1    1.200    -0.141918      1.801      1.342     2.679413     2.537495  59  -1   -1.000
1RGC KA25Q   K Q  8 13 -1 -1 -1   -1.400    -0.380196      1.040      1.020     0.779074     0.398879  45  -1   -1.000
1VQG LA47I   L I  9  7 -1 -1 -1    0.400     0.615073      0.046      0.215     2.847080     3.462154  62  -1   -1.000
1VQH MA47I   M I 10  7 -1 -1 -1    1.700     0.755960      0.891      0.944     2.483713     3.239673  61  -1   -1.000
1VQI VA47I   V I 17  7 -1 -1 -1    2.000     0.619689      1.905      1.380     2.607531     3.227220  62  -1   -1.000
1VQJ IA35V   I V  7 17 -1 -1 -1    0.600     0.253711      0.120      0.346     2.803999     3.057710  47  -1   -1.000
1YHB FA41Y   F Y  4 19 -1 -1 -1    3.200    -0.071193     10.701      3.271     0.573415     0.502222  20  -1   -1.000
149L LA3I    L I  9  7 -1 -1 -1   -0.700     0.666680      1.868      1.367     2.072072     2.738752  65  -1   -1.000
172L CA3I    C I  1  7 -1 -1 -1   -1.200     2.106804     10.935      3.307     0.803469     2.910273  65  -1   -1.000
1L96 PA3I    P I 12  7 -1 -1 -1    3.000     2.266206      0.538      0.734     0.682713     2.948919  66  -1   -1.000
1L18 YA3I    Y I 19  7 -1 -1 -1    2.300     1.114569      1.405      1.185     1.521238     2.635807  66  -1   -1.000
1L17 VA3I    V I 17  7 -1 -1 -1    0.400     1.661272      1.591      1.261     1.329161     2.990433  64  -1   -1.000
150L IA6M    I M  7 10 -1 -1 -1    1.400     1.378308      0.000      0.022     2.032914     3.411223  64  -1   -1.000
1L42 EA16K   E K  3  8 -1 -1 -1   -0.500     0.855168      1.836      1.355     0.502996     1.358164  51  -1   -1.000
1L19 DA38S   D S  2 15 -1 -1 -1   -0.600     0.130915      0.534      0.731     0.654999     0.785915  29  -1   -1.000
1L21 GA55N   G N  5 11 -1 -1 -1    0.600     0.483555      0.014      0.116     0.568306     1.051860  36  -1   -1.000
1L56 PA60K   P K 12  8 -1 -1 -1    0.001     0.128557      0.016      0.128     0.949912     1.078469  42  -1   -1.000
1L23 AA77G   A G  0  5 -1 -1 -1   -0.400    -0.926259      0.277      0.526     1.289035     0.362776  43  -1   -1.000
1L24 PA82A   P A 12  0 -1 -1 -1   -0.800    -0.060046      0.548      0.740     1.241219     1.181173  37  -1   -1.000
3C81 AA85K   A K  0  8 -1 -1 -1    0.600     0.309620      0.084      0.290     1.132340     1.441961  51  -1   -1.000
3C83 AA89D   A D  0  2 -1 -1 -1    0.500     0.034060      0.217      0.466     0.836066     0.870125  43  -1   -1.000
3C7Y AA96R   A R  0 14 -1 -1 -1    2.000     1.233916      0.587      0.766     1.900509     3.134425  75  -1   -1.000
3C8Q DA96R   D R  2 14 -1 -1 -1    3.500     2.619062      0.776      0.881     0.656453     3.275515  76  -1   -1.000
3CDV MA96R   M R 10 14 -1 -1 -1    2.700     0.860156      3.385      1.840     2.434797     3.294953  76  -1   -1.000
3C8S EA96R   E R  3 14 -1 -1 -1    2.500     2.266625      0.054      0.233     1.058719     3.325345  77  -1   -1.000
3C8R GA96R   G R  5 14 -1 -1 -1    2.600     2.953530      0.125      0.354     0.282919     3.236449  77  -1   -1.000
3CDR QA96R   Q R 13 14 -1 -1 -1    0.300     1.652208      1.828      1.352     1.603718     3.255926  76  -1   -1.000
3F8V HA96R   H R  6 14 -1 -1 -1    3.100     1.547385      2.411      1.553     1.164728     2.712113  77  -1   -1.000
3CDT NA96R   N R 11 14 -1 -1 -1    3.000     1.799569      1.441      1.200     1.032562     2.832131  79  -1   -1.000
3C7W KA96R   K R  8 14 -1 -1 -1    0.001     1.914154      3.660      1.913     1.210135     3.124289  76  -1   -1.000
3CDQ SA96R   S R 15 14 -1 -1 -1    2.600     2.401813      0.039      0.198     0.735897     3.137709  77  -1   -1.000
3C80 YA96R   Y R 19 14 -1 -1 -1    4.700     0.383206     18.635      4.317     1.982105     2.365312  79  -1   -1.000
3CDO VA96R   V R 17 14 -1 -1 -1    2.400     0.969636      2.046      1.430     1.976019     2.945655  79  -1   -1.000
3FI5 WA96R   W R 18 14 -1 -1 -1    4.500     0.950994     12.595      3.549     2.156343     3.107337  80  -1   -1.000
1L48 VA98A   V A 17  0 -1 -1 -1    4.900     0.830961     16.557      4.069     2.357668     3.188629  90  -1   -1.000
1L00 AA105Q  A Q  0 13 -1 -1 -1    0.600     0.703014      0.011      0.103     0.990596     1.693610  80  -1   -1.000
1L98 EA105Q  E Q  3 13 -1 -1 -1    1.100     1.310848      0.044      0.211     0.591665     1.902513  83  -1   -1.000
1L99 GA105Q  G Q  5 13 -1 -1 -1    1.500     1.593145      0.009      0.093     0.037214     1.630359  84  -1   -1.000
1L60 AA113G  A G  0  5 -1 -1 -1   -0.300    -0.085066      0.046      0.215     0.641436     0.556371  46  -1   -1.000
1L37 EA115T  E T  3 16 -1 -1 -1   -0.300     0.347914      0.420      0.648     0.670575     1.018489  50  -1   -1.000
1L57 DA116N  D N  2 11 -1 -1 -1   -0.600     0.690352      1.665      1.290     0.648949     1.339301  45  -1   -1.000
1L44 EA119R  E R  3 14 -1 -1 -1    0.040     1.024764      0.970      0.985     0.776710     1.801474  49  -1   -1.000
1L38 EA123Q  E Q  3 13 -1 -1 -1   -0.400     0.730588      1.278      1.131     0.637398     1.367986  37  -1   -1.000
1L22 GA124K  G K  5  8 -1 -1 -1    0.100     0.433135      0.111      0.333     0.829783     1.262918  44  -1   -1.000
1L33 AA131V  A V  0 17 -1 -1 -1   -0.300     0.458956      0.576      0.759     1.159543     1.618500  46  -1   -1.000
1DYA DA131V  D V  2 17 -1 -1 -1   -0.100     0.923482      1.048      1.023     0.682720     1.606203  46  -1   -1.000
1DYB GA131V  G V  5 17 -1 -1 -1    0.700     1.248120      0.300      0.548     0.257010     1.505130  46  -1   -1.000
1DYC IA131V  I V  7 17 -1 -1 -1   -0.200     1.068679      1.610      1.269     0.496232     1.564910  46  -1   -1.000
1DYD LA131V  L V  9 17 -1 -1 -1   -0.100     0.888778      0.978      0.989     0.686351     1.575129  46  -1   -1.000
1DYE SA131V  S V 15 17 -1 -1 -1    0.100     0.963679      0.746      0.864     0.571168     1.534847  46  -1   -1.000
1DYF MA131V  M V 10 17 -1 -1 -1   -0.100     0.781086      0.776      0.881     0.872255     1.653341  47  -1   -1.000
1DYG EA131V  E V  3 17 -1 -1 -1   -0.200     0.647701      0.719      0.848     0.882660     1.530361  48  -1   -1.000
1L69 AA133L  A L  0  9 -1 -1 -1    4.200     1.602811      6.745      2.597     1.634565     3.237375  61  -1   -1.000
1L45 EA135K  E K  3  8 -1 -1 -1    1.000     0.460704      0.291      0.539     0.772062     1.232766  41  -1   -1.000
1L20 DA144N  D N  2 11 -1 -1 -1   -0.400     0.502741      0.815      0.903     0.581880     1.084621  45  -1   -1.000
1L46 EA147K  E K  3  8 -1 -1 -1    0.700     0.609354      0.008      0.091     0.803651     1.413005  58  -1   -1.000
1L53 CA149V  C V  1 17 -1 -1 -1    2.200     3.237323      1.076      1.037     0.548002     3.785325  79  -1   -1.000
1L52 SA152T  S T 15 16 -1 -1 -1    2.600     1.343320      1.579      1.257     0.595424     1.938744  68  -1   -1.000
1L47 EA154R  E R  3 14 -1 -1 -1    1.100     1.936957      0.700      0.837     0.587441     2.524398  55  -1   -1.000
1L16 DA156G  D G  2  5 -1 -1 -1    2.300     0.976151      1.753      1.324     0.176622     1.152773  50  -1   -1.000
1L02 AA157T  A T  0 16 -1 -1 -1    0.500     1.959094      2.129      1.459    -0.565985     1.393108  45  -1   -1.000
1L03 CA157T  C T  1 16 -1 -1 -1    1.300     1.028307      0.074      0.272     0.087573     1.115880  45  -1   -1.000
1L04 DA157T  D T  2 16 -1 -1 -1    1.100     0.622207      0.228      0.478     0.464397     1.086604  45  -1   -1.000
1L06 EA157T  E T  3 16 -1 -1 -1    0.800     1.106742      0.094      0.307     0.243053     1.349795  45  -1   -1.000
1L07 FA157T  F T  4 16 -1 -1 -1    2.400     1.061068      1.793      1.339     0.187839     1.248907  45  -1   -1.000
1L08 GA157T  G T  5 16 -1 -1 -1    1.100     0.670691      0.184      0.429     0.553449     1.224139  45  -1   -1.000
1L09 HA157T  H T  6 16 -1 -1 -1    2.100     1.204255      0.802      0.896     0.229497     1.433752  45  -1   -1.000
1L10 IA157T  I T  7 16 -1 -1 -1    1.500     1.676528      0.031      0.177    -0.447812     1.228716  45  -1   -1.000
1L11 LA157T  L T  9 16 -1 -1 -1    1.700     1.417917      0.080      0.282     0.015263     1.433180  43  -1   -1.000
1L12 NA157T  N T 11 16 -1 -1 -1    1.200    -0.069901      1.613      1.270     1.131873     1.061972  45  -1   -1.000
1L13 RA157T  R T 14 16 -1 -1 -1   -0.300     0.555413      0.732      0.855     0.993939     1.549352  45  -1   -1.000
1L14 SA157T  S T 15 16 -1 -1 -1    0.700     0.901548      0.041      0.202     0.628550     1.530098  45  -1   -1.000
1L15 VA157T  V T 17 16 -1 -1 -1    1.200     1.414977      0.046      0.215    -0.130614     1.284363  45  -1   -1.000
1RDA NA10D   N D 11  2 -1 -1 -1   -0.900     0.231349      1.280      1.131     0.903480     1.134829  81  -1   -1.000
1RDB QA48E   Q E 13  3 -1 -1 -1   -0.200     0.018887      0.048      0.219     0.959429     0.978316  97  -1   -1.000
3AA5 FX52A   F A  4  0 -1 -1 -1    0.500    -1.683095      4.766      2.183     3.661184     1.978089  96  -1   -1.000
3AA2 IA52A   I A  7  0 -1 -1 -1   -1.900    -1.254926      0.416      0.645     3.872416     2.617490  95  -1   -1.000
3AA3 LA52A   L A  9  0 -1 -1 -1   -1.300    -0.739117      0.315      0.561     3.247282     2.508166  96  -1   -1.000
3AA4 VA52A   V A 17  0 -1 -1 -1   -1.700    -0.051513      2.718      1.648     2.570584     2.519071  95  -1   -1.000
1RBS AA62H   A H  0  6 -1 -1 -1   -0.400     0.056231      0.208      0.456     0.479161     0.535392  36  -1   -1.000
1RBR PA62H   P H 12  6 -1 -1 -1   -1.100    -1.111326      0.000      0.011     1.406329     0.295003  36  -1   -1.000
1RDC NA70D   N D 11  2 -1 -1 -1   -0.900    -0.215557      0.468      0.684     1.153431     0.937873  63  -1   -1.000
1LAV LA74V   L V  9 17 -1 -1 -1   -0.190    -0.239465      0.002      0.049     2.452811     2.213346  75  -1   -1.000
1LAW IA74V   I V  7 17 -1 -1 -1   -0.450    -0.159111      0.085      0.291     2.414511     2.255400  74  -1   -1.000
1GOB AA77G   A G  0  5 -1 -1 -1    0.900    -0.891712      3.210      1.792     1.001248     0.109535  61  -1   -1.000
1RBV AA95K   A K  0  8 -1 -1 -1   -0.100     0.548309      0.420      0.648    -0.053098     0.495211  21  -1   -1.000
1RBT GA95K   G K  5  8 -1 -1 -1   -1.900    -0.142764      3.088      1.757     0.545335     0.402570  21  -1   -1.000
1RBU NA95K   N K 11  8 -1 -1 -1   -0.900    -0.166765      0.538      0.733     0.669091     0.502326  21  -1   -1.000
1KVA AA134D  A D  0  2 -1 -1 -1   -2.100    -0.440545      2.754      1.659     1.282056     0.841512  67  -1   -1.000
1KVB HA134D  H D  6  2 -1 -1 -1   -2.300     0.164457      6.074      2.464     0.683756     0.848213  68  -1   -1.000
1KVC NA134D  N D 11  2 -1 -1 -1   -1.000     0.513786      2.292      1.514     0.362477     0.876263  68  -1   -1.000
1IOS FA12M   F M  4 10 -1 -1 -1   -0.500     0.335433      0.698      0.835     3.088897     3.424330  72  -1   -1.000
1IOT LA12M   L M  9 10 -1 -1 -1    0.400     0.054766      0.119      0.345     3.326592     3.381359  72  -1   -1.000
1HER SA40T   S T 15 16 -1 -1 -1    0.300     0.916893      0.381      0.617     0.423691     1.340584  59  -1   -1.000
1FN5 AA49G   A G  0  5 -1 -1 -1    1.900     0.280989      2.621      1.619     0.325664     0.606653  29  -1   -1.000
1HEO VA55I   V I 17  7 -1 -1 -1    0.900     3.773560      8.257      2.874     0.239859     4.013420  79  -1   -1.000
1IR8 MA58I   M I 10  7 -1 -1 -1    1.200     2.519815      1.742      1.320     0.930757     3.450572  83  -1   -1.000
1FLU AA67G   A G  0  5 -1 -1 -1    0.500     0.408828      0.008      0.091     0.003256     0.412084  36  -1   -1.000
1FLW AA71G   A G  0  5 -1 -1 -1    0.380     0.432621      0.003      0.053     0.041565     0.474187  30  -1   -1.000
1IR7 MA78I   M I 10  7 -1 -1 -1    0.900     1.970518      1.146      1.071     0.010776     1.981294  49  -1   -1.000
1LSN AA91S   A S  0 15 -1 -1 -1    1.800    -1.291827      9.559      3.092     1.915029     0.623202  82  -1   -1.000
1HEM TA91S   T S 16 15 -1 -1 -1   -1.000     0.401887      1.965      1.402     0.310722     0.712609  82  -1   -1.000
1IR9 MA98I   M I 10  7 -1 -1 -1    0.900     0.675035      0.051      0.225     1.934165     2.609200  64  -1   -1.000
1FLY AA102G  A G  0  5 -1 -1 -1   -0.020    -0.445268      0.181      0.425     0.720077     0.274809  24  -1   -1.000
1FLQ AA117G  A G  0  5 -1 -1 -1    1.460     0.632321      0.685      0.828    -0.176713     0.455608  34  -1   -1.000
1BTI AA22F   A F  0  4 -1 -1 -1    1.200     1.976564      0.603      0.777     1.025945     3.002508  52  -1   -1.000
1BPT AA23Y   A Y  0 19 -1 -1 -1    5.900     2.452716     11.884      3.447     0.732694     3.185410  44  -1   -1.000
8PTI GA35Y   G Y  5 19 -1 -1 -1    5.000    -0.465925     29.876      5.466     0.408468    -0.057457  35  -1   -1.000
1NAG GA43N   G N  5 11 -1 -1 -1    5.700     1.270371     19.622      4.430     0.105447     1.375818  50  -1   -1.000
1FAN AA45F   A F  0  4 -1 -1 -1    6.900     1.579618     28.306      5.320     0.706440     2.286057  50  -1   -1.000
