# COMMAND> S461_EvoFF_DIR.txt 3 4 200
# Total data entries loaded: 461
# Total Experimental Positives 74 and Negatives 387 using 0 threshold.
# Experimental Positives ratio EP/(EN+EP)= 0.161
# Total Predicted Positives 119 and Negatives 342 using 0 threshold.
# Predicted Positives ratio PP/(PN+PP)= 0.258
# Predicted data goes from -4.120001 to 1.940001 (range 6.060002) --> 200 samples taken in 0.03030001 steps.
#
#     thrP  REC|TPR PREC|PPV      FPR       SP      MCC      ACC      ERR      F05       F1       F2    dist2
    -4.120 1.000000 0.160521 1.000000 0.000000 0.000000 0.160521 0.839479 0.231491 0.276636 0.488771 1.000000
    -4.090 1.000000 0.160870 0.997416 0.002584 0.020388 0.162690 0.837310 0.231975 0.277154 0.489418 0.994839
    -4.059 1.000000 0.160870 0.997416 0.002584 0.020388 0.162690 0.837310 0.231975 0.277154 0.489418 0.994839
    -4.029 1.000000 0.161220 0.994832 0.005168 0.028865 0.164859 0.835141 0.232461 0.277674 0.490066 0.989691
    -3.999 1.000000 0.161220 0.994832 0.005168 0.028865 0.164859 0.835141 0.232461 0.277674 0.490066 0.989691
    -3.969 1.000000 0.161220 0.994832 0.005168 0.028865 0.164859 0.835141 0.232461 0.277674 0.490066 0.989691
    -3.938 1.000000 0.161220 0.994832 0.005168 0.028865 0.164859 0.835141 0.232461 0.277674 0.490066 0.989691
    -3.908 1.000000 0.161220 0.994832 0.005168 0.028865 0.164859 0.835141 0.232461 0.277674 0.490066 0.989691
    -3.878 1.000000 0.161220 0.994832 0.005168 0.028865 0.164859 0.835141 0.232461 0.277674 0.490066 0.989691
    -3.847 1.000000 0.161220 0.994832 0.005168 0.028865 0.164859 0.835141 0.232461 0.277674 0.490066 0.989691
    -3.817 1.000000 0.161220 0.994832 0.005168 0.028865 0.164859 0.835141 0.232461 0.277674 0.490066 0.989691
    -3.787 1.000000 0.161220 0.994832 0.005168 0.028865 0.164859 0.835141 0.232461 0.277674 0.490066 0.989691
    -3.756 1.000000 0.161220 0.994832 0.005168 0.028865 0.164859 0.835141 0.232461 0.277674 0.490066 0.989691
    -3.726 1.000000 0.161220 0.994832 0.005168 0.028865 0.164859 0.835141 0.232461 0.277674 0.490066 0.989691
    -3.696 1.000000 0.161926 0.989664 0.010336 0.040910 0.169197 0.830803 0.233438 0.278719 0.491368 0.979435
    -3.666 1.000000 0.161926 0.989664 0.010336 0.040910 0.169197 0.830803 0.233438 0.278719 0.491368 0.979435
    -3.635 1.000000 0.161926 0.989664 0.010336 0.040910 0.169197 0.830803 0.233438 0.278719 0.491368 0.979435
    -3.605 1.000000 0.161926 0.989664 0.010336 0.040910 0.169197 0.830803 0.233438 0.278719 0.491368 0.979435
    -3.575 1.000000 0.161926 0.989664 0.010336 0.040910 0.169197 0.830803 0.233438 0.278719 0.491368 0.979435
    -3.544 1.000000 0.161926 0.989664 0.010336 0.040910 0.169197 0.830803 0.233438 0.278719 0.491368 0.979435
    -3.514 1.000000 0.161926 0.989664 0.010336 0.040910 0.169197 0.830803 0.233438 0.278719 0.491368 0.979435
    -3.484 1.000000 0.161926 0.989664 0.010336 0.040910 0.169197 0.830803 0.233438 0.278719 0.491368 0.979435
    -3.453 1.000000 0.161926 0.989664 0.010336 0.040910 0.169197 0.830803 0.233438 0.278719 0.491368 0.979435
    -3.423 1.000000 0.161926 0.989664 0.010336 0.040910 0.169197 0.830803 0.233438 0.278719 0.491368 0.979435
    -3.393 1.000000 0.162637 0.984496 0.015504 0.050215 0.173536 0.826464 0.234424 0.279773 0.492676 0.969233
    -3.363 1.000000 0.162996 0.981912 0.018088 0.054298 0.175705 0.824295 0.234921 0.280303 0.493333 0.964151
    -3.332 1.000000 0.162996 0.981912 0.018088 0.054298 0.175705 0.824295 0.234921 0.280303 0.493333 0.964151
    -3.302 1.000000 0.162996 0.981912 0.018088 0.054298 0.175705 0.824295 0.234921 0.280303 0.493333 0.964151
    -3.272 0.986486 0.161148 0.981912 0.018088 0.012859 0.173536 0.826464 0.232238 0.277040 0.487316 0.964334
    -3.241 0.972973 0.159292 0.981912 0.018088 -0.023718 0.171367 0.828633 0.229543 0.273764 0.481283 0.964882
    -3.211 0.972973 0.159292 0.981912 0.018088 -0.023718 0.171367 0.828633 0.229543 0.273764 0.481283 0.964882
    -3.181 0.972973 0.159292 0.981912 0.018088 -0.023718 0.171367 0.828633 0.229543 0.273764 0.481283 0.964882
    -3.150 0.972973 0.159292 0.981912 0.018088 -0.023718 0.171367 0.828633 0.229543 0.273764 0.481283 0.964882
    -3.120 0.972973 0.159292 0.981912 0.018088 -0.023718 0.171367 0.828633 0.229543 0.273764 0.481283 0.964882
    -3.090 0.972973 0.159645 0.979328 0.020672 -0.016014 0.173536 0.826464 0.230032 0.274286 0.481928 0.959814
    -3.060 0.972973 0.159645 0.979328 0.020672 -0.016014 0.173536 0.826464 0.230032 0.274286 0.481928 0.959814
    -3.029 0.972973 0.159645 0.979328 0.020672 -0.016014 0.173536 0.826464 0.230032 0.274286 0.481928 0.959814
    -2.999 0.972973 0.159645 0.979328 0.020672 -0.016014 0.173536 0.826464 0.230032 0.274286 0.481928 0.959814
    -2.969 0.959459 0.157778 0.979328 0.020672 -0.047790 0.171367 0.828633 0.227321 0.270992 0.475871 0.960727
    -2.938 0.959459 0.157778 0.979328 0.020672 -0.047790 0.171367 0.828633 0.227321 0.270992 0.475871 0.960727
    -2.908 0.959459 0.157778 0.979328 0.020672 -0.047790 0.171367 0.828633 0.227321 0.270992 0.475871 0.960727
    -2.878 0.959459 0.158129 0.976744 0.023256 -0.039849 0.173536 0.826464 0.227807 0.271511 0.476510 0.955673
    -2.847 0.959459 0.158482 0.974160 0.025840 -0.032599 0.175705 0.824295 0.228296 0.272031 0.477151 0.950632
    -2.817 0.959459 0.158482 0.974160 0.025840 -0.032599 0.175705 0.824295 0.228296 0.272031 0.477151 0.950632
    -2.787 0.959459 0.158837 0.971576 0.028424 -0.025920 0.177874 0.822126 0.228786 0.272553 0.477793 0.945604
    -2.757 0.959459 0.159551 0.966408 0.033592 -0.013936 0.182213 0.817787 0.229773 0.273603 0.479082 0.935588
    -2.726 0.959459 0.159551 0.966408 0.033592 -0.013936 0.182213 0.817787 0.229773 0.273603 0.479082 0.935588
    -2.696 0.959459 0.159551 0.966408 0.033592 -0.013936 0.182213 0.817787 0.229773 0.273603 0.479082 0.935588
    -2.666 0.959459 0.160271 0.961240 0.038760 -0.003375 0.186551 0.813449 0.230769 0.274662 0.480379 0.925626
    -2.635 0.959459 0.160271 0.961240 0.038760 -0.003375 0.186551 0.813449 0.230769 0.274662 0.480379 0.925626
    -2.605 0.959459 0.160271 0.961240 0.038760 -0.003375 0.186551 0.813449 0.230769 0.274662 0.480379 0.925626
    -2.575 0.959459 0.160271 0.961240 0.038760 -0.003375 0.186551 0.813449 0.230769 0.274662 0.480379 0.925626
    -2.544 0.959459 0.160633 0.958656 0.041344 0.001483 0.188720 0.811280 0.231270 0.275194 0.481030 0.920665
    -2.514 0.959459 0.161364 0.953488 0.046512 0.010512 0.193059 0.806941 0.232279 0.276265 0.482337 0.910784
    -2.484 0.959459 0.161364 0.953488 0.046512 0.010512 0.193059 0.806941 0.232279 0.276265 0.482337 0.910784
    -2.454 0.959459 0.161364 0.953488 0.046512 0.010512 0.193059 0.806941 0.232279 0.276265 0.482337 0.910784
    -2.423 0.959459 0.161731 0.950904 0.049096 0.014732 0.195228 0.804772 0.232787 0.276803 0.482993 0.905863
    -2.393 0.959459 0.162844 0.943152 0.056848 0.026432 0.201735 0.798265 0.234323 0.278431 0.484973 0.891180
    -2.363 0.959459 0.163594 0.937984 0.062016 0.033572 0.206074 0.793926 0.235359 0.279528 0.486301 0.881458
    -2.332 0.959459 0.164352 0.932817 0.067183 0.040282 0.210412 0.789588 0.236404 0.280632 0.487637 0.871790
    -2.302 0.959459 0.164733 0.930233 0.069767 0.043497 0.212581 0.787419 0.236930 0.281188 0.488308 0.866976
    -2.272 0.959459 0.165116 0.927649 0.072351 0.046626 0.214751 0.785249 0.237458 0.281746 0.488981 0.862175
    -2.241 0.959459 0.166667 0.917313 0.082687 0.058411 0.223427 0.776573 0.239595 0.284000 0.491690 0.843106
    -2.211 0.959459 0.167849 0.909561 0.090439 0.066604 0.229935 0.770065 0.241223 0.285714 0.493741 0.828944
    -2.181 0.959459 0.168246 0.906977 0.093023 0.069231 0.232104 0.767896 0.241771 0.286290 0.494429 0.824250
    -2.151 0.945946 0.166271 0.906977 0.093023 0.050818 0.229935 0.770065 0.238908 0.282828 0.488145 0.825529
    -2.120 0.945946 0.167064 0.901809 0.098191 0.056305 0.234273 0.765727 0.240000 0.283976 0.489510 0.816181
    -2.090 0.945946 0.169903 0.883721 0.116279 0.074112 0.249458 0.750542 0.243902 0.288066 0.494350 0.783885
    -2.060 0.945946 0.171569 0.873385 0.126615 0.083504 0.258134 0.741866 0.246190 0.290456 0.497159 0.765723
    -2.029 0.945946 0.172414 0.868217 0.131783 0.088026 0.262473 0.737527 0.247350 0.291667 0.498575 0.756723
    -1.999 0.945946 0.173697 0.860465 0.139535 0.094618 0.268980 0.731020 0.249110 0.293501 0.500715 0.743322
    -1.969 0.945946 0.175000 0.852713 0.147287 0.101005 0.275488 0.724512 0.250896 0.295359 0.502874 0.730042
    -1.938 0.945946 0.176322 0.844961 0.155039 0.107212 0.281996 0.718004 0.252708 0.297240 0.505051 0.716881
    -1.908 0.945946 0.178117 0.834625 0.165375 0.115238 0.290672 0.709328 0.255164 0.299786 0.507983 0.699521
    -1.878 0.945946 0.178571 0.832041 0.167959 0.117205 0.292842 0.707158 0.255786 0.300429 0.508721 0.695215
    -1.848 0.945946 0.179028 0.829457 0.170543 0.119156 0.295011 0.704989 0.256410 0.301075 0.509461 0.690921
    -1.817 0.945946 0.180412 0.821705 0.178295 0.124927 0.301518 0.698482 0.258303 0.303030 0.511696 0.678122
    -1.787 0.945946 0.181347 0.816537 0.183463 0.128709 0.305857 0.694143 0.259580 0.304348 0.513196 0.669655
    -1.757 0.945946 0.183246 0.806202 0.193798 0.136132 0.314534 0.685466 0.262172 0.307018 0.516224 0.652883
    -1.726 0.945946 0.185676 0.793282 0.206718 0.145177 0.325380 0.674620 0.265487 0.310421 0.520059 0.632218
    -1.696 0.945946 0.188172 0.780362 0.219638 0.154001 0.336226 0.663774 0.268886 0.313901 0.523952 0.611886
    -1.666 0.945946 0.188679 0.777778 0.222222 0.155742 0.338395 0.661605 0.269576 0.314607 0.524738 0.607860
    -1.635 0.932432 0.189560 0.762274 0.237726 0.153246 0.349241 0.650759 0.270588 0.315068 0.522727 0.585627
    -1.605 0.918919 0.189944 0.749354 0.250646 0.149433 0.357918 0.642082 0.270916 0.314815 0.519878 0.568106
    -1.575 0.918919 0.190476 0.746770 0.253230 0.151191 0.360087 0.639913 0.271638 0.315545 0.520674 0.564240
    -1.545 0.905405 0.189266 0.741602 0.258398 0.142430 0.362256 0.637744 0.269799 0.313084 0.515385 0.558922
    -1.514 0.905405 0.189802 0.739018 0.260982 0.144209 0.364425 0.635575 0.270525 0.313817 0.516179 0.555096
    -1.484 0.891892 0.187500 0.739018 0.260982 0.132075 0.362256 0.637744 0.267206 0.309859 0.509259 0.557835
    -1.454 0.891892 0.190202 0.726098 0.273902 0.141066 0.373102 0.626898 0.270862 0.313539 0.513219 0.538906
    -1.423 0.891892 0.192420 0.715762 0.284238 0.148155 0.381779 0.618221 0.273859 0.316547 0.516432 0.524003
    -1.393 0.891892 0.194118 0.708010 0.291990 0.153418 0.388286 0.611714 0.276151 0.318841 0.518868 0.512966
    -1.363 0.891892 0.195266 0.702842 0.297158 0.156905 0.392625 0.607375 0.277700 0.320388 0.520505 0.505675
    -1.332 0.891892 0.195846 0.700258 0.299742 0.158642 0.394794 0.605206 0.278481 0.321168 0.521327 0.502049
    -1.302 0.891892 0.198198 0.689922 0.310078 0.165550 0.403471 0.596529 0.281650 0.324324 0.524642 0.487680
    -1.272 0.891892 0.200000 0.682171 0.317829 0.170695 0.409978 0.590022 0.284075 0.326733 0.527157 0.477044
    -1.242 0.878378 0.198777 0.677003 0.322997 0.162799 0.412148 0.587852 0.282200 0.324190 0.521669 0.473124
    -1.211 0.878378 0.201863 0.664083 0.335917 0.171415 0.422993 0.577007 0.286344 0.328283 0.525890 0.455798
    -1.181 0.864865 0.200000 0.661499 0.338501 0.162019 0.422993 0.577007 0.283604 0.324873 0.519481 0.455842
    -1.151 0.851351 0.200000 0.651163 0.348837 0.157972 0.429501 0.570499 0.283358 0.323907 0.515548 0.446109
    -1.120 0.851351 0.201923 0.643411 0.356589 0.163207 0.436009 0.563991 0.285930 0.326425 0.518092 0.436074
    -1.090 0.851351 0.203883 0.635659 0.364341 0.168424 0.442516 0.557484 0.288550 0.328982 0.520661 0.426159
    -1.060 0.851351 0.205882 0.627907 0.372093 0.173626 0.449024 0.550976 0.291217 0.331579 0.523256 0.416364
    -1.029 0.824324 0.201987 0.622739 0.377261 0.155678 0.449024 0.550976 0.285491 0.324468 0.510033 0.418666
    -0.999 0.824324 0.203333 0.617571 0.382429 0.159203 0.453362 0.546638 0.287284 0.326203 0.511745 0.412256
    -0.969 0.810811 0.203390 0.607235 0.392765 0.155680 0.459870 0.540130 0.287081 0.325203 0.507614 0.404527
    -0.938 0.810811 0.206897 0.594315 0.405685 0.164522 0.470716 0.529284 0.291734 0.329670 0.511945 0.389003
    -0.908 0.810811 0.209790 0.583979 0.416021 0.171582 0.479393 0.520607 0.295567 0.333333 0.515464 0.376824
    -0.878 0.810811 0.212766 0.573643 0.426357 0.178639 0.488069 0.511931 0.299501 0.337079 0.519031 0.364859
    -0.848 0.810811 0.217391 0.558140 0.441860 0.189229 0.501085 0.498915 0.305603 0.342857 0.524476 0.347312
    -0.817 0.810811 0.222222 0.542636 0.457364 0.199844 0.514100 0.485900 0.311958 0.348837 0.530035 0.330246
    -0.787 0.810811 0.227273 0.527132 0.472868 0.210506 0.527115 0.472885 0.318584 0.355030 0.535714 0.313660
    -0.757 0.810811 0.232558 0.511628 0.488372 0.221233 0.540130 0.459870 0.325497 0.361446 0.541516 0.297556
    -0.726 0.797297 0.236000 0.493540 0.506460 0.223814 0.553145 0.446855 0.329609 0.364198 0.540293 0.284670
    -0.696 0.783784 0.239669 0.475452 0.524548 0.226652 0.566161 0.433839 0.333973 0.367089 0.539033 0.272804
    -0.666 0.783784 0.243697 0.465116 0.534884 0.234082 0.574837 0.425163 0.339181 0.371795 0.543071 0.263083
    -0.635 0.770270 0.244635 0.454780 0.545220 0.231639 0.581345 0.418655 0.339960 0.371336 0.538752 0.259601
    -0.605 0.770270 0.251101 0.439276 0.560724 0.243036 0.594360 0.405640 0.348269 0.378738 0.544933 0.245740
    -0.575 0.716216 0.243119 0.426357 0.573643 0.213122 0.596529 0.403471 0.336152 0.363014 0.515564 0.262313
    -0.545 0.716216 0.247664 0.416021 0.583979 0.220963 0.605206 0.394794 0.341935 0.368056 0.519608 0.253606
    -0.514 0.675676 0.241546 0.405685 0.594315 0.199259 0.607375 0.392625 0.332594 0.355872 0.497018 0.269766
    -0.484 0.662162 0.242574 0.395349 0.604651 0.197403 0.613883 0.386117 0.333333 0.355072 0.491968 0.270435
    -0.454 0.662162 0.245000 0.390181 0.609819 0.201454 0.618221 0.381779 0.336384 0.357664 0.493952 0.266376
    -0.423 0.648649 0.243655 0.385013 0.614987 0.195632 0.620390 0.379610 0.334107 0.354244 0.486815 0.271683
    -0.393 0.635135 0.251337 0.361757 0.638243 0.204380 0.637744 0.362256 0.343066 0.360153 0.486542 0.263995
    -0.363 0.608108 0.248619 0.351421 0.648579 0.192955 0.642082 0.357918 0.338346 0.352941 0.471698 0.277076
    -0.332 0.567568 0.242775 0.338501 0.661499 0.173665 0.646421 0.353579 0.328982 0.340081 0.447761 0.301581
    -0.302 0.554054 0.239766 0.335917 0.664083 0.165769 0.646421 0.353579 0.324538 0.334694 0.438972 0.311708
    -0.272 0.540541 0.235294 0.335917 0.664083 0.155688 0.644252 0.355748 0.318302 0.327869 0.429185 0.323943
    -0.242 0.540541 0.242424 0.322997 0.677003 0.166582 0.655098 0.344902 0.326975 0.334728 0.433839 0.315430
    -0.211 0.540541 0.251572 0.307494 0.692506 0.179975 0.668113 0.331887 0.338028 0.343348 0.439560 0.305655
    -0.181 0.527027 0.261745 0.284238 0.715762 0.190559 0.685466 0.314534 0.349254 0.349776 0.438202 0.304495
    -0.151 0.527027 0.268966 0.273902 0.726098 0.200115 0.694143 0.305857 0.357798 0.356164 0.442177 0.298726
    -0.120 0.513514 0.271429 0.263566 0.736434 0.199528 0.700651 0.299349 0.359621 0.355140 0.435780 0.306136
    -0.090 0.513514 0.273381 0.260982 0.739018 0.202000 0.702820 0.297180 0.361905 0.356808 0.436782 0.304781
    -0.060 0.500000 0.272059 0.255814 0.744186 0.196554 0.704989 0.295011 0.359223 0.352381 0.428241 0.315441
    -0.029 0.472973 0.273438 0.240310 0.759690 0.190709 0.713666 0.286334 0.358362 0.346535 0.412736 0.335506
     0.001 0.445946 0.277311 0.222222 0.777778 0.187671 0.724512 0.275488 0.360000 0.341969 0.397590 0.356359
     0.031 0.418919 0.276786 0.209302 0.790698 0.179422 0.731020 0.268980 0.356322 0.333333 0.379902 0.381463
     0.061 0.418919 0.287037 0.198966 0.801034 0.190634 0.739696 0.260304 0.367589 0.340659 0.383663 0.377243
     0.092 0.418919 0.303922 0.183463 0.816537 0.208226 0.752711 0.247289 0.385892 0.352273 0.389447 0.371314
     0.122 0.405405 0.312500 0.170543 0.829457 0.212326 0.761388 0.238612 0.393013 0.352941 0.382653 0.382628
     0.152 0.391892 0.311828 0.165375 0.834625 0.207208 0.763557 0.236443 0.390135 0.347305 0.372751 0.397144
     0.183 0.364865 0.303371 0.160207 0.839793 0.190342 0.763557 0.236443 0.376744 0.331288 0.350649 0.429063
     0.213 0.337838 0.297619 0.152455 0.847545 0.176291 0.765727 0.234273 0.365854 0.316456 0.328947 0.461701
     0.243 0.324324 0.296296 0.147287 0.852713 0.170766 0.767896 0.232104 0.361809 0.309677 0.318302 0.478231
     0.274 0.310811 0.291139 0.144703 0.855297 0.161814 0.767896 0.232104 0.353846 0.300654 0.306667 0.495921
     0.304 0.297297 0.305556 0.129199 0.870801 0.169978 0.778742 0.221258 0.364641 0.301370 0.298913 0.510483
     0.334 0.297297 0.314286 0.124031 0.875969 0.177234 0.783080 0.216920 0.372881 0.305556 0.300546 0.509175
     0.364 0.297297 0.333333 0.113695 0.886305 0.192433 0.791757 0.208243 0.390533 0.314286 0.303867 0.506718
     0.395 0.270270 0.322581 0.108527 0.891473 0.174026 0.791757 0.208243 0.372671 0.294118 0.279330 0.544284
     0.425 0.229730 0.314815 0.095607 0.904393 0.153101 0.796095 0.203905 0.351724 0.265625 0.242857 0.602457
     0.455 0.216216 0.301887 0.095607 0.904393 0.138798 0.793926 0.206074 0.335664 0.251969 0.229226 0.623458
     0.486 0.189189 0.311111 0.080103 0.919897 0.134923 0.802603 0.197397 0.330709 0.235294 0.205279 0.663831
     0.516 0.189189 0.318182 0.077519 0.922481 0.139512 0.804772 0.195228 0.336000 0.237288 0.205882 0.663423
     0.546 0.189189 0.318182 0.077519 0.922481 0.139512 0.804772 0.195228 0.336000 0.237288 0.205882 0.663423
     0.577 0.148649 0.289474 0.069767 0.930233 0.105289 0.804772 0.195228 0.292035 0.196429 0.164671 0.729667
     0.607 0.135135 0.294118 0.062016 0.937984 0.102696 0.809111 0.190889 0.285714 0.185185 0.151515 0.751837
     0.637 0.135135 0.312500 0.056848 0.943152 0.113073 0.813449 0.186551 0.297030 0.188679 0.152439 0.751223
     0.667 0.121622 0.300000 0.054264 0.945736 0.100245 0.813449 0.186551 0.278351 0.173077 0.138037 0.774493
     0.698 0.121622 0.310345 0.051680 0.948320 0.105747 0.815618 0.184382 0.284211 0.174757 0.138462 0.774219
     0.728 0.108108 0.296296 0.049096 0.950904 0.092255 0.815618 0.184382 0.263736 0.158416 0.123839 0.797882
     0.758 0.108108 0.307692 0.046512 0.953488 0.098016 0.817787 0.182213 0.269663 0.160000 0.124224 0.797634
     0.789 0.108108 0.333333 0.041344 0.958656 0.110324 0.822126 0.177874 0.282353 0.163265 0.125000 0.797180
     0.819 0.094595 0.318182 0.038760 0.961240 0.096147 0.822126 0.177874 0.259259 0.145833 0.110063 0.821261
     0.849 0.094595 0.318182 0.038760 0.961240 0.096147 0.822126 0.177874 0.259259 0.145833 0.110063 0.821261
     0.880 0.094595 0.318182 0.038760 0.961240 0.096147 0.822126 0.177874 0.259259 0.145833 0.110063 0.821261
     0.910 0.067568 0.277778 0.033592 0.966408 0.064388 0.822126 0.177874 0.205479 0.108696 0.079618 0.870559
     0.940 0.067568 0.294118 0.031008 0.968992 0.071213 0.824295 0.175705 0.211268 0.109890 0.079872 0.870392
     0.970 0.054054 0.266667 0.028424 0.971576 0.053029 0.824295 0.175705 0.179104 0.089888 0.064309 0.895622
     1.001 0.040541 0.214286 0.028424 0.971576 0.025920 0.822126 0.177874 0.138462 0.068182 0.048387 0.921370
     1.031 0.040541 0.214286 0.028424 0.971576 0.025920 0.822126 0.177874 0.138462 0.068182 0.048387 0.921370
     1.061 0.040541 0.230769 0.025840 0.974160 0.032599 0.824295 0.175705 0.142857 0.068966 0.048544 0.921230
     1.092 0.040541 0.250000 0.023256 0.976744 0.039849 0.826464 0.173536 0.147541 0.069767 0.048701 0.921103
     1.122 0.040541 0.300000 0.018088 0.981912 0.056578 0.830803 0.169197 0.157895 0.071429 0.049020 0.920890
     1.152 0.027027 0.222222 0.018088 0.981912 0.023718 0.828633 0.171367 0.109091 0.048193 0.032787 0.947004
     1.183 0.027027 0.222222 0.018088 0.981912 0.023718 0.828633 0.171367 0.109091 0.048193 0.032787 0.947004
     1.213 0.027027 0.222222 0.018088 0.981912 0.023718 0.828633 0.171367 0.109091 0.048193 0.032787 0.947004
     1.243 0.027027 0.222222 0.018088 0.981912 0.023718 0.828633 0.171367 0.109091 0.048193 0.032787 0.947004
     1.273 0.027027 0.250000 0.015504 0.984496 0.032393 0.830803 0.169197 0.113208 0.048780 0.032895 0.946917
     1.304 0.027027 0.250000 0.015504 0.984496 0.032393 0.830803 0.169197 0.113208 0.048780 0.032895 0.946917
     1.334 0.027027 0.285714 0.012920 0.987080 0.042348 0.832972 0.167028 0.117647 0.049383 0.033003 0.946843
     1.364 0.027027 0.285714 0.012920 0.987080 0.042348 0.832972 0.167028 0.117647 0.049383 0.033003 0.946843
     1.395 0.027027 0.285714 0.012920 0.987080 0.042348 0.832972 0.167028 0.117647 0.049383 0.033003 0.946843
     1.425 0.027027 0.400000 0.007752 0.992248 0.068313 0.837310 0.162690 0.127660 0.050633 0.033223 0.946736
     1.455 0.027027 0.400000 0.007752 0.992248 0.068313 0.837310 0.162690 0.127660 0.050633 0.033223 0.946736
     1.486 0.027027 0.400000 0.007752 0.992248 0.068313 0.837310 0.162690 0.127660 0.050633 0.033223 0.946736
     1.516 0.013514 0.333333 0.005168 0.994832 0.038101 0.837310 0.162690 0.069767 0.025974 0.016722 0.973182
     1.546 0.013514 0.333333 0.005168 0.994832 0.038101 0.837310 0.162690 0.069767 0.025974 0.016722 0.973182
     1.576 0.013514 0.333333 0.005168 0.994832 0.038101 0.837310 0.162690 0.069767 0.025974 0.016722 0.973182
     1.607 0.013514 0.500000 0.002584 0.997416 0.061045 0.839479 0.160521 0.073171 0.026316 0.016779 0.973162
     1.637 0.013514 0.500000 0.002584 0.997416 0.061045 0.839479 0.160521 0.073171 0.026316 0.016779 0.973162
     1.667 0.013514 0.500000 0.002584 0.997416 0.061045 0.839479 0.160521 0.073171 0.026316 0.016779 0.973162
     1.698 0.013514 0.500000 0.002584 0.997416 0.061045 0.839479 0.160521 0.073171 0.026316 0.016779 0.973162
     1.728 0.013514 0.500000 0.002584 0.997416 0.061045 0.839479 0.160521 0.073171 0.026316 0.016779 0.973162
     1.758 0.013514 0.500000 0.002584 0.997416 0.061045 0.839479 0.160521 0.073171 0.026316 0.016779 0.973162
     1.789 0.013514 0.500000 0.002584 0.997416 0.061045 0.839479 0.160521 0.073171 0.026316 0.016779 0.973162
     1.819 0.013514 1.000000 0.000000 1.000000 0.106625 0.841649 0.158351 0.076923 0.026667 0.016835 0.973156
     1.849 0.013514 1.000000 0.000000 1.000000 0.106625 0.841649 0.158351 0.076923 0.026667 0.016835 0.973156
     1.879 0.013514 1.000000 0.000000 1.000000 0.106625 0.841649 0.158351 0.076923 0.026667 0.016835 0.973156
     1.910 0.013514 1.000000 0.000000 1.000000 0.106625 0.841649 0.158351 0.076923 0.026667 0.016835 0.973156
# AUC_ROC= 0.679    AUC_PRC= 0.258    Best_ROC thr= -0.605  TPR= 0.770   FPR= 0.439    BestMCC= 0.243   thr= -0.605  TPR= 0.770   FPR= 0.439  
#   AUC_R   AUC_P   THROC    Sen     Spe     BMCC    TH     Sen     Spe
#   0.679   0.258  -0.605   0.770   0.561   0.243  -0.605   0.770   0.561
