# COMMAND> S461_TNet_DIR.txt 3 4 200
# Total data entries loaded: 461
# Total Experimental Positives 74 and Negatives 387 using 0 threshold.
# Experimental Positives ratio EP/(EN+EP)= 0.161
# Total Predicted Positives 143 and Negatives 318 using 0 threshold.
# Predicted Positives ratio PP/(PN+PP)= 0.310
# Predicted data goes from -3.413001 to 2.177001 (range 5.590002) --> 200 samples taken in 0.02795001 steps.
#
#     thrP  REC|TPR PREC|PPV      FPR       SP      MCC      ACC      ERR      F05       F1       F2    dist2
    -3.413 1.000000 0.160521 1.000000 0.000000 0.000000 0.160521 0.839479 0.231491 0.276636 0.488771 1.000000
    -3.385 1.000000 0.160870 0.997416 0.002584 0.020388 0.162690 0.837310 0.231975 0.277154 0.489418 0.994839
    -3.357 1.000000 0.160870 0.997416 0.002584 0.020388 0.162690 0.837310 0.231975 0.277154 0.489418 0.994839
    -3.329 1.000000 0.161220 0.994832 0.005168 0.028865 0.164859 0.835141 0.232461 0.277674 0.490066 0.989691
    -3.301 1.000000 0.161220 0.994832 0.005168 0.028865 0.164859 0.835141 0.232461 0.277674 0.490066 0.989691
    -3.273 1.000000 0.161220 0.994832 0.005168 0.028865 0.164859 0.835141 0.232461 0.277674 0.490066 0.989691
    -3.245 1.000000 0.161220 0.994832 0.005168 0.028865 0.164859 0.835141 0.232461 0.277674 0.490066 0.989691
    -3.217 1.000000 0.161220 0.994832 0.005168 0.028865 0.164859 0.835141 0.232461 0.277674 0.490066 0.989691
    -3.189 1.000000 0.161220 0.994832 0.005168 0.028865 0.164859 0.835141 0.232461 0.277674 0.490066 0.989691
    -3.161 1.000000 0.161220 0.994832 0.005168 0.028865 0.164859 0.835141 0.232461 0.277674 0.490066 0.989691
    -3.134 1.000000 0.161926 0.989664 0.010336 0.040910 0.169197 0.830803 0.233438 0.278719 0.491368 0.979435
    -3.106 1.000000 0.162281 0.987080 0.012920 0.045789 0.171367 0.828633 0.233930 0.279245 0.492021 0.974327
    -3.078 1.000000 0.162281 0.987080 0.012920 0.045789 0.171367 0.828633 0.233930 0.279245 0.492021 0.974327
    -3.050 1.000000 0.162281 0.987080 0.012920 0.045789 0.171367 0.828633 0.233930 0.279245 0.492021 0.974327
    -3.022 1.000000 0.162281 0.987080 0.012920 0.045789 0.171367 0.828633 0.233930 0.279245 0.492021 0.974327
    -2.994 1.000000 0.162281 0.987080 0.012920 0.045789 0.171367 0.828633 0.233930 0.279245 0.492021 0.974327
    -2.966 1.000000 0.162281 0.987080 0.012920 0.045789 0.171367 0.828633 0.233930 0.279245 0.492021 0.974327
    -2.938 1.000000 0.162637 0.984496 0.015504 0.050215 0.173536 0.826464 0.234424 0.279773 0.492676 0.969233
    -2.910 1.000000 0.162996 0.981912 0.018088 0.054298 0.175705 0.824295 0.234921 0.280303 0.493333 0.964151
    -2.882 1.000000 0.162996 0.981912 0.018088 0.054298 0.175705 0.824295 0.234921 0.280303 0.493333 0.964151
    -2.854 1.000000 0.163355 0.979328 0.020672 0.058111 0.177874 0.822126 0.235419 0.280835 0.493992 0.959084
    -2.826 1.000000 0.163355 0.979328 0.020672 0.058111 0.177874 0.822126 0.235419 0.280835 0.493992 0.959084
    -2.798 1.000000 0.163355 0.979328 0.020672 0.058111 0.177874 0.822126 0.235419 0.280835 0.493992 0.959084
    -2.770 1.000000 0.163717 0.976744 0.023256 0.061704 0.180043 0.819957 0.235919 0.281369 0.494652 0.954029
    -2.742 1.000000 0.163717 0.976744 0.023256 0.061704 0.180043 0.819957 0.235919 0.281369 0.494652 0.954029
    -2.714 1.000000 0.163717 0.976744 0.023256 0.061704 0.180043 0.819957 0.235919 0.281369 0.494652 0.954029
    -2.686 1.000000 0.164080 0.974160 0.025840 0.065114 0.182213 0.817787 0.236422 0.281905 0.495315 0.948988
    -2.658 1.000000 0.164080 0.974160 0.025840 0.065114 0.182213 0.817787 0.236422 0.281905 0.495315 0.948988
    -2.630 1.000000 0.164444 0.971576 0.028424 0.068368 0.184382 0.815618 0.236926 0.282443 0.495979 0.943960
    -2.602 1.000000 0.164811 0.968992 0.031008 0.071487 0.186551 0.813449 0.237433 0.282983 0.496644 0.938946
    -2.575 1.000000 0.165179 0.966408 0.033592 0.074489 0.188720 0.811280 0.237942 0.283525 0.497312 0.933945
    -2.547 1.000000 0.166292 0.958656 0.041344 0.082916 0.195228 0.804772 0.239482 0.285164 0.499325 0.919022
    -2.519 1.000000 0.167421 0.950904 0.049096 0.090662 0.201735 0.798265 0.241042 0.286822 0.501355 0.904219
    -2.491 1.000000 0.167421 0.950904 0.049096 0.090662 0.201735 0.798265 0.241042 0.286822 0.501355 0.904219
    -2.463 1.000000 0.167421 0.950904 0.049096 0.090662 0.201735 0.798265 0.241042 0.286822 0.501355 0.904219
    -2.435 1.000000 0.167800 0.948320 0.051680 0.093123 0.203905 0.796095 0.241567 0.287379 0.502035 0.899312
    -2.407 1.000000 0.167800 0.948320 0.051680 0.093123 0.203905 0.796095 0.241567 0.287379 0.502035 0.899312
    -2.379 1.000000 0.168182 0.945736 0.054264 0.095531 0.206074 0.793926 0.242094 0.287938 0.502717 0.894417
    -2.351 1.000000 0.168182 0.945736 0.054264 0.095531 0.206074 0.793926 0.242094 0.287938 0.502717 0.894417
    -2.323 1.000000 0.168182 0.945736 0.054264 0.095531 0.206074 0.793926 0.242094 0.287938 0.502717 0.894417
    -2.295 1.000000 0.168182 0.945736 0.054264 0.095531 0.206074 0.793926 0.242094 0.287938 0.502717 0.894417
    -2.267 1.000000 0.168565 0.943152 0.056848 0.097890 0.208243 0.791757 0.242623 0.288499 0.503401 0.889537
    -2.239 1.000000 0.168565 0.943152 0.056848 0.097890 0.208243 0.791757 0.242623 0.288499 0.503401 0.889537
    -2.211 1.000000 0.168950 0.940568 0.059432 0.100205 0.210412 0.789588 0.243154 0.289062 0.504087 0.884669
    -2.183 1.000000 0.169336 0.937984 0.062016 0.102477 0.212581 0.787419 0.243688 0.289628 0.504775 0.879815
    -2.155 1.000000 0.169725 0.935401 0.064599 0.104710 0.214751 0.785249 0.244224 0.290196 0.505464 0.874974
    -2.127 1.000000 0.171296 0.925065 0.074935 0.113297 0.223427 0.776573 0.246393 0.292490 0.508242 0.855745
    -2.099 1.000000 0.172093 0.919897 0.080103 0.117411 0.227766 0.772234 0.247492 0.293651 0.509642 0.846210
    -2.071 1.000000 0.172494 0.917313 0.082687 0.119428 0.229935 0.770065 0.248045 0.294235 0.510345 0.841463
    -2.043 1.000000 0.172897 0.914729 0.085271 0.121421 0.232104 0.767896 0.248600 0.294821 0.511050 0.836729
    -2.016 1.000000 0.174118 0.906977 0.093023 0.127267 0.238612 0.761388 0.250282 0.296593 0.513176 0.822607
    -1.988 1.000000 0.175355 0.899225 0.100775 0.132934 0.245119 0.754881 0.251986 0.298387 0.515320 0.808605
    -1.960 1.000000 0.175355 0.899225 0.100775 0.132934 0.245119 0.754881 0.251986 0.298387 0.515320 0.808605
    -1.932 1.000000 0.175772 0.896641 0.103359 0.134787 0.247289 0.752711 0.252560 0.298990 0.516039 0.803965
    -1.904 1.000000 0.176611 0.891473 0.108527 0.138445 0.251627 0.748373 0.253714 0.300203 0.517483 0.794724
    -1.876 1.000000 0.176611 0.891473 0.108527 0.138445 0.251627 0.748373 0.253714 0.300203 0.517483 0.794724
    -1.848 1.000000 0.177458 0.886305 0.113695 0.142043 0.255965 0.744035 0.254879 0.301426 0.518934 0.785536
    -1.820 1.000000 0.178313 0.881137 0.118863 0.145585 0.260304 0.739696 0.256055 0.302658 0.520394 0.776402
    -1.792 1.000000 0.178744 0.878553 0.121447 0.147336 0.262473 0.737527 0.256647 0.303279 0.521127 0.771855
    -1.764 1.000000 0.178744 0.878553 0.121447 0.147336 0.262473 0.737527 0.256647 0.303279 0.521127 0.771855
    -1.736 1.000000 0.179612 0.873385 0.126615 0.150803 0.266811 0.733189 0.257840 0.304527 0.522599 0.762801
    -1.708 1.000000 0.180929 0.865633 0.134367 0.155919 0.273319 0.726681 0.259649 0.306418 0.524823 0.749321
    -1.680 1.000000 0.182266 0.857881 0.142119 0.160945 0.279826 0.720174 0.261484 0.308333 0.527066 0.735960
    -1.652 1.000000 0.183168 0.852713 0.147287 0.164251 0.284165 0.715835 0.262722 0.309623 0.528571 0.727120
    -1.624 1.000000 0.184539 0.844961 0.155039 0.169147 0.290672 0.709328 0.264601 0.311579 0.530846 0.713959
    -1.596 1.000000 0.185464 0.839793 0.160207 0.172373 0.295011 0.704989 0.265868 0.312896 0.532374 0.705253
    -1.568 1.000000 0.186398 0.834625 0.165375 0.175572 0.299349 0.700651 0.267148 0.314225 0.533911 0.696599
    -1.540 1.000000 0.187342 0.829457 0.170543 0.178745 0.303688 0.696312 0.268440 0.315565 0.535456 0.688000
    -1.512 1.000000 0.187817 0.826873 0.173127 0.180322 0.305857 0.694143 0.269091 0.316239 0.536232 0.683720
    -1.484 1.000000 0.188776 0.821705 0.178295 0.183460 0.310195 0.689805 0.270402 0.317597 0.537791 0.675200
    -1.457 1.000000 0.189744 0.816537 0.183463 0.186577 0.314534 0.685466 0.271726 0.318966 0.539359 0.666733
    -1.429 1.000000 0.191710 0.806202 0.193798 0.192751 0.323210 0.676790 0.274413 0.321739 0.542522 0.649961
    -1.401 1.000000 0.191710 0.806202 0.193798 0.192751 0.323210 0.676790 0.274413 0.321739 0.542522 0.649961
    -1.373 1.000000 0.191710 0.806202 0.193798 0.192751 0.323210 0.676790 0.274413 0.321739 0.542522 0.649961
    -1.345 1.000000 0.193717 0.795866 0.204134 0.198858 0.331887 0.668113 0.277154 0.324561 0.545723 0.633402
    -1.317 1.000000 0.195251 0.788114 0.211886 0.203398 0.338395 0.661605 0.279245 0.326711 0.548148 0.621123
    -1.289 1.000000 0.197333 0.777778 0.222222 0.209408 0.347072 0.652928 0.282084 0.329621 0.551416 0.604938
    -1.261 1.000000 0.197333 0.777778 0.222222 0.209408 0.347072 0.652928 0.282084 0.329621 0.551416 0.604938
    -1.233 1.000000 0.200000 0.764858 0.235142 0.216860 0.357918 0.642082 0.285714 0.333333 0.555556 0.585008
    -1.205 0.986486 0.199454 0.757106 0.242894 0.208174 0.362256 0.637744 0.284785 0.331818 0.551360 0.573392
    -1.177 0.986486 0.201102 0.749354 0.250646 0.212763 0.368764 0.631236 0.287025 0.334096 0.553869 0.561714
    -1.149 0.986486 0.203911 0.736434 0.263566 0.220365 0.379610 0.620390 0.290837 0.337963 0.558104 0.542518
    -1.121 0.986486 0.203911 0.736434 0.263566 0.220365 0.379610 0.620390 0.290837 0.337963 0.558104 0.542518
    -1.093 0.986486 0.204482 0.733850 0.266150 0.221879 0.381779 0.618221 0.291611 0.338747 0.558959 0.538719
    -1.065 0.986486 0.205056 0.731266 0.268734 0.223392 0.383948 0.616052 0.292390 0.339535 0.559816 0.534933
    -1.037 0.972973 0.203966 0.726098 0.273902 0.213968 0.386117 0.613883 0.290713 0.337237 0.554700 0.527949
    -1.009 0.972973 0.205128 0.720930 0.279070 0.217068 0.390456 0.609544 0.292287 0.338824 0.556414 0.520471
    -0.981 0.972973 0.205714 0.718346 0.281654 0.218615 0.392625 0.607375 0.293080 0.339623 0.557276 0.516752
    -0.953 0.972973 0.206897 0.713178 0.286822 0.221704 0.396963 0.603037 0.294679 0.341232 0.559006 0.509354
    -0.925 0.972973 0.206897 0.713178 0.286822 0.221704 0.396963 0.603037 0.294679 0.341232 0.559006 0.509354
    -0.898 0.972973 0.208092 0.708010 0.291990 0.224786 0.401302 0.598698 0.296296 0.342857 0.560748 0.502009
    -0.870 0.972973 0.209302 0.702842 0.297158 0.227863 0.405640 0.594360 0.297931 0.344498 0.562500 0.494718
    -0.842 0.972973 0.209913 0.700258 0.299742 0.229399 0.407809 0.592191 0.298755 0.345324 0.563380 0.491092
    -0.814 0.972973 0.211765 0.692506 0.307494 0.234002 0.414317 0.585683 0.301255 0.347826 0.566038 0.480296
    -0.786 0.959459 0.211940 0.682171 0.317829 0.228400 0.420824 0.579176 0.301273 0.347188 0.562599 0.467000
    -0.758 0.945946 0.210210 0.679587 0.320413 0.218329 0.420824 0.579176 0.298720 0.343980 0.556439 0.464760
    -0.730 0.945946 0.212121 0.671835 0.328165 0.223103 0.427332 0.572668 0.301291 0.346535 0.559105 0.454284
    -0.702 0.945946 0.214724 0.661499 0.338501 0.229455 0.436009 0.563991 0.304790 0.350000 0.562701 0.440502
    -0.674 0.945946 0.215385 0.658915 0.341085 0.231041 0.438178 0.561822 0.305677 0.350877 0.563607 0.437090
    -0.646 0.932432 0.214953 0.651163 0.348837 0.224532 0.442516 0.557484 0.304860 0.349367 0.559157 0.428578
    -0.618 0.932432 0.219745 0.633075 0.366925 0.235797 0.457701 0.542299 0.311278 0.355670 0.565574 0.405349
    -0.590 0.905405 0.218954 0.617571 0.382429 0.223660 0.466377 0.533623 0.309707 0.352632 0.556478 0.390342
    -0.562 0.891892 0.220000 0.604651 0.395349 0.221179 0.475054 0.524946 0.310832 0.352941 0.553691 0.377290
    -0.534 0.891892 0.223729 0.591731 0.408269 0.229541 0.485900 0.514100 0.315789 0.357724 0.558376 0.361833
    -0.506 0.891892 0.226027 0.583979 0.416021 0.234565 0.492408 0.507592 0.318841 0.360656 0.561224 0.352719
    -0.478 0.864865 0.224561 0.571059 0.428941 0.222000 0.498915 0.501085 0.316310 0.356546 0.550775 0.344370
    -0.450 0.837838 0.223022 0.558140 0.441860 0.209852 0.505423 0.494577 0.313659 0.352273 0.540070 0.337816
    -0.422 0.824324 0.222628 0.550388 0.449612 0.204798 0.509761 0.490239 0.312821 0.350575 0.535088 0.333788
    -0.394 0.824324 0.225926 0.540052 0.459948 0.211840 0.518438 0.481562 0.317158 0.354651 0.538869 0.322518
    -0.366 0.824324 0.229323 0.529716 0.470284 0.218906 0.527115 0.472885 0.321617 0.358824 0.542705 0.311461
    -0.338 0.797297 0.228682 0.514212 0.485788 0.209330 0.535792 0.464208 0.320072 0.355422 0.532491 0.305502
    -0.311 0.783784 0.232932 0.493540 0.506460 0.213780 0.550976 0.449024 0.325234 0.359133 0.532110 0.290331
    -0.283 0.783784 0.238683 0.478036 0.521964 0.224803 0.563991 0.436009 0.332696 0.365931 0.538033 0.275268
    -0.255 0.783784 0.241667 0.470284 0.529716 0.230360 0.570499 0.429501 0.336557 0.369427 0.541045 0.267917
    -0.227 0.783784 0.245763 0.459948 0.540052 0.237820 0.579176 0.420824 0.341847 0.374194 0.545113 0.258302
    -0.199 0.716216 0.232456 0.452196 0.547804 0.193849 0.574837 0.425163 0.322515 0.350993 0.505725 0.285015
    -0.171 0.716216 0.242009 0.428941 0.571059 0.211174 0.594360 0.405640 0.334737 0.361775 0.514563 0.264523
    -0.143 0.662162 0.236715 0.408269 0.591731 0.187379 0.603037 0.396963 0.325942 0.348754 0.487078 0.280818
    -0.115 0.648649 0.241206 0.390181 0.609819 0.191558 0.616052 0.383948 0.331034 0.351648 0.484848 0.275689
    -0.087 0.648649 0.251309 0.369509 0.630491 0.208015 0.633406 0.366594 0.343675 0.362264 0.492813 0.259985
    -0.059 0.581081 0.247126 0.338501 0.661499 0.183701 0.648590 0.351410 0.335065 0.346774 0.457447 0.290076
    -0.031 0.527027 0.243750 0.312661 0.687339 0.165304 0.661605 0.338395 0.327731 0.333333 0.427632 0.321461
    -0.003 0.500000 0.255172 0.279070 0.720930 0.174662 0.685466 0.314534 0.339450 0.337900 0.419501 0.327880
     0.025 0.405405 0.250000 0.232558 0.767442 0.144599 0.709328 0.290672 0.324910 0.309278 0.360577 0.407626
     0.053 0.297297 0.239130 0.180879 0.819121 0.106927 0.735358 0.264642 0.298643 0.265060 0.283505 0.526508
     0.081 0.283784 0.265823 0.149871 0.850129 0.130451 0.759219 0.240781 0.323077 0.274510 0.280000 0.535427
     0.109 0.256757 0.296875 0.116279 0.883721 0.149140 0.783080 0.216920 0.345455 0.275362 0.263889 0.565931
     0.137 0.256757 0.322034 0.103359 0.896641 0.168559 0.793926 0.206074 0.367742 0.285714 0.267606 0.563094
     0.165 0.243243 0.327273 0.095607 0.904393 0.167193 0.798265 0.201735 0.367347 0.279070 0.256410 0.581822
     0.193 0.216216 0.340426 0.080103 0.919897 0.165128 0.806941 0.193059 0.366412 0.264463 0.233236 0.620734
     0.221 0.216216 0.372093 0.069767 0.930233 0.184856 0.815618 0.184382 0.390244 0.273504 0.235988 0.619185
     0.248 0.216216 0.400000 0.062016 0.937984 0.201088 0.822126 0.177874 0.410256 0.280702 0.238095 0.618163
     0.276 0.202703 0.394737 0.059432 0.940568 0.191235 0.822126 0.177874 0.398230 0.267857 0.224551 0.639215
     0.304 0.202703 0.416667 0.054264 0.945736 0.203083 0.826464 0.173536 0.412844 0.272727 0.225904 0.638628
     0.332 0.202703 0.428571 0.051680 0.948320 0.209303 0.828633 0.171367 0.420561 0.275229 0.226586 0.638354
     0.360 0.162162 0.400000 0.046512 0.953488 0.172115 0.826464 0.173536 0.371134 0.230769 0.184049 0.704136
     0.388 0.148649 0.392857 0.043928 0.956072 0.160947 0.826464 0.173536 0.354839 0.215686 0.169753 0.726729
     0.416 0.148649 0.423077 0.038760 0.961240 0.174861 0.830803 0.169197 0.370787 0.220000 0.170807 0.726301
     0.444 0.135135 0.416667 0.036176 0.963824 0.163524 0.830803 0.169197 0.352941 0.204082 0.156250 0.749300
     0.472 0.121622 0.391304 0.036176 0.963824 0.144066 0.828633 0.171367 0.325301 0.185567 0.141066 0.772857
     0.500 0.108108 0.363636 0.036176 0.963824 0.123866 0.826464 0.173536 0.296296 0.166667 0.125786 0.796780
     0.528 0.108108 0.400000 0.031008 0.968992 0.138929 0.830803 0.169197 0.311688 0.170213 0.126582 0.796433
     0.556 0.108108 0.400000 0.031008 0.968992 0.138929 0.830803 0.169197 0.311688 0.170213 0.126582 0.796433
     0.584 0.081081 0.333333 0.031008 0.968992 0.094894 0.826464 0.173536 0.246575 0.130435 0.095541 0.845373
     0.612 0.081081 0.333333 0.031008 0.968992 0.094894 0.826464 0.173536 0.246575 0.130435 0.095541 0.845373
     0.640 0.067568 0.312500 0.028424 0.971576 0.078504 0.826464 0.173536 0.217391 0.111111 0.080128 0.870238
     0.668 0.067568 0.357143 0.023256 0.976744 0.094792 0.830803 0.169197 0.230769 0.113636 0.080645 0.869971
     0.696 0.067568 0.357143 0.023256 0.976744 0.094792 0.830803 0.169197 0.230769 0.113636 0.080645 0.869971
     0.724 0.054054 0.307692 0.023256 0.976744 0.068295 0.828633 0.171367 0.190476 0.091954 0.064725 0.895355
     0.752 0.054054 0.307692 0.023256 0.976744 0.068295 0.828633 0.171367 0.190476 0.091954 0.064725 0.895355
     0.780 0.054054 0.333333 0.020672 0.979328 0.076961 0.830803 0.169197 0.196721 0.093023 0.064935 0.895241
     0.807 0.054054 0.363636 0.018088 0.981912 0.086509 0.832972 0.167028 0.203390 0.094118 0.065147 0.895141
     0.835 0.054054 0.363636 0.018088 0.981912 0.086509 0.832972 0.167028 0.203390 0.094118 0.065147 0.895141
     0.863 0.054054 0.400000 0.015504 0.984496 0.097143 0.835141 0.164859 0.210526 0.095238 0.065359 0.895054
     0.891 0.054054 0.400000 0.015504 0.984496 0.097143 0.835141 0.164859 0.210526 0.095238 0.065359 0.895054
     0.919 0.040541 0.333333 0.015504 0.984496 0.066429 0.832972 0.167028 0.163636 0.072289 0.049180 0.920803
     0.947 0.027027 0.285714 0.012920 0.987080 0.042348 0.832972 0.167028 0.117647 0.049383 0.033003 0.946843
     0.975 0.027027 0.333333 0.010336 0.989664 0.054060 0.835141 0.164859 0.122449 0.050000 0.033113 0.946783
     1.003 0.027027 0.333333 0.010336 0.989664 0.054060 0.835141 0.164859 0.122449 0.050000 0.033113 0.946783
     1.031 0.027027 0.333333 0.010336 0.989664 0.054060 0.835141 0.164859 0.122449 0.050000 0.033113 0.946783
     1.059 0.027027 0.500000 0.005168 0.994832 0.086520 0.839479 0.160521 0.133333 0.051282 0.033333 0.946703
     1.087 0.027027 0.500000 0.005168 0.994832 0.086520 0.839479 0.160521 0.133333 0.051282 0.033333 0.946703
     1.115 0.027027 0.500000 0.005168 0.994832 0.086520 0.839479 0.160521 0.133333 0.051282 0.033333 0.946703
     1.143 0.027027 0.500000 0.005168 0.994832 0.086520 0.839479 0.160521 0.133333 0.051282 0.033333 0.946703
     1.171 0.027027 0.500000 0.005168 0.994832 0.086520 0.839479 0.160521 0.133333 0.051282 0.033333 0.946703
     1.199 0.027027 0.500000 0.005168 0.994832 0.086520 0.839479 0.160521 0.133333 0.051282 0.033333 0.946703
     1.227 0.027027 0.500000 0.005168 0.994832 0.086520 0.839479 0.160521 0.133333 0.051282 0.033333 0.946703
     1.255 0.027027 0.500000 0.005168 0.994832 0.086520 0.839479 0.160521 0.133333 0.051282 0.033333 0.946703
     1.283 0.027027 0.500000 0.005168 0.994832 0.086520 0.839479 0.160521 0.133333 0.051282 0.033333 0.946703
     1.311 0.027027 0.500000 0.005168 0.994832 0.086520 0.839479 0.160521 0.133333 0.051282 0.033333 0.946703
     1.339 0.027027 0.500000 0.005168 0.994832 0.086520 0.839479 0.160521 0.133333 0.051282 0.033333 0.946703
     1.366 0.027027 0.500000 0.005168 0.994832 0.086520 0.839479 0.160521 0.133333 0.051282 0.033333 0.946703
     1.394 0.027027 0.500000 0.005168 0.994832 0.086520 0.839479 0.160521 0.133333 0.051282 0.033333 0.946703
     1.422 0.027027 0.666667 0.002584 0.997416 0.111592 0.841649 0.158351 0.139535 0.051948 0.033445 0.946683
     1.450 0.027027 0.666667 0.002584 0.997416 0.111592 0.841649 0.158351 0.139535 0.051948 0.033445 0.946683
     1.478 0.027027 0.666667 0.002584 0.997416 0.111592 0.841649 0.158351 0.139535 0.051948 0.033445 0.946683
     1.506 0.027027 0.666667 0.002584 0.997416 0.111592 0.841649 0.158351 0.139535 0.051948 0.033445 0.946683
     1.534 0.027027 0.666667 0.002584 0.997416 0.111592 0.841649 0.158351 0.139535 0.051948 0.033445 0.946683
     1.562 0.027027 0.666667 0.002584 0.997416 0.111592 0.841649 0.158351 0.139535 0.051948 0.033445 0.946683
     1.590 0.027027 0.666667 0.002584 0.997416 0.111592 0.841649 0.158351 0.139535 0.051948 0.033445 0.946683
     1.618 0.027027 0.666667 0.002584 0.997416 0.111592 0.841649 0.158351 0.139535 0.051948 0.033445 0.946683
     1.646 0.013514 0.500000 0.002584 0.997416 0.061045 0.839479 0.160521 0.073171 0.026316 0.016779 0.973162
     1.674 0.013514 0.500000 0.002584 0.997416 0.061045 0.839479 0.160521 0.073171 0.026316 0.016779 0.973162
     1.702 0.013514 0.500000 0.002584 0.997416 0.061045 0.839479 0.160521 0.073171 0.026316 0.016779 0.973162
     1.730 0.013514 0.500000 0.002584 0.997416 0.061045 0.839479 0.160521 0.073171 0.026316 0.016779 0.973162
     1.758 0.013514 0.500000 0.002584 0.997416 0.061045 0.839479 0.160521 0.073171 0.026316 0.016779 0.973162
     1.786 0.013514 0.500000 0.002584 0.997416 0.061045 0.839479 0.160521 0.073171 0.026316 0.016779 0.973162
     1.814 0.000000 0.000000 0.002584 0.997416 -0.020388 0.837310 0.162690 0.000000 0.000000 0.000000 1.000007
     1.842 0.000000 0.000000 0.002584 0.997416 -0.020388 0.837310 0.162690 0.000000 0.000000 0.000000 1.000007
     1.870 0.000000 0.000000 0.002584 0.997416 -0.020388 0.837310 0.162690 0.000000 0.000000 0.000000 1.000007
     1.898 0.000000 0.000000 0.002584 0.997416 -0.020388 0.837310 0.162690 0.000000 0.000000 0.000000 1.000007
     1.925 0.000000 0.000000 0.002584 0.997416 -0.020388 0.837310 0.162690 0.000000 0.000000 0.000000 1.000007
     1.953 0.000000 0.000000 0.002584 0.997416 -0.020388 0.837310 0.162690 0.000000 0.000000 0.000000 1.000007
     1.981 0.000000 0.000000 0.002584 0.997416 -0.020388 0.837310 0.162690 0.000000 0.000000 0.000000 1.000007
     2.009 0.000000 0.000000 0.002584 0.997416 -0.020388 0.837310 0.162690 0.000000 0.000000 0.000000 1.000007
     2.037 0.000000 0.000000 0.002584 0.997416 -0.020388 0.837310 0.162690 0.000000 0.000000 0.000000 1.000007
     2.065 0.000000 0.000000 0.002584 0.997416 -0.020388 0.837310 0.162690 0.000000 0.000000 0.000000 1.000007
     2.093 0.000000 0.000000 0.002584 0.997416 -0.020388 0.837310 0.162690 0.000000 0.000000 0.000000 1.000007
     2.121 0.000000 0.000000 0.002584 0.997416 -0.020388 0.837310 0.162690 0.000000 0.000000 0.000000 1.000007
     2.149 0.000000 0.000000 0.002584 0.997416 -0.020388 0.837310 0.162690 0.000000 0.000000 0.000000 1.000007
# AUC_ROC= 0.697    AUC_PRC= 0.274    Best_ROC thr= -0.227  TPR= 0.784   FPR= 0.460    BestMCC= 0.238   thr= -0.227  TPR= 0.784   FPR= 0.460  
#   AUC_R   AUC_P   THROC    Sen     Spe     BMCC    TH     Sen     Spe
#   0.697   0.274  -0.227   0.784   0.540   0.238  -0.227   0.784   0.540
