# COMMAND> S461_Dynamut2_DIR.txt 3 4 200
# Total data entries loaded: 461
# Total Experimental Positives 74 and Negatives 387 using 0 threshold.
# Experimental Positives ratio EP/(EN+EP)= 0.161
# Total Predicted Positives 126 and Negatives 335 using 0 threshold.
# Predicted Positives ratio PP/(PN+PP)= 0.273
# Predicted data goes from -3.694001 to 1.653001 (range 5.347002) --> 200 samples taken in 0.02673501 steps.
#
#     thrP  REC|TPR PREC|PPV      FPR       SP      MCC      ACC      ERR      F05       F1       F2    dist2
    -3.694 1.000000 0.160521 1.000000 0.000000 0.000000 0.160521 0.839479 0.231491 0.276636 0.488771 1.000000
    -3.667 1.000000 0.160870 0.997416 0.002584 0.020388 0.162690 0.837310 0.231975 0.277154 0.489418 0.994839
    -3.641 1.000000 0.160870 0.997416 0.002584 0.020388 0.162690 0.837310 0.231975 0.277154 0.489418 0.994839
    -3.614 1.000000 0.160870 0.997416 0.002584 0.020388 0.162690 0.837310 0.231975 0.277154 0.489418 0.994839
    -3.587 1.000000 0.161220 0.994832 0.005168 0.028865 0.164859 0.835141 0.232461 0.277674 0.490066 0.989691
    -3.560 1.000000 0.161926 0.989664 0.010336 0.040910 0.169197 0.830803 0.233438 0.278719 0.491368 0.979435
    -3.534 1.000000 0.161926 0.989664 0.010336 0.040910 0.169197 0.830803 0.233438 0.278719 0.491368 0.979435
    -3.507 1.000000 0.162637 0.984496 0.015504 0.050215 0.173536 0.826464 0.234424 0.279773 0.492676 0.969233
    -3.480 1.000000 0.162996 0.981912 0.018088 0.054298 0.175705 0.824295 0.234921 0.280303 0.493333 0.964151
    -3.453 1.000000 0.162996 0.981912 0.018088 0.054298 0.175705 0.824295 0.234921 0.280303 0.493333 0.964151
    -3.427 1.000000 0.162996 0.981912 0.018088 0.054298 0.175705 0.824295 0.234921 0.280303 0.493333 0.964151
    -3.400 1.000000 0.162996 0.981912 0.018088 0.054298 0.175705 0.824295 0.234921 0.280303 0.493333 0.964151
    -3.373 1.000000 0.162996 0.981912 0.018088 0.054298 0.175705 0.824295 0.234921 0.280303 0.493333 0.964151
    -3.346 1.000000 0.162996 0.981912 0.018088 0.054298 0.175705 0.824295 0.234921 0.280303 0.493333 0.964151
    -3.320 1.000000 0.162996 0.981912 0.018088 0.054298 0.175705 0.824295 0.234921 0.280303 0.493333 0.964151
    -3.293 1.000000 0.162996 0.981912 0.018088 0.054298 0.175705 0.824295 0.234921 0.280303 0.493333 0.964151
    -3.266 1.000000 0.162996 0.981912 0.018088 0.054298 0.175705 0.824295 0.234921 0.280303 0.493333 0.964151
    -3.240 1.000000 0.162996 0.981912 0.018088 0.054298 0.175705 0.824295 0.234921 0.280303 0.493333 0.964151
    -3.213 1.000000 0.162996 0.981912 0.018088 0.054298 0.175705 0.824295 0.234921 0.280303 0.493333 0.964151
    -3.186 1.000000 0.162996 0.981912 0.018088 0.054298 0.175705 0.824295 0.234921 0.280303 0.493333 0.964151
    -3.159 1.000000 0.162996 0.981912 0.018088 0.054298 0.175705 0.824295 0.234921 0.280303 0.493333 0.964151
    -3.133 1.000000 0.162996 0.981912 0.018088 0.054298 0.175705 0.824295 0.234921 0.280303 0.493333 0.964151
    -3.106 1.000000 0.162996 0.981912 0.018088 0.054298 0.175705 0.824295 0.234921 0.280303 0.493333 0.964151
    -3.079 1.000000 0.162996 0.981912 0.018088 0.054298 0.175705 0.824295 0.234921 0.280303 0.493333 0.964151
    -3.052 1.000000 0.163355 0.979328 0.020672 0.058111 0.177874 0.822126 0.235419 0.280835 0.493992 0.959084
    -3.026 1.000000 0.163355 0.979328 0.020672 0.058111 0.177874 0.822126 0.235419 0.280835 0.493992 0.959084
    -2.999 1.000000 0.163355 0.979328 0.020672 0.058111 0.177874 0.822126 0.235419 0.280835 0.493992 0.959084
    -2.972 1.000000 0.163717 0.976744 0.023256 0.061704 0.180043 0.819957 0.235919 0.281369 0.494652 0.954029
    -2.945 1.000000 0.164080 0.974160 0.025840 0.065114 0.182213 0.817787 0.236422 0.281905 0.495315 0.948988
    -2.919 1.000000 0.164080 0.974160 0.025840 0.065114 0.182213 0.817787 0.236422 0.281905 0.495315 0.948988
    -2.892 1.000000 0.164444 0.971576 0.028424 0.068368 0.184382 0.815618 0.236926 0.282443 0.495979 0.943960
    -2.865 1.000000 0.164444 0.971576 0.028424 0.068368 0.184382 0.815618 0.236926 0.282443 0.495979 0.943960
    -2.838 1.000000 0.164444 0.971576 0.028424 0.068368 0.184382 0.815618 0.236926 0.282443 0.495979 0.943960
    -2.812 1.000000 0.164444 0.971576 0.028424 0.068368 0.184382 0.815618 0.236926 0.282443 0.495979 0.943960
    -2.785 1.000000 0.164444 0.971576 0.028424 0.068368 0.184382 0.815618 0.236926 0.282443 0.495979 0.943960
    -2.758 1.000000 0.164444 0.971576 0.028424 0.068368 0.184382 0.815618 0.236926 0.282443 0.495979 0.943960
    -2.732 1.000000 0.164444 0.971576 0.028424 0.068368 0.184382 0.815618 0.236926 0.282443 0.495979 0.943960
    -2.705 1.000000 0.165179 0.966408 0.033592 0.074489 0.188720 0.811280 0.237942 0.283525 0.497312 0.933945
    -2.678 1.000000 0.165179 0.966408 0.033592 0.074489 0.188720 0.811280 0.237942 0.283525 0.497312 0.933945
    -2.651 1.000000 0.165548 0.963824 0.036176 0.077387 0.190889 0.809111 0.238453 0.284069 0.497981 0.928957
    -2.625 1.000000 0.165548 0.963824 0.036176 0.077387 0.190889 0.809111 0.238453 0.284069 0.497981 0.928957
    -2.598 1.000000 0.165548 0.963824 0.036176 0.077387 0.190889 0.809111 0.238453 0.284069 0.497981 0.928957
    -2.571 1.000000 0.165548 0.963824 0.036176 0.077387 0.190889 0.809111 0.238453 0.284069 0.497981 0.928957
    -2.544 1.000000 0.165548 0.963824 0.036176 0.077387 0.190889 0.809111 0.238453 0.284069 0.497981 0.928957
    -2.518 1.000000 0.165919 0.961240 0.038760 0.080193 0.193059 0.806941 0.238967 0.284615 0.498652 0.923983
    -2.491 1.000000 0.166292 0.958656 0.041344 0.082916 0.195228 0.804772 0.239482 0.285164 0.499325 0.919022
    -2.464 1.000000 0.166667 0.956072 0.043928 0.085564 0.197397 0.802603 0.240000 0.285714 0.500000 0.914074
    -2.437 1.000000 0.167043 0.953488 0.046512 0.088144 0.199566 0.800434 0.240520 0.286267 0.500677 0.909140
    -2.411 1.000000 0.167043 0.953488 0.046512 0.088144 0.199566 0.800434 0.240520 0.286267 0.500677 0.909140
    -2.384 1.000000 0.167043 0.953488 0.046512 0.088144 0.199566 0.800434 0.240520 0.286267 0.500677 0.909140
    -2.357 1.000000 0.167421 0.950904 0.049096 0.090662 0.201735 0.798265 0.241042 0.286822 0.501355 0.904219
    -2.331 1.000000 0.168182 0.945736 0.054264 0.095531 0.206074 0.793926 0.242094 0.287938 0.502717 0.894417
    -2.304 1.000000 0.168182 0.945736 0.054264 0.095531 0.206074 0.793926 0.242094 0.287938 0.502717 0.894417
    -2.277 1.000000 0.168950 0.940568 0.059432 0.100205 0.210412 0.789588 0.243154 0.289062 0.504087 0.884669
    -2.250 1.000000 0.169336 0.937984 0.062016 0.102477 0.212581 0.787419 0.243688 0.289628 0.504775 0.879815
    -2.224 1.000000 0.169336 0.937984 0.062016 0.102477 0.212581 0.787419 0.243688 0.289628 0.504775 0.879815
    -2.197 1.000000 0.171296 0.925065 0.074935 0.113297 0.223427 0.776573 0.246393 0.292490 0.508242 0.855745
    -2.170 1.000000 0.171296 0.925065 0.074935 0.113297 0.223427 0.776573 0.246393 0.292490 0.508242 0.855745
    -2.143 1.000000 0.172494 0.917313 0.082687 0.119428 0.229935 0.770065 0.248045 0.294235 0.510345 0.841463
    -2.117 1.000000 0.172897 0.914729 0.085271 0.121421 0.232104 0.767896 0.248600 0.294821 0.511050 0.836729
    -2.090 1.000000 0.172897 0.914729 0.085271 0.121421 0.232104 0.767896 0.248600 0.294821 0.511050 0.836729
    -2.063 1.000000 0.173302 0.912145 0.087855 0.123392 0.234273 0.765727 0.249158 0.295409 0.511757 0.832008
    -2.036 1.000000 0.174118 0.906977 0.093023 0.127267 0.238612 0.761388 0.250282 0.296593 0.513176 0.822607
    -2.010 1.000000 0.174118 0.906977 0.093023 0.127267 0.238612 0.761388 0.250282 0.296593 0.513176 0.822607
    -1.983 1.000000 0.174118 0.906977 0.093023 0.127267 0.238612 0.761388 0.250282 0.296593 0.513176 0.822607
    -1.956 1.000000 0.174528 0.904393 0.095607 0.129175 0.240781 0.759219 0.250847 0.297189 0.513889 0.817926
    -1.929 1.000000 0.175355 0.899225 0.100775 0.132934 0.245119 0.754881 0.251986 0.298387 0.515320 0.808605
    -1.903 1.000000 0.175772 0.896641 0.103359 0.134787 0.247289 0.752711 0.252560 0.298990 0.516039 0.803965
    -1.876 1.000000 0.176611 0.891473 0.108527 0.138445 0.251627 0.748373 0.253714 0.300203 0.517483 0.794724
    -1.849 1.000000 0.177033 0.888889 0.111111 0.140251 0.253796 0.746204 0.254296 0.300813 0.518207 0.790123
    -1.823 1.000000 0.178313 0.881137 0.118863 0.145585 0.260304 0.739696 0.256055 0.302658 0.520394 0.776402
    -1.796 1.000000 0.179177 0.875969 0.124031 0.149075 0.264642 0.735358 0.257242 0.303901 0.521862 0.767322
    -1.769 1.000000 0.180049 0.870801 0.129199 0.152519 0.268980 0.731020 0.258440 0.305155 0.523338 0.758294
    -1.742 1.000000 0.180488 0.868217 0.131783 0.154225 0.271150 0.728850 0.259043 0.305785 0.524079 0.753801
    -1.716 1.000000 0.180929 0.865633 0.134367 0.155919 0.273319 0.726681 0.259649 0.306418 0.524823 0.749321
    -1.689 1.000000 0.181373 0.863049 0.136951 0.157604 0.275488 0.724512 0.260258 0.307054 0.525568 0.744854
    -1.662 1.000000 0.184080 0.847545 0.152455 0.167523 0.288503 0.711497 0.263971 0.310924 0.530086 0.718333
    -1.635 1.000000 0.184539 0.844961 0.155039 0.169147 0.290672 0.709328 0.264601 0.311579 0.530846 0.713959
    -1.609 1.000000 0.184539 0.844961 0.155039 0.169147 0.290672 0.709328 0.264601 0.311579 0.530846 0.713959
    -1.582 1.000000 0.185464 0.839793 0.160207 0.172373 0.295011 0.704989 0.265868 0.312896 0.532374 0.705253
    -1.555 0.986486 0.183879 0.837209 0.162791 0.158482 0.295011 0.704989 0.263538 0.309979 0.526696 0.701102
    -1.528 0.986486 0.184810 0.832041 0.167959 0.161873 0.299349 0.700651 0.264813 0.311301 0.528220 0.692475
    -1.502 0.986486 0.185279 0.829457 0.170543 0.163556 0.301518 0.698482 0.265455 0.311966 0.528986 0.688182
    -1.475 0.986486 0.186701 0.821705 0.178295 0.168555 0.308026 0.691974 0.267399 0.313978 0.531295 0.675382
    -1.448 0.986486 0.186701 0.821705 0.178295 0.168555 0.308026 0.691974 0.267399 0.313978 0.531295 0.675382
    -1.422 0.986486 0.188144 0.813953 0.186047 0.173487 0.314534 0.685466 0.269373 0.316017 0.533626 0.662703
    -1.395 0.986486 0.188630 0.811370 0.188630 0.175117 0.316703 0.683297 0.270037 0.316703 0.534407 0.658503
    -1.368 0.986486 0.190601 0.801034 0.198966 0.181576 0.325380 0.674620 0.272727 0.319475 0.537555 0.641837
    -1.341 0.986486 0.192105 0.793282 0.206718 0.186361 0.331887 0.668113 0.274780 0.321586 0.539941 0.629478
    -1.315 0.986486 0.193634 0.785530 0.214470 0.191101 0.338395 0.661605 0.276865 0.323725 0.542348 0.617240
    -1.288 0.986486 0.195187 0.777778 0.222222 0.195802 0.344902 0.655098 0.278981 0.325893 0.544776 0.605121
    -1.261 0.986486 0.195710 0.775194 0.224806 0.197360 0.347072 0.652928 0.279693 0.326622 0.545590 0.601108
    -1.234 0.986486 0.196765 0.770026 0.229974 0.200467 0.351410 0.648590 0.281130 0.328090 0.547226 0.593122
    -1.208 0.986486 0.197297 0.767442 0.232558 0.202014 0.353579 0.646421 0.281853 0.328829 0.548048 0.589150
    -1.181 0.972973 0.196185 0.762274 0.237726 0.191972 0.355748 0.644252 0.280156 0.326531 0.542986 0.581792
    -1.154 0.972973 0.196721 0.759690 0.240310 0.193564 0.357918 0.642082 0.280884 0.327273 0.543807 0.577859
    -1.127 0.959459 0.195592 0.754522 0.245478 0.183877 0.360087 0.639913 0.279161 0.324943 0.538695 0.570947
    -1.101 0.959459 0.196676 0.749354 0.250646 0.187135 0.364425 0.635575 0.280632 0.326437 0.540335 0.563175
    -1.074 0.959459 0.197772 0.744186 0.255814 0.190377 0.368764 0.631236 0.282119 0.327945 0.541985 0.555456
    -1.047 0.959459 0.200000 0.733850 0.266150 0.196816 0.377440 0.622560 0.285141 0.331002 0.545315 0.540180
    -1.021 0.945946 0.200573 0.720930 0.279070 0.192603 0.386117 0.613883 0.285714 0.330969 0.542636 0.522662
    -0.994 0.918919 0.200000 0.702842 0.297158 0.180280 0.396963 0.603037 0.284519 0.328502 0.534591 0.500562
    -0.967 0.918919 0.201780 0.695090 0.304910 0.185294 0.403471 0.596529 0.286920 0.330900 0.537125 0.489725
    -0.940 0.918919 0.201780 0.695090 0.304910 0.185294 0.403471 0.596529 0.286920 0.330900 0.537125 0.489725
    -0.914 0.918919 0.203593 0.687339 0.312661 0.190282 0.409978 0.590022 0.289362 0.333333 0.539683 0.479008
    -0.887 0.878378 0.198777 0.677003 0.322997 0.162799 0.412148 0.587852 0.282200 0.324190 0.521669 0.473124
    -0.860 0.878378 0.202492 0.661499 0.338501 0.173131 0.425163 0.574837 0.287187 0.329114 0.526742 0.452372
    -0.833 0.878378 0.203125 0.658915 0.341085 0.174843 0.427332 0.572668 0.288035 0.329949 0.527597 0.448960
    -0.807 0.878378 0.205047 0.651163 0.348837 0.179969 0.433839 0.566161 0.290611 0.332481 0.530179 0.438805
    -0.780 0.878378 0.206349 0.645995 0.354005 0.183377 0.438178 0.561822 0.292354 0.334190 0.531915 0.432101
    -0.753 0.864865 0.206452 0.635659 0.364341 0.179278 0.444685 0.555315 0.292237 0.333333 0.528053 0.422324
    -0.726 0.864865 0.210526 0.620155 0.379845 0.189555 0.457701 0.542299 0.297674 0.338624 0.533333 0.402854
    -0.700 0.864865 0.214765 0.604651 0.395349 0.199802 0.470716 0.529284 0.303318 0.344086 0.538721 0.383865
    -0.673 0.864865 0.216949 0.596899 0.403101 0.204920 0.477223 0.522777 0.306220 0.346883 0.541455 0.374550
    -0.646 0.837838 0.216783 0.578811 0.421189 0.195936 0.488069 0.511931 0.305419 0.344444 0.532646 0.361319
    -0.619 0.837838 0.219858 0.568475 0.431525 0.202888 0.496746 0.503254 0.309484 0.348315 0.536332 0.349461
    -0.593 0.824324 0.220217 0.558140 0.441860 0.199529 0.503254 0.496746 0.309645 0.347578 0.532286 0.342382
    -0.566 0.810811 0.220588 0.547804 0.452196 0.196301 0.509761 0.490239 0.309811 0.346821 0.528169 0.335881
    -0.539 0.810811 0.221402 0.545220 0.454780 0.198072 0.511931 0.488069 0.310881 0.347826 0.529101 0.333057
    -0.513 0.797297 0.220974 0.537468 0.462532 0.193198 0.516269 0.483731 0.309982 0.346041 0.523979 0.329960
    -0.486 0.783784 0.220532 0.529716 0.470284 0.188413 0.520607 0.479393 0.309059 0.344214 0.518784 0.327348
    -0.459 0.783784 0.222222 0.524548 0.475452 0.192013 0.524946 0.475054 0.311270 0.346269 0.520646 0.321900
    -0.432 0.783784 0.225681 0.514212 0.485788 0.199234 0.533623 0.466377 0.315789 0.350453 0.524412 0.311163
    -0.406 0.770270 0.228916 0.496124 0.503876 0.201923 0.546638 0.453362 0.319626 0.352941 0.522936 0.298915
    -0.379 0.756757 0.228571 0.488372 0.511628 0.197433 0.550976 0.449024 0.318786 0.351097 0.517560 0.297675
    -0.352 0.729730 0.227848 0.472868 0.527132 0.188657 0.559653 0.440347 0.317025 0.347267 0.506567 0.296650
    -0.325 0.702703 0.224138 0.465116 0.534884 0.174434 0.561822 0.438178 0.311377 0.339869 0.492424 0.304719
    -0.299 0.689189 0.224670 0.454780 0.545220 0.172117 0.568330 0.431670 0.311609 0.338870 0.487572 0.303429
    -0.272 0.648649 0.224299 0.428941 0.571059 0.161719 0.583514 0.416486 0.309677 0.333333 0.470588 0.307438
    -0.245 0.608108 0.219512 0.413437 0.586563 0.143806 0.590022 0.409978 0.302013 0.322581 0.449102 0.324509
    -0.218 0.567568 0.219895 0.385013 0.614987 0.136040 0.607375 0.392625 0.300716 0.316981 0.431211 0.335233
    -0.192 0.554054 0.225275 0.364341 0.635659 0.142472 0.622560 0.377440 0.306733 0.320313 0.428870 0.331612
    -0.165 0.527027 0.229412 0.338501 0.661499 0.143440 0.639913 0.360087 0.310345 0.319672 0.418455 0.338287
    -0.138 0.513514 0.228916 0.330749 0.669251 0.139765 0.644252 0.355748 0.308943 0.316667 0.411255 0.346064
    -0.112 0.486486 0.226415 0.317829 0.682171 0.130249 0.650759 0.349241 0.304225 0.309013 0.395604 0.364712
    -0.085 0.459459 0.222222 0.307494 0.692506 0.118467 0.655098 0.344902 0.297376 0.299559 0.378619 0.386736
    -0.058 0.418919 0.218310 0.286822 0.713178 0.105033 0.665944 0.334056 0.289720 0.287037 0.353881 0.419922
    -0.031 0.405405 0.220588 0.273902 0.726098 0.105852 0.674620 0.325380 0.291262 0.285714 0.347222 0.428565
    -0.005 0.378378 0.218750 0.258398 0.741602 0.098346 0.683297 0.316703 0.286689 0.277228 0.330189 0.453183
     0.022 0.337838 0.204918 0.250646 0.749354 0.072555 0.683297 0.316703 0.266904 0.255102 0.299043 0.501282
     0.049 0.283784 0.189189 0.232558 0.767442 0.043981 0.689805 0.310195 0.243243 0.227027 0.257985 0.567049
     0.076 0.270270 0.192308 0.217054 0.782946 0.046737 0.700651 0.299349 0.244898 0.224719 0.250000 0.579618
     0.102 0.256757 0.191919 0.206718 0.793282 0.044730 0.707158 0.292842 0.242553 0.219653 0.240506 0.595143
     0.129 0.243243 0.189474 0.198966 0.801034 0.040183 0.711497 0.288503 0.237885 0.213018 0.230179 0.612268
     0.156 0.216216 0.179775 0.188630 0.811370 0.025656 0.715835 0.284165 0.223256 0.196319 0.207792 0.649898
     0.183 0.216216 0.197531 0.167959 0.832041 0.046548 0.733189 0.266811 0.241206 0.206452 0.212202 0.642527
     0.209 0.216216 0.205128 0.160207 0.839793 0.054839 0.739696 0.260304 0.248705 0.210526 0.213904 0.639983
     0.236 0.202703 0.208333 0.147287 0.852713 0.056036 0.748373 0.251627 0.248619 0.205479 0.203804 0.657376
     0.263 0.202703 0.217391 0.139535 0.860465 0.064998 0.754881 0.245119 0.257143 0.209790 0.205479 0.655153
     0.290 0.175676 0.213115 0.124031 0.875969 0.055950 0.763557 0.236443 0.245283 0.192593 0.182073 0.694894
     0.316 0.162162 0.226415 0.105943 0.894057 0.064697 0.776573 0.223427 0.251748 0.188976 0.171920 0.713196
     0.343 0.162162 0.235294 0.100775 0.899225 0.071841 0.780911 0.219089 0.258993 0.192000 0.172911 0.712128
     0.370 0.162162 0.240000 0.098191 0.901809 0.075518 0.783080 0.216920 0.262774 0.193548 0.173410 0.711614
     0.396 0.148649 0.229167 0.095607 0.904393 0.063752 0.783080 0.216920 0.248120 0.180328 0.159884 0.733940
     0.423 0.121622 0.214286 0.085271 0.914729 0.046371 0.787419 0.212581 0.223140 0.155172 0.133136 0.778820
     0.450 0.121622 0.230769 0.077519 0.922481 0.058176 0.793926 0.206074 0.234783 0.159292 0.134328 0.777558
     0.477 0.094595 0.194444 0.074935 0.925065 0.026896 0.791757 0.208243 0.192661 0.127273 0.105422 0.825374
     0.503 0.094595 0.194444 0.074935 0.925065 0.026896 0.791757 0.208243 0.192661 0.127273 0.105422 0.825374
     0.530 0.094595 0.212121 0.067183 0.932817 0.039032 0.798265 0.201735 0.203883 0.130841 0.106383 0.824273
     0.557 0.081081 0.200000 0.062016 0.937984 0.028374 0.800434 0.199566 0.185567 0.115385 0.092025 0.848258
     0.584 0.081081 0.222222 0.054264 0.945736 0.041924 0.806941 0.193059 0.197802 0.118812 0.092879 0.847357
     0.610 0.081081 0.230769 0.051680 0.948320 0.046785 0.809111 0.190889 0.202247 0.120000 0.093168 0.847083
     0.637 0.081081 0.250000 0.046512 0.953488 0.057124 0.813449 0.186551 0.211765 0.122449 0.093750 0.846575
     0.664 0.067568 0.238095 0.041344 0.958656 0.046167 0.815618 0.184382 0.189873 0.105263 0.078864 0.871140
     0.691 0.067568 0.238095 0.041344 0.958656 0.046167 0.815618 0.184382 0.189873 0.105263 0.078864 0.871140
     0.717 0.067568 0.263158 0.036176 0.963824 0.057970 0.819957 0.180043 0.200000 0.107527 0.079365 0.870739
     0.744 0.067568 0.277778 0.033592 0.966408 0.064388 0.822126 0.177874 0.205479 0.108696 0.079618 0.870559
     0.771 0.067568 0.277778 0.033592 0.966408 0.064388 0.822126 0.177874 0.205479 0.108696 0.079618 0.870559
     0.797 0.067568 0.312500 0.028424 0.971576 0.078504 0.826464 0.173536 0.217391 0.111111 0.080128 0.870238
     0.824 0.067568 0.312500 0.028424 0.971576 0.078504 0.826464 0.173536 0.217391 0.111111 0.080128 0.870238
     0.851 0.067568 0.333333 0.025840 0.974160 0.086334 0.828633 0.171367 0.223881 0.112360 0.080386 0.870098
     0.878 0.067568 0.333333 0.025840 0.974160 0.086334 0.828633 0.171367 0.223881 0.112360 0.080386 0.870098
     0.904 0.067568 0.333333 0.025840 0.974160 0.086334 0.828633 0.171367 0.223881 0.112360 0.080386 0.870098
     0.931 0.067568 0.333333 0.025840 0.974160 0.086334 0.828633 0.171367 0.223881 0.112360 0.080386 0.870098
     0.958 0.054054 0.307692 0.023256 0.976744 0.068295 0.828633 0.171367 0.190476 0.091954 0.064725 0.895355
     0.985 0.054054 0.363636 0.018088 0.981912 0.086509 0.832972 0.167028 0.203390 0.094118 0.065147 0.895141
     1.011 0.054054 0.400000 0.015504 0.984496 0.097143 0.835141 0.164859 0.210526 0.095238 0.065359 0.895054
     1.038 0.054054 0.400000 0.015504 0.984496 0.097143 0.835141 0.164859 0.210526 0.095238 0.065359 0.895054
     1.065 0.054054 0.400000 0.015504 0.984496 0.097143 0.835141 0.164859 0.210526 0.095238 0.065359 0.895054
     1.092 0.054054 0.400000 0.015504 0.984496 0.097143 0.835141 0.164859 0.210526 0.095238 0.065359 0.895054
     1.118 0.054054 0.400000 0.015504 0.984496 0.097143 0.835141 0.164859 0.210526 0.095238 0.065359 0.895054
     1.145 0.054054 0.400000 0.015504 0.984496 0.097143 0.835141 0.164859 0.210526 0.095238 0.065359 0.895054
     1.172 0.040541 0.333333 0.015504 0.984496 0.066429 0.832972 0.167028 0.163636 0.072289 0.049180 0.920803
     1.199 0.040541 0.333333 0.015504 0.984496 0.066429 0.832972 0.167028 0.163636 0.072289 0.049180 0.920803
     1.225 0.040541 0.333333 0.015504 0.984496 0.066429 0.832972 0.167028 0.163636 0.072289 0.049180 0.920803
     1.252 0.040541 0.375000 0.012920 0.987080 0.077645 0.835141 0.164859 0.169811 0.073171 0.049342 0.920729
     1.279 0.040541 0.428571 0.010336 0.989664 0.090671 0.837310 0.162690 0.176471 0.074074 0.049505 0.920669
     1.305 0.040541 0.500000 0.007752 0.992248 0.106197 0.839479 0.160521 0.183673 0.075000 0.049669 0.920623
     1.332 0.027027 0.500000 0.005168 0.994832 0.086520 0.839479 0.160521 0.133333 0.051282 0.033333 0.946703
     1.359 0.013514 0.333333 0.005168 0.994832 0.038101 0.837310 0.162690 0.069767 0.025974 0.016722 0.973182
     1.386 0.013514 0.333333 0.005168 0.994832 0.038101 0.837310 0.162690 0.069767 0.025974 0.016722 0.973182
     1.412 0.013514 0.500000 0.002584 0.997416 0.061045 0.839479 0.160521 0.073171 0.026316 0.016779 0.973162
     1.439 0.013514 0.500000 0.002584 0.997416 0.061045 0.839479 0.160521 0.073171 0.026316 0.016779 0.973162
     1.466 0.013514 0.500000 0.002584 0.997416 0.061045 0.839479 0.160521 0.073171 0.026316 0.016779 0.973162
     1.493 0.013514 0.500000 0.002584 0.997416 0.061045 0.839479 0.160521 0.073171 0.026316 0.016779 0.973162
     1.519 0.013514 0.500000 0.002584 0.997416 0.061045 0.839479 0.160521 0.073171 0.026316 0.016779 0.973162
     1.546 0.013514 1.000000 0.000000 1.000000 0.106625 0.841649 0.158351 0.076923 0.026667 0.016835 0.973156
     1.573 0.013514 1.000000 0.000000 1.000000 0.106625 0.841649 0.158351 0.076923 0.026667 0.016835 0.973156
     1.600 0.013514 1.000000 0.000000 1.000000 0.106625 0.841649 0.158351 0.076923 0.026667 0.016835 0.973156
     1.626 0.013514 1.000000 0.000000 1.000000 0.106625 0.841649 0.158351 0.076923 0.026667 0.016835 0.973156
# AUC_ROC= 0.649    AUC_PRC= 0.222    Best_ROC thr= -0.352  TPR= 0.730   FPR= 0.473    BestMCC= 0.205   thr= -0.673  TPR= 0.865   FPR= 0.597  
#   AUC_R   AUC_P   THROC    Sen     Spe     BMCC    TH     Sen     Spe
#   0.649   0.222  -0.352   0.730   0.527   0.205  -0.673   0.865   0.403
