# COMMAND> S461_KORPM_DIR.txt 10 11 200
# Total data entries loaded: 461
# Total Experimental Positives 74 and Negatives 387 using 0 threshold.
# Experimental Positives ratio EP/(EN+EP)= 0.161
# Total Predicted Positives 123 and Negatives 338 using 0 threshold.
# Predicted Positives ratio PP/(PN+PP)= 0.267
# Predicted data goes from -3.269358 to 1.659425 (range 4.928783) --> 200 samples taken in 0.024643915 steps.
#
#     thrP  REC|TPR PREC|PPV      FPR       SP      MCC      ACC      ERR      F05       F1       F2    dist2
    -3.269 1.000000 0.160521 1.000000 0.000000 0.000000 0.160521 0.839479 0.231491 0.276636 0.488771 1.000000
    -3.245 1.000000 0.160870 0.997416 0.002584 0.020388 0.162690 0.837310 0.231975 0.277154 0.489418 0.994839
    -3.220 1.000000 0.160870 0.997416 0.002584 0.020388 0.162690 0.837310 0.231975 0.277154 0.489418 0.994839
    -3.195 1.000000 0.160870 0.997416 0.002584 0.020388 0.162690 0.837310 0.231975 0.277154 0.489418 0.994839
    -3.171 1.000000 0.160870 0.997416 0.002584 0.020388 0.162690 0.837310 0.231975 0.277154 0.489418 0.994839
    -3.146 1.000000 0.160870 0.997416 0.002584 0.020388 0.162690 0.837310 0.231975 0.277154 0.489418 0.994839
    -3.121 1.000000 0.160870 0.997416 0.002584 0.020388 0.162690 0.837310 0.231975 0.277154 0.489418 0.994839
    -3.097 1.000000 0.161220 0.994832 0.005168 0.028865 0.164859 0.835141 0.232461 0.277674 0.490066 0.989691
    -3.072 1.000000 0.161220 0.994832 0.005168 0.028865 0.164859 0.835141 0.232461 0.277674 0.490066 0.989691
    -3.048 1.000000 0.161220 0.994832 0.005168 0.028865 0.164859 0.835141 0.232461 0.277674 0.490066 0.989691
    -3.023 1.000000 0.161220 0.994832 0.005168 0.028865 0.164859 0.835141 0.232461 0.277674 0.490066 0.989691
    -2.998 1.000000 0.161220 0.994832 0.005168 0.028865 0.164859 0.835141 0.232461 0.277674 0.490066 0.989691
    -2.974 1.000000 0.161220 0.994832 0.005168 0.028865 0.164859 0.835141 0.232461 0.277674 0.490066 0.989691
    -2.949 1.000000 0.161220 0.994832 0.005168 0.028865 0.164859 0.835141 0.232461 0.277674 0.490066 0.989691
    -2.924 1.000000 0.161220 0.994832 0.005168 0.028865 0.164859 0.835141 0.232461 0.277674 0.490066 0.989691
    -2.900 1.000000 0.161572 0.992248 0.007752 0.035391 0.167028 0.832972 0.232949 0.278195 0.490716 0.984556
    -2.875 1.000000 0.161926 0.989664 0.010336 0.040910 0.169197 0.830803 0.233438 0.278719 0.491368 0.979435
    -2.850 1.000000 0.161926 0.989664 0.010336 0.040910 0.169197 0.830803 0.233438 0.278719 0.491368 0.979435
    -2.826 1.000000 0.161926 0.989664 0.010336 0.040910 0.169197 0.830803 0.233438 0.278719 0.491368 0.979435
    -2.801 1.000000 0.162281 0.987080 0.012920 0.045789 0.171367 0.828633 0.233930 0.279245 0.492021 0.974327
    -2.776 1.000000 0.162281 0.987080 0.012920 0.045789 0.171367 0.828633 0.233930 0.279245 0.492021 0.974327
    -2.752 1.000000 0.162637 0.984496 0.015504 0.050215 0.173536 0.826464 0.234424 0.279773 0.492676 0.969233
    -2.727 1.000000 0.162637 0.984496 0.015504 0.050215 0.173536 0.826464 0.234424 0.279773 0.492676 0.969233
    -2.703 1.000000 0.162637 0.984496 0.015504 0.050215 0.173536 0.826464 0.234424 0.279773 0.492676 0.969233
    -2.678 1.000000 0.162637 0.984496 0.015504 0.050215 0.173536 0.826464 0.234424 0.279773 0.492676 0.969233
    -2.653 1.000000 0.163355 0.979328 0.020672 0.058111 0.177874 0.822126 0.235419 0.280835 0.493992 0.959084
    -2.629 1.000000 0.163355 0.979328 0.020672 0.058111 0.177874 0.822126 0.235419 0.280835 0.493992 0.959084
    -2.604 1.000000 0.163355 0.979328 0.020672 0.058111 0.177874 0.822126 0.235419 0.280835 0.493992 0.959084
    -2.579 1.000000 0.163355 0.979328 0.020672 0.058111 0.177874 0.822126 0.235419 0.280835 0.493992 0.959084
    -2.555 1.000000 0.163355 0.979328 0.020672 0.058111 0.177874 0.822126 0.235419 0.280835 0.493992 0.959084
    -2.530 1.000000 0.164080 0.974160 0.025840 0.065114 0.182213 0.817787 0.236422 0.281905 0.495315 0.948988
    -2.505 1.000000 0.164444 0.971576 0.028424 0.068368 0.184382 0.815618 0.236926 0.282443 0.495979 0.943960
    -2.481 1.000000 0.164444 0.971576 0.028424 0.068368 0.184382 0.815618 0.236926 0.282443 0.495979 0.943960
    -2.456 1.000000 0.164811 0.968992 0.031008 0.071487 0.186551 0.813449 0.237433 0.282983 0.496644 0.938946
    -2.431 1.000000 0.164811 0.968992 0.031008 0.071487 0.186551 0.813449 0.237433 0.282983 0.496644 0.938946
    -2.407 1.000000 0.165548 0.963824 0.036176 0.077387 0.190889 0.809111 0.238453 0.284069 0.497981 0.928957
    -2.382 1.000000 0.165548 0.963824 0.036176 0.077387 0.190889 0.809111 0.238453 0.284069 0.497981 0.928957
    -2.358 1.000000 0.165548 0.963824 0.036176 0.077387 0.190889 0.809111 0.238453 0.284069 0.497981 0.928957
    -2.333 1.000000 0.165548 0.963824 0.036176 0.077387 0.190889 0.809111 0.238453 0.284069 0.497981 0.928957
    -2.308 1.000000 0.165548 0.963824 0.036176 0.077387 0.190889 0.809111 0.238453 0.284069 0.497981 0.928957
    -2.284 1.000000 0.165548 0.963824 0.036176 0.077387 0.190889 0.809111 0.238453 0.284069 0.497981 0.928957
    -2.259 1.000000 0.165919 0.961240 0.038760 0.080193 0.193059 0.806941 0.238967 0.284615 0.498652 0.923983
    -2.234 1.000000 0.166292 0.958656 0.041344 0.082916 0.195228 0.804772 0.239482 0.285164 0.499325 0.919022
    -2.210 1.000000 0.166292 0.958656 0.041344 0.082916 0.195228 0.804772 0.239482 0.285164 0.499325 0.919022
    -2.185 1.000000 0.166667 0.956072 0.043928 0.085564 0.197397 0.802603 0.240000 0.285714 0.500000 0.914074
    -2.160 1.000000 0.167043 0.953488 0.046512 0.088144 0.199566 0.800434 0.240520 0.286267 0.500677 0.909140
    -2.136 1.000000 0.167800 0.948320 0.051680 0.093123 0.203905 0.796095 0.241567 0.287379 0.502035 0.899312
    -2.111 1.000000 0.168182 0.945736 0.054264 0.095531 0.206074 0.793926 0.242094 0.287938 0.502717 0.894417
    -2.086 1.000000 0.168565 0.943152 0.056848 0.097890 0.208243 0.791757 0.242623 0.288499 0.503401 0.889537
    -2.062 1.000000 0.169336 0.937984 0.062016 0.102477 0.212581 0.787419 0.243688 0.289628 0.504775 0.879815
    -2.037 1.000000 0.170115 0.932817 0.067183 0.106906 0.216920 0.783080 0.244763 0.290766 0.506156 0.870147
    -2.013 1.000000 0.170507 0.930233 0.069767 0.109068 0.219089 0.780911 0.245304 0.291339 0.506849 0.865333
    -1.988 1.000000 0.170901 0.927649 0.072351 0.111198 0.221258 0.778742 0.245847 0.291913 0.507545 0.860532
    -1.963 1.000000 0.171694 0.922481 0.077519 0.115367 0.225597 0.774403 0.246941 0.293069 0.508941 0.850970
    -1.939 1.000000 0.172093 0.919897 0.080103 0.117411 0.227766 0.772234 0.247492 0.293651 0.509642 0.846210
    -1.914 1.000000 0.172897 0.914729 0.085271 0.121421 0.232104 0.767896 0.248600 0.294821 0.511050 0.836729
    -1.889 1.000000 0.173302 0.912145 0.087855 0.123392 0.234273 0.765727 0.249158 0.295409 0.511757 0.832008
    -1.865 1.000000 0.174118 0.906977 0.093023 0.127267 0.238612 0.761388 0.250282 0.296593 0.513176 0.822607
    -1.840 1.000000 0.174118 0.906977 0.093023 0.127267 0.238612 0.761388 0.250282 0.296593 0.513176 0.822607
    -1.815 1.000000 0.174528 0.904393 0.095607 0.129175 0.240781 0.759219 0.250847 0.297189 0.513889 0.817926
    -1.791 1.000000 0.174941 0.901809 0.098191 0.131064 0.242950 0.757050 0.251416 0.297787 0.514604 0.813259
    -1.766 1.000000 0.176190 0.894057 0.105943 0.136624 0.249458 0.750542 0.253136 0.299595 0.516760 0.799338
    -1.741 1.000000 0.177033 0.888889 0.111111 0.140251 0.253796 0.746204 0.254296 0.300813 0.518207 0.790123
    -1.717 1.000000 0.177458 0.886305 0.113695 0.142043 0.255965 0.744035 0.254879 0.301426 0.518934 0.785536
    -1.692 1.000000 0.178744 0.878553 0.121447 0.147336 0.262473 0.737527 0.256647 0.303279 0.521127 0.771855
    -1.668 1.000000 0.178744 0.878553 0.121447 0.147336 0.262473 0.737527 0.256647 0.303279 0.521127 0.771855
    -1.643 0.986486 0.176755 0.878553 0.121447 0.129727 0.260304 0.739696 0.253766 0.299795 0.514810 0.772038
    -1.618 0.986486 0.176755 0.878553 0.121447 0.129727 0.260304 0.739696 0.253766 0.299795 0.514810 0.772038
    -1.594 0.986486 0.177616 0.873385 0.126615 0.133516 0.264642 0.735358 0.254948 0.301031 0.516266 0.762984
    -1.569 0.986486 0.177616 0.873385 0.126615 0.133516 0.264642 0.735358 0.254948 0.301031 0.516266 0.762984
    -1.544 0.986486 0.179361 0.863049 0.136951 0.140904 0.273319 0.726681 0.257344 0.303534 0.519203 0.745036
    -1.520 0.986486 0.181141 0.852713 0.147287 0.148072 0.281996 0.718004 0.259786 0.306080 0.522175 0.727302
    -1.495 0.986486 0.182500 0.844961 0.155039 0.153324 0.288503 0.711497 0.261649 0.308017 0.524425 0.714142
    -1.470 0.986486 0.182957 0.842377 0.157623 0.155053 0.290672 0.709328 0.262275 0.308668 0.525180 0.709782
    -1.446 0.986486 0.183417 0.839793 0.160207 0.156772 0.292842 0.707158 0.262905 0.309322 0.525937 0.705435
    -1.421 0.972973 0.183206 0.829457 0.170543 0.148566 0.299349 0.700651 0.262454 0.308351 0.522496 0.688730
    -1.396 0.972973 0.184143 0.824289 0.175711 0.152089 0.303688 0.696312 0.263736 0.309677 0.524017 0.680183
    -1.372 0.972973 0.184615 0.821705 0.178295 0.153835 0.305857 0.694143 0.264382 0.310345 0.524781 0.675930
    -1.347 0.972973 0.184615 0.821705 0.178295 0.153835 0.305857 0.694143 0.264382 0.310345 0.524781 0.675930
    -1.322 0.972973 0.185567 0.816537 0.183463 0.157300 0.310195 0.689805 0.265683 0.311688 0.526316 0.667464
    -1.298 0.972973 0.187500 0.806202 0.193798 0.164128 0.318872 0.681128 0.268323 0.314410 0.529412 0.650691
    -1.273 0.972973 0.188976 0.798450 0.201550 0.169168 0.325380 0.674620 0.270338 0.316484 0.531758 0.638252
    -1.249 0.972973 0.192513 0.780362 0.219638 0.180700 0.340564 0.659436 0.275159 0.321429 0.537313 0.609695
    -1.224 0.972973 0.193548 0.775194 0.224806 0.183944 0.344902 0.655098 0.276569 0.322870 0.538922 0.601656
    -1.199 0.972973 0.195122 0.767442 0.232558 0.188774 0.351410 0.648590 0.278710 0.325056 0.541353 0.589697
    -1.175 0.959459 0.195592 0.754522 0.245478 0.183877 0.360087 0.639913 0.279161 0.324943 0.538695 0.570947
    -1.150 0.959459 0.196133 0.751938 0.248062 0.185508 0.362256 0.637744 0.279895 0.325688 0.539514 0.567054
    -1.125 0.959459 0.196676 0.749354 0.250646 0.187135 0.364425 0.635575 0.280632 0.326437 0.540335 0.563175
    -1.101 0.959459 0.197222 0.746770 0.253230 0.188758 0.366594 0.633406 0.281374 0.327189 0.541159 0.559309
    -1.076 0.959459 0.198324 0.741602 0.258398 0.191992 0.370933 0.629067 0.282869 0.328704 0.542813 0.551617
    -1.051 0.959459 0.200565 0.731266 0.268734 0.198418 0.379610 0.620390 0.285906 0.331776 0.546154 0.536394
    -1.027 0.959459 0.201133 0.728682 0.271318 0.200016 0.381779 0.618221 0.286676 0.332553 0.546995 0.532621
    -1.002 0.959459 0.201705 0.726098 0.273902 0.201612 0.383948 0.616052 0.287449 0.333333 0.547840 0.528862
    -0.977 0.959459 0.202857 0.720930 0.279070 0.204794 0.388286 0.611714 0.289009 0.334906 0.549536 0.521384
    -0.953 0.959459 0.204611 0.713178 0.286822 0.209549 0.394794 0.605206 0.291382 0.337292 0.552100 0.510267
    -0.928 0.959459 0.208211 0.697674 0.302326 0.219002 0.407809 0.592191 0.296245 0.342169 0.557300 0.488393
    -0.904 0.959459 0.211940 0.682171 0.317829 0.228400 0.420824 0.579176 0.301273 0.347188 0.562599 0.467000
    -0.879 0.959459 0.213213 0.677003 0.322997 0.231524 0.425163 0.574837 0.302987 0.348894 0.564388 0.459976
    -0.854 0.959459 0.215805 0.666667 0.333333 0.237764 0.433839 0.566161 0.306475 0.352357 0.568000 0.446088
    -0.830 0.959459 0.217791 0.658915 0.341085 0.242440 0.440347 0.559653 0.309144 0.355000 0.570740 0.435812
    -0.805 0.959459 0.218462 0.656331 0.343669 0.243999 0.442516 0.557484 0.310044 0.355890 0.571659 0.432414
    -0.780 0.959459 0.222571 0.640827 0.359173 0.253351 0.455531 0.544469 0.315556 0.361323 0.577236 0.412303
    -0.756 0.959459 0.225397 0.630491 0.369509 0.259594 0.464208 0.535792 0.319340 0.365039 0.581015 0.399162
    -0.731 0.959459 0.231270 0.609819 0.390181 0.272122 0.481562 0.518438 0.327189 0.372703 0.588723 0.373523
    -0.706 0.959459 0.233553 0.602067 0.397933 0.276841 0.488069 0.511931 0.330233 0.375661 0.591667 0.364128
    -0.682 0.945946 0.234114 0.591731 0.408269 0.272361 0.494577 0.505423 0.330709 0.375335 0.588235 0.353068
    -0.657 0.932432 0.239583 0.565891 0.434109 0.277891 0.514100 0.485900 0.337684 0.381215 0.590753 0.324799
    -0.632 0.932432 0.241259 0.560724 0.439276 0.281172 0.518438 0.481562 0.339901 0.383333 0.592784 0.318976
    -0.608 0.918919 0.244604 0.542636 0.457364 0.282318 0.531453 0.468547 0.344013 0.386364 0.592334 0.301028
    -0.583 0.918919 0.253731 0.516796 0.483204 0.299216 0.553145 0.446855 0.356021 0.397661 0.602837 0.273652
    -0.559 0.905405 0.252830 0.511628 0.488372 0.292396 0.555315 0.444685 0.354497 0.395280 0.597148 0.270711
    -0.534 0.891892 0.253846 0.501292 0.498708 0.289147 0.561822 0.438178 0.355476 0.395210 0.593525 0.262981
    -0.509 0.864865 0.252964 0.488372 0.511628 0.277738 0.568330 0.431670 0.353591 0.391437 0.582878 0.256769
    -0.485 0.864865 0.261224 0.467700 0.532300 0.292168 0.585683 0.414317 0.364326 0.401254 0.591497 0.237005
    -0.460 0.824324 0.259574 0.449612 0.550388 0.275157 0.594360 0.405640 0.360947 0.394822 0.574388 0.233013
    -0.435 0.810811 0.264317 0.431525 0.568475 0.278495 0.607375 0.392625 0.366599 0.398671 0.573614 0.222006
    -0.411 0.810811 0.267857 0.423773 0.576227 0.284267 0.613883 0.386117 0.371134 0.402685 0.576923 0.215376
    -0.386 0.797297 0.269406 0.413437 0.586563 0.282173 0.620390 0.379610 0.372632 0.402730 0.572816 0.212018
    -0.361 0.797297 0.274419 0.403101 0.596899 0.290066 0.629067 0.370933 0.379015 0.408304 0.577299 0.203579
    -0.337 0.797297 0.280952 0.390181 0.609819 0.300084 0.639913 0.360087 0.387309 0.415493 0.583004 0.193330
    -0.312 0.770270 0.283582 0.372093 0.627907 0.294756 0.650759 0.349241 0.389522 0.414545 0.573441 0.191229
    -0.287 0.756757 0.290155 0.354005 0.645995 0.299683 0.663774 0.336226 0.397163 0.419476 0.572597 0.184487
    -0.263 0.756757 0.297872 0.341085 0.658915 0.310500 0.674620 0.325380 0.406780 0.427481 0.578512 0.175506
    -0.238 0.729730 0.298343 0.328165 0.671835 0.301862 0.681128 0.318872 0.406015 0.423529 0.566038 0.180739
    -0.214 0.729730 0.308571 0.312661 0.687339 0.315483 0.694143 0.305857 0.418605 0.433735 0.573248 0.170803
    -0.189 0.729730 0.321429 0.294574 0.705426 0.331916 0.709328 0.290672 0.434316 0.446281 0.581897 0.159820
    -0.164 0.702703 0.322981 0.281654 0.718346 0.324213 0.715835 0.284165 0.434540 0.442553 0.568928 0.167715
    -0.140 0.662162 0.324503 0.263566 0.736434 0.311771 0.724512 0.275488 0.433628 0.435556 0.548098 0.183601
    -0.115 0.662162 0.333333 0.253230 0.746770 0.322106 0.733189 0.266811 0.444109 0.443439 0.553047 0.178260
    -0.090 0.635135 0.333333 0.242894 0.757106 0.312493 0.737527 0.262473 0.442006 0.437209 0.537757 0.192124
    -0.066 0.608108 0.326087 0.240310 0.759690 0.294808 0.735358 0.264642 0.431310 0.424528 0.518433 0.211328
    -0.041 0.608108 0.340909 0.224806 0.775194 0.311263 0.748373 0.251627 0.448505 0.436893 0.525701 0.204117
    -0.016 0.608108 0.354331 0.211886 0.788114 0.325563 0.759219 0.240781 0.463918 0.447761 0.531915 0.198475
     0.008 0.581081 0.352459 0.204134 0.795866 0.313669 0.761388 0.238612 0.459075 0.438776 0.514354 0.217164
     0.033 0.581081 0.358333 0.198966 0.801034 0.319667 0.765727 0.234273 0.465704 0.443299 0.516827 0.215081
     0.058 0.540541 0.357143 0.186047 0.813953 0.303430 0.770065 0.229935 0.459770 0.430108 0.490196 0.245716
     0.082 0.513514 0.355140 0.178295 0.821705 0.291478 0.772234 0.227766 0.454183 0.419890 0.471464 0.268458
     0.107 0.472973 0.343137 0.173127 0.826873 0.265169 0.770065 0.229935 0.435685 0.397727 0.439698 0.307730
     0.132 0.459459 0.357895 0.157623 0.842377 0.273931 0.780911 0.219089 0.449339 0.402367 0.434783 0.317029
     0.156 0.432432 0.359551 0.147287 0.852713 0.265199 0.785249 0.214751 0.446512 0.392638 0.415584 0.343826
     0.181 0.405405 0.375000 0.129199 0.870801 0.267730 0.796095 0.203905 0.456853 0.389610 0.398936 0.370235
     0.205 0.391892 0.371795 0.126615 0.873385 0.259731 0.796095 0.203905 0.450777 0.381579 0.387701 0.385827
     0.230 0.364865 0.375000 0.116279 0.883721 0.251366 0.800434 0.199566 0.447514 0.369863 0.366848 0.416917
     0.255 0.337838 0.384615 0.103359 0.896641 0.247326 0.806941 0.193059 0.449102 0.359712 0.346260 0.449142
     0.279 0.310811 0.377049 0.098191 0.901809 0.230345 0.806941 0.193059 0.433962 0.340741 0.322129 0.484623
     0.304 0.310811 0.396552 0.090439 0.909561 0.243927 0.813449 0.186551 0.450980 0.348485 0.324859 0.483161
     0.329 0.283784 0.411765 0.077519 0.922481 0.241390 0.819957 0.180043 0.453237 0.336000 0.302594 0.518975
     0.353 0.283784 0.411765 0.077519 0.922481 0.241390 0.819957 0.180043 0.453237 0.336000 0.302594 0.518975
     0.378 0.270270 0.408163 0.074935 0.925065 0.232651 0.819957 0.180043 0.444444 0.325203 0.289855 0.538121
     0.403 0.270270 0.454545 0.062016 0.937984 0.260179 0.830803 0.169197 0.480000 0.338983 0.294118 0.536351
     0.427 0.270270 0.487805 0.054264 0.945736 0.278562 0.837310 0.162690 0.504202 0.347826 0.296736 0.535450
     0.452 0.270270 0.512821 0.049096 0.950904 0.291755 0.841649 0.158351 0.521739 0.353982 0.298507 0.534916
     0.477 0.256757 0.527778 0.043928 0.956072 0.291177 0.843818 0.156182 0.522936 0.345455 0.286145 0.554340
     0.501 0.256757 0.542857 0.041344 0.958656 0.298541 0.845987 0.154013 0.532710 0.348624 0.287009 0.554120
     0.526 0.229730 0.531250 0.038760 0.961240 0.275825 0.843818 0.156182 0.504950 0.320755 0.259146 0.594819
     0.550 0.162162 0.480000 0.033592 0.966408 0.208401 0.837310 0.162690 0.413793 0.242424 0.186916 0.703101
     0.575 0.162162 0.480000 0.033592 0.966408 0.208401 0.837310 0.162690 0.413793 0.242424 0.186916 0.703101
     0.600 0.135135 0.434783 0.033592 0.966408 0.171207 0.832972 0.167028 0.361446 0.206186 0.156740 0.749120
     0.624 0.121622 0.450000 0.028424 0.971576 0.167936 0.835141 0.164859 0.350649 0.191489 0.142405 0.772356
     0.649 0.094595 0.388889 0.028424 0.971576 0.125401 0.830803 0.169197 0.287671 0.152174 0.111465 0.820567
     0.674 0.081081 0.375000 0.025840 0.974160 0.110789 0.830803 0.169197 0.260870 0.133333 0.096154 0.845080
     0.698 0.081081 0.461538 0.018088 0.981912 0.139687 0.837310 0.162690 0.285714 0.137931 0.097087 0.844739
     0.723 0.081081 0.500000 0.015504 0.984496 0.151186 0.839479 0.160521 0.295082 0.139535 0.097403 0.844652
     0.748 0.081081 0.545455 0.012920 0.987080 0.163948 0.841649 0.158351 0.305085 0.141176 0.097720 0.844579
     0.772 0.081081 0.600000 0.010336 0.989664 0.178271 0.843818 0.156182 0.315789 0.142857 0.098039 0.844519
     0.797 0.081081 0.600000 0.010336 0.989664 0.178271 0.843818 0.156182 0.315789 0.142857 0.098039 0.844519
     0.822 0.081081 0.600000 0.010336 0.989664 0.178271 0.843818 0.156182 0.315789 0.142857 0.098039 0.844519
     0.846 0.067568 0.555556 0.010336 0.989664 0.151851 0.841649 0.158351 0.272727 0.120482 0.081967 0.869537
     0.871 0.067568 0.714286 0.005168 0.994832 0.187317 0.845987 0.154013 0.294118 0.123457 0.082508 0.869457
     0.895 0.067568 0.714286 0.005168 0.994832 0.187317 0.845987 0.154013 0.294118 0.123457 0.082508 0.869457
     0.920 0.054054 0.666667 0.005168 0.994832 0.158334 0.843818 0.156182 0.244898 0.100000 0.066225 0.894840
     0.945 0.054054 0.666667 0.005168 0.994832 0.158334 0.843818 0.156182 0.244898 0.100000 0.066225 0.894840
     0.969 0.054054 0.666667 0.005168 0.994832 0.158334 0.843818 0.156182 0.244898 0.100000 0.066225 0.894840
     0.994 0.054054 0.800000 0.002584 0.997416 0.182414 0.845987 0.154013 0.255319 0.101266 0.066445 0.894820
     1.019 0.054054 0.800000 0.002584 0.997416 0.182414 0.845987 0.154013 0.255319 0.101266 0.066445 0.894820
     1.043 0.040541 0.750000 0.002584 0.997416 0.150235 0.843818 0.156182 0.200000 0.076923 0.050000 0.920569
     1.068 0.040541 0.750000 0.002584 0.997416 0.150235 0.843818 0.156182 0.200000 0.076923 0.050000 0.920569
     1.093 0.040541 0.750000 0.002584 0.997416 0.150235 0.843818 0.156182 0.200000 0.076923 0.050000 0.920569
     1.117 0.040541 0.750000 0.002584 0.997416 0.150235 0.843818 0.156182 0.200000 0.076923 0.050000 0.920569
     1.142 0.040541 0.750000 0.002584 0.997416 0.150235 0.843818 0.156182 0.200000 0.076923 0.050000 0.920569
     1.167 0.040541 1.000000 0.000000 1.000000 0.185083 0.845987 0.154013 0.209302 0.077922 0.050167 0.920562
     1.191 0.040541 1.000000 0.000000 1.000000 0.185083 0.845987 0.154013 0.209302 0.077922 0.050167 0.920562
     1.216 0.040541 1.000000 0.000000 1.000000 0.185083 0.845987 0.154013 0.209302 0.077922 0.050167 0.920562
     1.240 0.040541 1.000000 0.000000 1.000000 0.185083 0.845987 0.154013 0.209302 0.077922 0.050167 0.920562
     1.265 0.040541 1.000000 0.000000 1.000000 0.185083 0.845987 0.154013 0.209302 0.077922 0.050167 0.920562
     1.290 0.040541 1.000000 0.000000 1.000000 0.185083 0.845987 0.154013 0.209302 0.077922 0.050167 0.920562
     1.314 0.040541 1.000000 0.000000 1.000000 0.185083 0.845987 0.154013 0.209302 0.077922 0.050167 0.920562
     1.339 0.040541 1.000000 0.000000 1.000000 0.185083 0.845987 0.154013 0.209302 0.077922 0.050167 0.920562
     1.364 0.040541 1.000000 0.000000 1.000000 0.185083 0.845987 0.154013 0.209302 0.077922 0.050167 0.920562
     1.388 0.040541 1.000000 0.000000 1.000000 0.185083 0.845987 0.154013 0.209302 0.077922 0.050167 0.920562
     1.413 0.040541 1.000000 0.000000 1.000000 0.185083 0.845987 0.154013 0.209302 0.077922 0.050167 0.920562
     1.438 0.040541 1.000000 0.000000 1.000000 0.185083 0.845987 0.154013 0.209302 0.077922 0.050167 0.920562
     1.462 0.040541 1.000000 0.000000 1.000000 0.185083 0.845987 0.154013 0.209302 0.077922 0.050167 0.920562
     1.487 0.040541 1.000000 0.000000 1.000000 0.185083 0.845987 0.154013 0.209302 0.077922 0.050167 0.920562
     1.512 0.027027 1.000000 0.000000 1.000000 0.150955 0.843818 0.156182 0.146341 0.052632 0.033557 0.946676
     1.536 0.027027 1.000000 0.000000 1.000000 0.150955 0.843818 0.156182 0.146341 0.052632 0.033557 0.946676
     1.561 0.027027 1.000000 0.000000 1.000000 0.150955 0.843818 0.156182 0.146341 0.052632 0.033557 0.946676
     1.585 0.027027 1.000000 0.000000 1.000000 0.150955 0.843818 0.156182 0.146341 0.052632 0.033557 0.946676
     1.610 0.027027 1.000000 0.000000 1.000000 0.150955 0.843818 0.156182 0.146341 0.052632 0.033557 0.946676
     1.635 0.027027 1.000000 0.000000 1.000000 0.150955 0.843818 0.156182 0.146341 0.052632 0.033557 0.946676
# AUC_ROC= 0.773    AUC_PRC= 0.364    Best_ROC thr= -0.189  TPR= 0.730   FPR= 0.295    BestMCC= 0.332   thr= -0.189  TPR= 0.730   FPR= 0.295  
#   AUC_R   AUC_P   THROC    Sen     Spe     BMCC    TH     Sen     Spe
#   0.773   0.364  -0.189   0.730   0.705   0.332  -0.189   0.730   0.705
