# COMMAND> S461_CartDD_DIR.txt 3 4 200
# Total data entries loaded: 461
# Total Experimental Positives 74 and Negatives 387 using 0 threshold.
# Experimental Positives ratio EP/(EN+EP)= 0.161
# Total Predicted Positives 53 and Negatives 408 using 0 threshold.
# Predicted Positives ratio PP/(PN+PP)= 0.115
# Predicted data goes from -8.000001 to 6.010001 (range 14.010002) --> 200 samples taken in 0.07005001 steps.
#
#     thrP  REC|TPR PREC|PPV      FPR       SP      MCC      ACC      ERR      F05       F1       F2    dist2
    -8.000 1.000000 0.160521 1.000000 0.000000 0.000000 0.160521 0.839479 0.231491 0.276636 0.488771 1.000000
    -7.930 0.986486 0.192612 0.790698 0.209302 0.187946 0.334056 0.665944 0.275472 0.322296 0.540741 0.625385
    -7.860 0.972973 0.190981 0.788114 0.211886 0.175793 0.334056 0.665944 0.273072 0.319290 0.534918 0.621854
    -7.790 0.972973 0.192000 0.782946 0.217054 0.179070 0.338395 0.661605 0.274460 0.320713 0.536513 0.613734
    -7.720 0.972973 0.192000 0.782946 0.217054 0.179070 0.338395 0.661605 0.274460 0.320713 0.536513 0.613734
    -7.650 0.972973 0.192000 0.782946 0.217054 0.179070 0.338395 0.661605 0.274460 0.320713 0.536513 0.613734
    -7.580 0.972973 0.193548 0.775194 0.224806 0.183944 0.344902 0.655098 0.276569 0.322870 0.538922 0.601656
    -7.510 0.972973 0.195122 0.767442 0.232558 0.188774 0.351410 0.648590 0.278710 0.325056 0.541353 0.589697
    -7.440 0.972973 0.197260 0.757106 0.242894 0.195153 0.360087 0.639913 0.281617 0.328018 0.544629 0.573940
    -7.370 0.972973 0.197260 0.757106 0.242894 0.195153 0.360087 0.639913 0.281617 0.328018 0.544629 0.573940
    -7.300 0.972973 0.197802 0.754522 0.245478 0.196738 0.362256 0.637744 0.282353 0.328767 0.545455 0.570034
    -7.229 0.972973 0.200557 0.741602 0.258398 0.204613 0.373102 0.626898 0.286093 0.332564 0.549618 0.550704
    -7.159 0.972973 0.202817 0.731266 0.268734 0.210859 0.381779 0.618221 0.289157 0.335664 0.552995 0.535481
    -7.089 0.972973 0.205128 0.720930 0.279070 0.217068 0.390456 0.609544 0.292287 0.338824 0.556414 0.520471
    -7.019 0.972973 0.205714 0.718346 0.281654 0.218615 0.392625 0.607375 0.293080 0.339623 0.557276 0.516752
    -6.949 0.972973 0.208092 0.708010 0.291990 0.224786 0.401302 0.598698 0.296296 0.342857 0.560748 0.502009
    -6.879 0.972973 0.208696 0.705426 0.294574 0.226325 0.403471 0.596529 0.297111 0.343675 0.561622 0.498357
    -6.809 0.972973 0.209302 0.702842 0.297158 0.227863 0.405640 0.594360 0.297931 0.344498 0.562500 0.494718
    -6.739 0.972973 0.209302 0.702842 0.297158 0.227863 0.405640 0.594360 0.297931 0.344498 0.562500 0.494718
    -6.669 0.972973 0.209913 0.700258 0.299742 0.229399 0.407809 0.592191 0.298755 0.345324 0.563380 0.491092
    -6.599 0.972973 0.211144 0.695090 0.304910 0.232469 0.412148 0.587852 0.300417 0.346988 0.565149 0.483881
    -6.529 0.972973 0.212389 0.689922 0.310078 0.235535 0.416486 0.583514 0.302098 0.348668 0.566929 0.476723
    -6.459 0.972973 0.213018 0.687339 0.312661 0.237067 0.418655 0.581345 0.302945 0.349515 0.567823 0.473165
    -6.389 0.972973 0.213650 0.684755 0.315245 0.238598 0.420824 0.579176 0.303797 0.350365 0.568720 0.469619
    -6.319 0.972973 0.214925 0.679587 0.320413 0.241659 0.425163 0.574837 0.305516 0.352078 0.570523 0.462568
    -6.249 0.972973 0.214925 0.679587 0.320413 0.241659 0.425163 0.574837 0.305516 0.352078 0.570523 0.462568
    -6.179 0.972973 0.214925 0.679587 0.320413 0.241659 0.425163 0.574837 0.305516 0.352078 0.570523 0.462568
    -6.109 0.972973 0.216216 0.674419 0.325581 0.244719 0.429501 0.570499 0.307255 0.353808 0.572337 0.455571
    -6.039 0.959459 0.215152 0.669251 0.330749 0.236205 0.431670 0.568330 0.305595 0.351485 0.567093 0.449540
    -5.969 0.959459 0.215805 0.666667 0.333333 0.237764 0.433839 0.566161 0.306475 0.352357 0.568000 0.446088
    -5.899 0.959459 0.217125 0.661499 0.338501 0.240882 0.438178 0.561822 0.308249 0.354115 0.569823 0.439224
    -5.828 0.959459 0.217125 0.661499 0.338501 0.240882 0.438178 0.561822 0.308249 0.354115 0.569823 0.439224
    -5.758 0.959459 0.219136 0.653747 0.346253 0.245557 0.444685 0.555315 0.310949 0.356784 0.572581 0.429028
    -5.688 0.959459 0.219814 0.651163 0.348837 0.247115 0.446855 0.553145 0.311859 0.357683 0.573506 0.425657
    -5.618 0.959459 0.221184 0.645995 0.354005 0.250232 0.451193 0.548807 0.313697 0.359494 0.575365 0.418953
    -5.548 0.945946 0.220820 0.638243 0.361757 0.243721 0.455531 0.544469 0.312966 0.358056 0.570962 0.410276
    -5.478 0.945946 0.221519 0.635659 0.364341 0.245306 0.457701 0.542299 0.313901 0.358974 0.571895 0.406984
    -5.408 0.945946 0.221519 0.635659 0.364341 0.245306 0.457701 0.542299 0.313901 0.358974 0.571895 0.406984
    -5.338 0.932432 0.220447 0.630491 0.369509 0.237406 0.459870 0.540130 0.312217 0.356589 0.566502 0.402084
    -5.268 0.932432 0.221154 0.627907 0.372093 0.239015 0.462039 0.537961 0.313162 0.357513 0.567434 0.398833
    -5.198 0.932432 0.222581 0.622739 0.377261 0.242233 0.466377 0.533623 0.315068 0.359375 0.569307 0.392369
    -5.128 0.932432 0.224756 0.614987 0.385013 0.247065 0.472885 0.527115 0.317972 0.362205 0.572139 0.382774
    -5.058 0.932432 0.226230 0.609819 0.390181 0.250289 0.477223 0.522777 0.319938 0.364116 0.574043 0.376445
    -4.988 0.932432 0.228477 0.602067 0.397933 0.255131 0.483731 0.516269 0.322933 0.367021 0.576923 0.367050
    -4.918 0.932432 0.231544 0.591731 0.408269 0.261603 0.492408 0.507592 0.327014 0.370968 0.580808 0.354711
    -4.848 0.918919 0.232082 0.581395 0.418605 0.257447 0.498915 0.501085 0.327448 0.370572 0.577250 0.344595
    -4.778 0.918919 0.235294 0.571059 0.428941 0.264035 0.507592 0.492408 0.331707 0.374656 0.581197 0.332683
    -4.708 0.905405 0.235088 0.563307 0.436693 0.258490 0.511931 0.488069 0.331137 0.373259 0.576592 0.326263
    -4.638 0.905405 0.235915 0.560724 0.439276 0.260162 0.514100 0.485900 0.332231 0.374302 0.577586 0.323359
    -4.568 0.905405 0.239286 0.550388 0.449612 0.266872 0.522777 0.477223 0.336683 0.378531 0.581597 0.311875
    -4.498 0.891892 0.237410 0.547804 0.452196 0.258163 0.522777 0.477223 0.333895 0.375000 0.574913 0.311776
    -4.427 0.891892 0.239130 0.542636 0.457364 0.261562 0.527115 0.472885 0.336163 0.377143 0.576923 0.306141
    -4.357 0.891892 0.240000 0.540052 0.459948 0.263266 0.529284 0.470716 0.337308 0.378223 0.577933 0.303343
    -4.287 0.878378 0.239852 0.532300 0.467700 0.258098 0.533623 0.466377 0.336788 0.376812 0.573192 0.298135
    -4.217 0.864865 0.238806 0.527132 0.472868 0.251304 0.535792 0.464208 0.335079 0.374269 0.567376 0.296129
    -4.147 0.864865 0.239700 0.524548 0.475452 0.253045 0.537961 0.462039 0.336252 0.375367 0.568384 0.293412
    -4.077 0.864865 0.241509 0.519380 0.480620 0.256537 0.542299 0.457701 0.338624 0.377581 0.570410 0.288017
    -4.007 0.864865 0.244275 0.511628 0.488372 0.261794 0.548807 0.451193 0.342246 0.380952 0.573477 0.280025
    -3.937 0.864865 0.245211 0.509044 0.490956 0.263553 0.550976 0.449024 0.343470 0.382090 0.574506 0.277387
    -3.867 0.864865 0.247104 0.503876 0.496124 0.267079 0.555315 0.444685 0.345946 0.384384 0.576577 0.272152
    -3.797 0.851351 0.247059 0.496124 0.503876 0.262285 0.559653 0.440347 0.345521 0.382979 0.571688 0.268235
    -3.727 0.851351 0.249012 0.490956 0.509044 0.265863 0.563991 0.436009 0.348066 0.385321 0.573770 0.263134
    -3.657 0.851351 0.252000 0.483204 0.516796 0.271257 0.570499 0.429501 0.351955 0.388889 0.576923 0.255583
    -3.587 0.851351 0.254032 0.478036 0.521964 0.274873 0.574837 0.425163 0.354597 0.391304 0.579044 0.250615
    -3.517 0.851351 0.255061 0.475452 0.524548 0.276686 0.577007 0.422993 0.355932 0.392523 0.580110 0.248151
    -3.447 0.851351 0.257143 0.470284 0.529716 0.280326 0.581345 0.418655 0.358634 0.394984 0.582255 0.243264
    -3.377 0.851351 0.261411 0.459948 0.540052 0.287657 0.590022 0.409978 0.364162 0.400000 0.586592 0.233649
    -3.307 0.851351 0.264706 0.452196 0.547804 0.293205 0.596529 0.403471 0.368421 0.403846 0.589888 0.226578
    -3.237 0.824324 0.262931 0.441860 0.558140 0.280802 0.600868 0.399132 0.365269 0.398693 0.577652 0.226103
    -3.167 0.810811 0.263158 0.434109 0.565891 0.276582 0.605206 0.394794 0.365112 0.397351 0.572519 0.224243
    -3.097 0.797297 0.261062 0.431525 0.568475 0.268593 0.605206 0.394794 0.361963 0.393333 0.565134 0.227302
    -3.026 0.797297 0.264574 0.423773 0.576227 0.274378 0.611714 0.388286 0.366460 0.397306 0.568401 0.220672
    -2.956 0.797297 0.274419 0.403101 0.596899 0.290066 0.629067 0.370933 0.379015 0.408304 0.577299 0.203579
    -2.886 0.797297 0.278302 0.395349 0.604651 0.296056 0.635575 0.364425 0.383948 0.412587 0.580709 0.197389
    -2.816 0.797297 0.287805 0.377261 0.622739 0.310285 0.650759 0.349241 0.395973 0.422939 0.588822 0.183414
    -2.746 0.797297 0.290640 0.372093 0.627907 0.314421 0.655098 0.344902 0.399549 0.425993 0.591182 0.179542
    -2.676 0.797297 0.299492 0.356589 0.643411 0.327030 0.668113 0.331887 0.410673 0.435424 0.598377 0.168244
    -2.606 0.797297 0.308901 0.341085 0.658915 0.339969 0.681128 0.318872 0.422434 0.445283 0.605749 0.157428
    -2.536 0.783784 0.315217 0.325581 0.674419 0.343463 0.691974 0.308026 0.429630 0.449612 0.604167 0.152753
    -2.466 0.783784 0.320442 0.317829 0.682171 0.350265 0.698482 0.301518 0.436090 0.454902 0.607966 0.147765
    -2.396 0.783784 0.324022 0.312661 0.687339 0.354857 0.702820 0.297180 0.440506 0.458498 0.610526 0.144507
    -2.326 0.770270 0.320225 0.312661 0.687339 0.345034 0.700651 0.299349 0.435115 0.452381 0.601266 0.150533
    -2.256 0.770270 0.325714 0.304910 0.695090 0.352013 0.707158 0.292842 0.441860 0.457831 0.605096 0.145746
    -2.186 0.756757 0.325581 0.299742 0.700258 0.346888 0.709328 0.290672 0.440945 0.455285 0.598291 0.149012
    -2.116 0.756757 0.329412 0.294574 0.705426 0.351653 0.713666 0.286334 0.445623 0.459016 0.600858 0.145941
    -2.046 0.729730 0.321429 0.294574 0.705426 0.331916 0.709328 0.290672 0.434316 0.446281 0.581897 0.159820
    -1.976 0.702703 0.317073 0.289406 0.710594 0.316908 0.709328 0.290672 0.427397 0.436975 0.565217 0.172141
    -1.906 0.675676 0.312500 0.284238 0.715762 0.301850 0.709328 0.290672 0.420168 0.427350 0.548246 0.185977
    -1.836 0.675676 0.328947 0.263566 0.736434 0.321798 0.726681 0.273319 0.439883 0.442478 0.558036 0.174653
    -1.766 0.648649 0.331034 0.250646 0.749354 0.314651 0.733189 0.266811 0.440367 0.438356 0.544218 0.186271
    -1.696 0.608108 0.319149 0.248062 0.751938 0.286843 0.728850 0.271150 0.423197 0.418605 0.514874 0.215114
    -1.625 0.608108 0.330882 0.235142 0.764858 0.300213 0.739696 0.260304 0.436893 0.428571 0.520833 0.208871
    -1.555 0.594595 0.335878 0.224806 0.775194 0.300976 0.746204 0.253796 0.441472 0.429268 0.515222 0.214891
    -1.485 0.581081 0.330769 0.224806 0.775194 0.290650 0.744035 0.255965 0.434343 0.421569 0.504695 0.226031
    -1.415 0.540541 0.314961 0.224806 0.775194 0.259429 0.737527 0.262473 0.412371 0.398010 0.472813 0.261641
    -1.345 0.540541 0.325203 0.214470 0.785530 0.270627 0.746204 0.253796 0.424028 0.406091 0.477327 0.257100
    -1.275 0.527027 0.327731 0.206718 0.793282 0.268691 0.750542 0.249458 0.425455 0.404145 0.469880 0.266436
    -1.205 0.513514 0.336283 0.193798 0.806202 0.272838 0.759219 0.240781 0.433460 0.406417 0.464548 0.274227
    -1.135 0.486486 0.346154 0.175711 0.824289 0.272940 0.770065 0.229935 0.440816 0.404494 0.450000 0.294570
    -1.065 0.486486 0.356436 0.167959 0.832041 0.282688 0.776573 0.223427 0.451883 0.411429 0.453401 0.291906
    -0.995 0.486486 0.378947 0.152455 0.847545 0.303149 0.789588 0.210412 0.475771 0.426036 0.460358 0.286939
    -0.925 0.486486 0.400000 0.139535 0.860465 0.321316 0.800434 0.199566 0.497696 0.439024 0.466321 0.283166
    -0.855 0.486486 0.404494 0.136951 0.863049 0.325084 0.802603 0.197397 0.502326 0.441718 0.467532 0.282452
    -0.785 0.486486 0.413793 0.131783 0.868217 0.332768 0.806941 0.193059 0.511848 0.447205 0.469974 0.281063
    -0.715 0.486486 0.433735 0.121447 0.878553 0.348760 0.815618 0.184382 0.532020 0.458599 0.474934 0.278446
    -0.645 0.486486 0.444444 0.116279 0.883721 0.357094 0.819957 0.180043 0.542714 0.464516 0.477454 0.277217
    -0.575 0.459459 0.447368 0.108527 0.891473 0.347182 0.822126 0.177874 0.539683 0.453333 0.456989 0.303962
    -0.505 0.459459 0.459459 0.103359 0.896641 0.356100 0.826464 0.173536 0.551351 0.459459 0.459459 0.302867
    -0.435 0.432432 0.457143 0.098191 0.901809 0.341896 0.826464 0.173536 0.542373 0.444444 0.437158 0.331774
    -0.365 0.418919 0.455882 0.095607 0.904393 0.334689 0.826464 0.173536 0.537572 0.436620 0.425824 0.346796
    -0.294 0.418919 0.469697 0.090439 0.909561 0.344278 0.830803 0.169197 0.550296 0.442857 0.428177 0.345834
    -0.224 0.405405 0.483871 0.082687 0.917313 0.347226 0.835141 0.164859 0.559006 0.441176 0.418994 0.360380
    -0.154 0.405405 0.500000 0.077519 0.922481 0.357723 0.839479 0.160521 0.573248 0.447761 0.421348 0.359552
    -0.084 0.391892 0.508772 0.072351 0.927649 0.356344 0.841649 0.158351 0.576159 0.442748 0.410765 0.375030
    -0.014 0.364865 0.490909 0.072351 0.927649 0.331263 0.837310 0.162690 0.551020 0.418605 0.384615 0.408631
     0.056 0.351351 0.490566 0.069767 0.930233 0.324049 0.837310 0.162690 0.545455 0.409449 0.372493 0.425613
     0.126 0.337838 0.500000 0.064599 0.935401 0.322557 0.839479 0.160521 0.547445 0.403226 0.361272 0.442632
     0.196 0.310811 0.500000 0.059432 0.940568 0.307892 0.839479 0.160521 0.534884 0.383333 0.336257 0.478514
     0.266 0.297297 0.500000 0.056848 0.943152 0.300401 0.839479 0.160521 0.528000 0.372881 0.323529 0.497023
     0.336 0.283784 0.525000 0.049096 0.950904 0.306049 0.843818 0.156182 0.538462 0.368421 0.312500 0.515376
     0.406 0.283784 0.538462 0.046512 0.953488 0.312989 0.845987 0.154013 0.547826 0.371681 0.313433 0.515129
     0.476 0.270270 0.555556 0.041344 0.958656 0.313200 0.848156 0.151844 0.550459 0.363636 0.301205 0.534215
     0.546 0.256757 0.558824 0.038760 0.961240 0.306174 0.848156 0.151844 0.542857 0.351852 0.287879 0.553913
     0.616 0.243243 0.562500 0.036176 0.963824 0.299075 0.848156 0.151844 0.534653 0.339623 0.274390 0.573989
     0.686 0.229730 0.548387 0.036176 0.963824 0.283699 0.845987 0.154013 0.515152 0.323810 0.259939 0.594625
     0.756 0.229730 0.586207 0.031008 0.968992 0.300453 0.850325 0.149675 0.536842 0.330097 0.261538 0.594278
     0.826 0.216216 0.592593 0.028424 0.971576 0.293577 0.850325 0.149675 0.527473 0.316832 0.247678 0.615125
     0.896 0.216216 0.615385 0.025840 0.974160 0.302938 0.852495 0.147505 0.539326 0.320000 0.248447 0.614985
     0.966 0.202703 0.600000 0.025840 0.974160 0.286678 0.850325 0.149675 0.517241 0.303030 0.233645 0.636351
     1.036 0.202703 0.625000 0.023256 0.976744 0.296525 0.852495 0.147505 0.529412 0.306122 0.234375 0.636224
     1.107 0.202703 0.625000 0.023256 0.976744 0.296525 0.852495 0.147505 0.529412 0.306122 0.234375 0.636224
     1.177 0.189189 0.608696 0.023256 0.976744 0.279772 0.850325 0.149675 0.506024 0.288660 0.219436 0.657955
     1.247 0.189189 0.636364 0.020672 0.979328 0.290183 0.852495 0.147505 0.518519 0.291667 0.220126 0.657841
     1.317 0.189189 0.636364 0.020672 0.979328 0.290183 0.852495 0.147505 0.518519 0.291667 0.220126 0.657841
     1.387 0.175676 0.619048 0.020672 0.979328 0.272884 0.850325 0.149675 0.493671 0.273684 0.205047 0.679938
     1.457 0.148649 0.611111 0.018088 0.981912 0.247426 0.848156 0.151844 0.452055 0.239130 0.175159 0.725126
     1.527 0.148649 0.611111 0.018088 0.981912 0.247426 0.848156 0.151844 0.452055 0.239130 0.175159 0.725126
     1.597 0.148649 0.611111 0.018088 0.981912 0.247426 0.848156 0.151844 0.452055 0.239130 0.175159 0.725126
     1.667 0.148649 0.611111 0.018088 0.981912 0.247426 0.848156 0.151844 0.452055 0.239130 0.175159 0.725126
     1.737 0.135135 0.625000 0.015504 0.984496 0.239925 0.848156 0.151844 0.434783 0.222222 0.160256 0.748232
     1.807 0.121622 0.600000 0.015504 0.984496 0.219556 0.845987 0.154013 0.402985 0.202247 0.144695 0.771789
     1.877 0.121622 0.600000 0.015504 0.984496 0.219556 0.845987 0.154013 0.402985 0.202247 0.144695 0.771789
     1.947 0.108108 0.615385 0.012920 0.987080 0.211078 0.845987 0.154013 0.380952 0.183908 0.129450 0.795638
     2.017 0.108108 0.666667 0.010336 0.989664 0.225410 0.848156 0.151844 0.393443 0.186047 0.129870 0.795578
     2.087 0.094595 0.636364 0.010336 0.989664 0.202667 0.845987 0.154013 0.355932 0.164706 0.114007 0.819866
     2.157 0.081081 0.600000 0.010336 0.989664 0.178271 0.843818 0.156182 0.315789 0.142857 0.098039 0.844519
     2.227 0.081081 0.600000 0.010336 0.989664 0.178271 0.843818 0.156182 0.315789 0.142857 0.098039 0.844519
     2.297 0.081081 0.600000 0.010336 0.989664 0.178271 0.843818 0.156182 0.315789 0.142857 0.098039 0.844519
     2.367 0.081081 0.600000 0.010336 0.989664 0.178271 0.843818 0.156182 0.315789 0.142857 0.098039 0.844519
     2.437 0.067568 0.555556 0.010336 0.989664 0.151851 0.841649 0.158351 0.272727 0.120482 0.081967 0.869537
     2.508 0.067568 0.555556 0.010336 0.989664 0.151851 0.841649 0.158351 0.272727 0.120482 0.081967 0.869537
     2.578 0.067568 0.555556 0.010336 0.989664 0.151851 0.841649 0.158351 0.272727 0.120482 0.081967 0.869537
     2.648 0.054054 0.500000 0.010336 0.989664 0.122896 0.839479 0.160521 0.226415 0.097561 0.065789 0.894921
     2.718 0.054054 0.571429 0.007752 0.992248 0.138994 0.841649 0.158351 0.235294 0.098765 0.066007 0.894874
     2.788 0.054054 0.571429 0.007752 0.992248 0.138994 0.841649 0.158351 0.235294 0.098765 0.066007 0.894874
     2.858 0.054054 0.571429 0.007752 0.992248 0.138994 0.841649 0.158351 0.235294 0.098765 0.066007 0.894874
     2.928 0.054054 0.571429 0.007752 0.992248 0.138994 0.841649 0.158351 0.235294 0.098765 0.066007 0.894874
     2.998 0.054054 0.571429 0.007752 0.992248 0.138994 0.841649 0.158351 0.235294 0.098765 0.066007 0.894874
     3.068 0.054054 0.571429 0.007752 0.992248 0.138994 0.841649 0.158351 0.235294 0.098765 0.066007 0.894874
     3.138 0.027027 0.400000 0.007752 0.992248 0.068313 0.837310 0.162690 0.127660 0.050633 0.033223 0.946736
     3.208 0.027027 0.400000 0.007752 0.992248 0.068313 0.837310 0.162690 0.127660 0.050633 0.033223 0.946736
     3.278 0.027027 0.400000 0.007752 0.992248 0.068313 0.837310 0.162690 0.127660 0.050633 0.033223 0.946736
     3.348 0.027027 0.400000 0.007752 0.992248 0.068313 0.837310 0.162690 0.127660 0.050633 0.033223 0.946736
     3.418 0.027027 0.400000 0.007752 0.992248 0.068313 0.837310 0.162690 0.127660 0.050633 0.033223 0.946736
     3.488 0.027027 0.400000 0.007752 0.992248 0.068313 0.837310 0.162690 0.127660 0.050633 0.033223 0.946736
     3.558 0.027027 0.400000 0.007752 0.992248 0.068313 0.837310 0.162690 0.127660 0.050633 0.033223 0.946736
     3.628 0.027027 0.400000 0.007752 0.992248 0.068313 0.837310 0.162690 0.127660 0.050633 0.033223 0.946736
     3.698 0.027027 0.400000 0.007752 0.992248 0.068313 0.837310 0.162690 0.127660 0.050633 0.033223 0.946736
     3.768 0.027027 0.400000 0.007752 0.992248 0.068313 0.837310 0.162690 0.127660 0.050633 0.033223 0.946736
     3.838 0.027027 0.400000 0.007752 0.992248 0.068313 0.837310 0.162690 0.127660 0.050633 0.033223 0.946736
     3.909 0.027027 0.500000 0.005168 0.994832 0.086520 0.839479 0.160521 0.133333 0.051282 0.033333 0.946703
     3.979 0.013514 0.333333 0.005168 0.994832 0.038101 0.837310 0.162690 0.069767 0.025974 0.016722 0.973182
     4.049 0.013514 0.333333 0.005168 0.994832 0.038101 0.837310 0.162690 0.069767 0.025974 0.016722 0.973182
     4.119 0.013514 0.333333 0.005168 0.994832 0.038101 0.837310 0.162690 0.069767 0.025974 0.016722 0.973182
     4.189 0.013514 0.333333 0.005168 0.994832 0.038101 0.837310 0.162690 0.069767 0.025974 0.016722 0.973182
     4.259 0.013514 0.333333 0.005168 0.994832 0.038101 0.837310 0.162690 0.069767 0.025974 0.016722 0.973182
     4.329 0.013514 0.333333 0.005168 0.994832 0.038101 0.837310 0.162690 0.069767 0.025974 0.016722 0.973182
     4.399 0.013514 0.333333 0.005168 0.994832 0.038101 0.837310 0.162690 0.069767 0.025974 0.016722 0.973182
     4.469 0.013514 0.333333 0.005168 0.994832 0.038101 0.837310 0.162690 0.069767 0.025974 0.016722 0.973182
     4.539 0.013514 0.500000 0.002584 0.997416 0.061045 0.839479 0.160521 0.073171 0.026316 0.016779 0.973162
     4.609 0.013514 0.500000 0.002584 0.997416 0.061045 0.839479 0.160521 0.073171 0.026316 0.016779 0.973162
     4.679 0.013514 0.500000 0.002584 0.997416 0.061045 0.839479 0.160521 0.073171 0.026316 0.016779 0.973162
     4.749 0.013514 0.500000 0.002584 0.997416 0.061045 0.839479 0.160521 0.073171 0.026316 0.016779 0.973162
     4.819 0.013514 0.500000 0.002584 0.997416 0.061045 0.839479 0.160521 0.073171 0.026316 0.016779 0.973162
     4.889 0.013514 0.500000 0.002584 0.997416 0.061045 0.839479 0.160521 0.073171 0.026316 0.016779 0.973162
     4.959 0.013514 0.500000 0.002584 0.997416 0.061045 0.839479 0.160521 0.073171 0.026316 0.016779 0.973162
     5.029 0.013514 0.500000 0.002584 0.997416 0.061045 0.839479 0.160521 0.073171 0.026316 0.016779 0.973162
     5.099 0.013514 0.500000 0.002584 0.997416 0.061045 0.839479 0.160521 0.073171 0.026316 0.016779 0.973162
     5.169 0.000000 0.000000 0.002584 0.997416 -0.020388 0.837310 0.162690 0.000000 0.000000 0.000000 1.000007
     5.239 0.000000 0.000000 0.002584 0.997416 -0.020388 0.837310 0.162690 0.000000 0.000000 0.000000 1.000007
     5.310 0.000000 0.000000 0.002584 0.997416 -0.020388 0.837310 0.162690 0.000000 0.000000 0.000000 1.000007
     5.380 0.000000 0.000000 0.002584 0.997416 -0.020388 0.837310 0.162690 0.000000 0.000000 0.000000 1.000007
     5.450 0.000000 0.000000 0.002584 0.997416 -0.020388 0.837310 0.162690 0.000000 0.000000 0.000000 1.000007
     5.520 0.000000 0.000000 0.002584 0.997416 -0.020388 0.837310 0.162690 0.000000 0.000000 0.000000 1.000007
     5.590 0.000000 0.000000 0.002584 0.997416 -0.020388 0.837310 0.162690 0.000000 0.000000 0.000000 1.000007
     5.660 0.000000 0.000000 0.002584 0.997416 -0.020388 0.837310 0.162690 0.000000 0.000000 0.000000 1.000007
     5.730 0.000000 0.000000 0.002584 0.997416 -0.020388 0.837310 0.162690 0.000000 0.000000 0.000000 1.000007
     5.800 0.000000 0.000000 0.002584 0.997416 -0.020388 0.837310 0.162690 0.000000 0.000000 0.000000 1.000007
     5.870 0.000000 0.000000 0.002584 0.997416 -0.020388 0.837310 0.162690 0.000000 0.000000 0.000000 1.000007
     5.940 0.000000 0.000000 0.002584 0.997416 -0.020388 0.837310 0.162690 0.000000 0.000000 0.000000 1.000007
# AUC_ROC= 0.782    AUC_PRC= 0.405    Best_ROC thr= -2.396  TPR= 0.784   FPR= 0.313    BestMCC= 0.358   thr= -0.154  TPR= 0.405   FPR= 0.078  
#   AUC_R   AUC_P   THROC    Sen     Spe     BMCC    TH     Sen     Spe
#   0.782   0.405  -2.396   0.784   0.687   0.358  -0.154   0.405   0.922
