# COMMAND> S461_DDgun3D_DIR.txt 3 4 200
# Total data entries loaded: 461
# Total Experimental Positives 74 and Negatives 387 using 0 threshold.
# Experimental Positives ratio EP/(EN+EP)= 0.161
# Total Predicted Positives 81 and Negatives 380 using 0 threshold.
# Predicted Positives ratio PP/(PN+PP)= 0.176
# Predicted data goes from -5.600001 to 2.900001 (range 8.500002) --> 200 samples taken in 0.04250001 steps.
#
#     thrP  REC|TPR PREC|PPV      FPR       SP      MCC      ACC      ERR      F05       F1       F2    dist2
    -5.600 1.000000 0.160521 1.000000 0.000000 0.000000 0.160521 0.839479 0.231491 0.276636 0.488771 1.000000
    -5.558 1.000000 0.160870 0.997416 0.002584 0.020388 0.162690 0.837310 0.231975 0.277154 0.489418 0.994839
    -5.515 1.000000 0.160870 0.997416 0.002584 0.020388 0.162690 0.837310 0.231975 0.277154 0.489418 0.994839
    -5.473 1.000000 0.160870 0.997416 0.002584 0.020388 0.162690 0.837310 0.231975 0.277154 0.489418 0.994839
    -5.430 1.000000 0.160870 0.997416 0.002584 0.020388 0.162690 0.837310 0.231975 0.277154 0.489418 0.994839
    -5.388 1.000000 0.160870 0.997416 0.002584 0.020388 0.162690 0.837310 0.231975 0.277154 0.489418 0.994839
    -5.345 1.000000 0.160870 0.997416 0.002584 0.020388 0.162690 0.837310 0.231975 0.277154 0.489418 0.994839
    -5.303 1.000000 0.160870 0.997416 0.002584 0.020388 0.162690 0.837310 0.231975 0.277154 0.489418 0.994839
    -5.260 1.000000 0.160870 0.997416 0.002584 0.020388 0.162690 0.837310 0.231975 0.277154 0.489418 0.994839
    -5.218 1.000000 0.160870 0.997416 0.002584 0.020388 0.162690 0.837310 0.231975 0.277154 0.489418 0.994839
    -5.175 1.000000 0.160870 0.997416 0.002584 0.020388 0.162690 0.837310 0.231975 0.277154 0.489418 0.994839
    -5.133 1.000000 0.160870 0.997416 0.002584 0.020388 0.162690 0.837310 0.231975 0.277154 0.489418 0.994839
    -5.090 1.000000 0.160870 0.997416 0.002584 0.020388 0.162690 0.837310 0.231975 0.277154 0.489418 0.994839
    -5.048 1.000000 0.160870 0.997416 0.002584 0.020388 0.162690 0.837310 0.231975 0.277154 0.489418 0.994839
    -5.005 1.000000 0.160870 0.997416 0.002584 0.020388 0.162690 0.837310 0.231975 0.277154 0.489418 0.994839
    -4.963 1.000000 0.160870 0.997416 0.002584 0.020388 0.162690 0.837310 0.231975 0.277154 0.489418 0.994839
    -4.920 1.000000 0.160870 0.997416 0.002584 0.020388 0.162690 0.837310 0.231975 0.277154 0.489418 0.994839
    -4.878 1.000000 0.160870 0.997416 0.002584 0.020388 0.162690 0.837310 0.231975 0.277154 0.489418 0.994839
    -4.835 1.000000 0.160870 0.997416 0.002584 0.020388 0.162690 0.837310 0.231975 0.277154 0.489418 0.994839
    -4.793 1.000000 0.160870 0.997416 0.002584 0.020388 0.162690 0.837310 0.231975 0.277154 0.489418 0.994839
    -4.750 1.000000 0.160870 0.997416 0.002584 0.020388 0.162690 0.837310 0.231975 0.277154 0.489418 0.994839
    -4.708 1.000000 0.160870 0.997416 0.002584 0.020388 0.162690 0.837310 0.231975 0.277154 0.489418 0.994839
    -4.665 1.000000 0.160870 0.997416 0.002584 0.020388 0.162690 0.837310 0.231975 0.277154 0.489418 0.994839
    -4.623 1.000000 0.160870 0.997416 0.002584 0.020388 0.162690 0.837310 0.231975 0.277154 0.489418 0.994839
    -4.580 1.000000 0.161220 0.994832 0.005168 0.028865 0.164859 0.835141 0.232461 0.277674 0.490066 0.989691
    -4.538 1.000000 0.161220 0.994832 0.005168 0.028865 0.164859 0.835141 0.232461 0.277674 0.490066 0.989691
    -4.495 1.000000 0.161220 0.994832 0.005168 0.028865 0.164859 0.835141 0.232461 0.277674 0.490066 0.989691
    -4.453 1.000000 0.161220 0.994832 0.005168 0.028865 0.164859 0.835141 0.232461 0.277674 0.490066 0.989691
    -4.410 1.000000 0.161220 0.994832 0.005168 0.028865 0.164859 0.835141 0.232461 0.277674 0.490066 0.989691
    -4.368 1.000000 0.161572 0.992248 0.007752 0.035391 0.167028 0.832972 0.232949 0.278195 0.490716 0.984556
    -4.325 1.000000 0.161572 0.992248 0.007752 0.035391 0.167028 0.832972 0.232949 0.278195 0.490716 0.984556
    -4.283 1.000000 0.161926 0.989664 0.010336 0.040910 0.169197 0.830803 0.233438 0.278719 0.491368 0.979435
    -4.240 1.000000 0.161926 0.989664 0.010336 0.040910 0.169197 0.830803 0.233438 0.278719 0.491368 0.979435
    -4.198 1.000000 0.162281 0.987080 0.012920 0.045789 0.171367 0.828633 0.233930 0.279245 0.492021 0.974327
    -4.155 1.000000 0.162281 0.987080 0.012920 0.045789 0.171367 0.828633 0.233930 0.279245 0.492021 0.974327
    -4.113 1.000000 0.162281 0.987080 0.012920 0.045789 0.171367 0.828633 0.233930 0.279245 0.492021 0.974327
    -4.070 1.000000 0.162996 0.981912 0.018088 0.054298 0.175705 0.824295 0.234921 0.280303 0.493333 0.964151
    -4.028 1.000000 0.162996 0.981912 0.018088 0.054298 0.175705 0.824295 0.234921 0.280303 0.493333 0.964151
    -3.985 1.000000 0.163717 0.976744 0.023256 0.061704 0.180043 0.819957 0.235919 0.281369 0.494652 0.954029
    -3.943 1.000000 0.163717 0.976744 0.023256 0.061704 0.180043 0.819957 0.235919 0.281369 0.494652 0.954029
    -3.900 1.000000 0.163717 0.976744 0.023256 0.061704 0.180043 0.819957 0.235919 0.281369 0.494652 0.954029
    -3.858 1.000000 0.164811 0.968992 0.031008 0.071487 0.186551 0.813449 0.237433 0.282983 0.496644 0.938946
    -3.815 1.000000 0.164811 0.968992 0.031008 0.071487 0.186551 0.813449 0.237433 0.282983 0.496644 0.938946
    -3.773 1.000000 0.166667 0.956072 0.043928 0.085564 0.197397 0.802603 0.240000 0.285714 0.500000 0.914074
    -3.730 1.000000 0.166667 0.956072 0.043928 0.085564 0.197397 0.802603 0.240000 0.285714 0.500000 0.914074
    -3.688 1.000000 0.168182 0.945736 0.054264 0.095531 0.206074 0.793926 0.242094 0.287938 0.502717 0.894417
    -3.645 1.000000 0.168182 0.945736 0.054264 0.095531 0.206074 0.793926 0.242094 0.287938 0.502717 0.894417
    -3.603 1.000000 0.168182 0.945736 0.054264 0.095531 0.206074 0.793926 0.242094 0.287938 0.502717 0.894417
    -3.560 1.000000 0.168565 0.943152 0.056848 0.097890 0.208243 0.791757 0.242623 0.288499 0.503401 0.889537
    -3.518 1.000000 0.168565 0.943152 0.056848 0.097890 0.208243 0.791757 0.242623 0.288499 0.503401 0.889537
    -3.475 1.000000 0.172093 0.919897 0.080103 0.117411 0.227766 0.772234 0.247492 0.293651 0.509642 0.846210
    -3.433 1.000000 0.172093 0.919897 0.080103 0.117411 0.227766 0.772234 0.247492 0.293651 0.509642 0.846210
    -3.390 1.000000 0.172897 0.914729 0.085271 0.121421 0.232104 0.767896 0.248600 0.294821 0.511050 0.836729
    -3.348 1.000000 0.172897 0.914729 0.085271 0.121421 0.232104 0.767896 0.248600 0.294821 0.511050 0.836729
    -3.305 1.000000 0.172897 0.914729 0.085271 0.121421 0.232104 0.767896 0.248600 0.294821 0.511050 0.836729
    -3.263 1.000000 0.174118 0.906977 0.093023 0.127267 0.238612 0.761388 0.250282 0.296593 0.513176 0.822607
    -3.220 1.000000 0.174118 0.906977 0.093023 0.127267 0.238612 0.761388 0.250282 0.296593 0.513176 0.822607
    -3.178 1.000000 0.176190 0.894057 0.105943 0.136624 0.249458 0.750542 0.253136 0.299595 0.516760 0.799338
    -3.135 1.000000 0.176190 0.894057 0.105943 0.136624 0.249458 0.750542 0.253136 0.299595 0.516760 0.799338
    -3.093 1.000000 0.178744 0.878553 0.121447 0.147336 0.262473 0.737527 0.256647 0.303279 0.521127 0.771855
    -3.050 1.000000 0.178744 0.878553 0.121447 0.147336 0.262473 0.737527 0.256647 0.303279 0.521127 0.771855
    -3.008 1.000000 0.178744 0.878553 0.121447 0.147336 0.262473 0.737527 0.256647 0.303279 0.521127 0.771855
    -2.965 1.000000 0.180488 0.868217 0.131783 0.154225 0.271150 0.728850 0.259043 0.305785 0.524079 0.753801
    -2.923 1.000000 0.180488 0.868217 0.131783 0.154225 0.271150 0.728850 0.259043 0.305785 0.524079 0.753801
    -2.880 1.000000 0.182266 0.857881 0.142119 0.160945 0.279826 0.720174 0.261484 0.308333 0.527066 0.735960
    -2.838 1.000000 0.182266 0.857881 0.142119 0.160945 0.279826 0.720174 0.261484 0.308333 0.527066 0.735960
    -2.795 1.000000 0.183623 0.850129 0.149871 0.165891 0.286334 0.713666 0.263345 0.310273 0.529328 0.722720
    -2.753 1.000000 0.183623 0.850129 0.149871 0.165891 0.286334 0.713666 0.263345 0.310273 0.529328 0.722720
    -2.710 1.000000 0.183623 0.850129 0.149871 0.165891 0.286334 0.713666 0.263345 0.310273 0.529328 0.722720
    -2.668 1.000000 0.185000 0.842377 0.157623 0.170764 0.292842 0.707158 0.265233 0.312236 0.531609 0.709599
    -2.625 1.000000 0.185000 0.842377 0.157623 0.170764 0.292842 0.707158 0.265233 0.312236 0.531609 0.709599
    -2.583 1.000000 0.187817 0.826873 0.173127 0.180322 0.305857 0.694143 0.269091 0.316239 0.536232 0.683720
    -2.540 1.000000 0.187817 0.826873 0.173127 0.180322 0.305857 0.694143 0.269091 0.316239 0.536232 0.683720
    -2.498 1.000000 0.191710 0.806202 0.193798 0.192751 0.323210 0.676790 0.274413 0.321739 0.542522 0.649961
    -2.455 1.000000 0.191710 0.806202 0.193798 0.192751 0.323210 0.676790 0.274413 0.321739 0.542522 0.649961
    -2.413 1.000000 0.191710 0.806202 0.193798 0.192751 0.323210 0.676790 0.274413 0.321739 0.542522 0.649961
    -2.370 1.000000 0.193211 0.798450 0.201550 0.197337 0.329718 0.670282 0.276463 0.323851 0.544919 0.637522
    -2.328 1.000000 0.193211 0.798450 0.201550 0.197337 0.329718 0.670282 0.276463 0.323851 0.544919 0.637522
    -2.285 1.000000 0.194737 0.790698 0.209302 0.201888 0.336226 0.663774 0.278545 0.325991 0.547337 0.625203
    -2.243 1.000000 0.194737 0.790698 0.209302 0.201888 0.336226 0.663774 0.278545 0.325991 0.547337 0.625203
    -2.200 1.000000 0.194737 0.790698 0.209302 0.201888 0.336226 0.663774 0.278545 0.325991 0.547337 0.625203
    -2.158 1.000000 0.197333 0.777778 0.222222 0.209408 0.347072 0.652928 0.282084 0.329621 0.551416 0.604938
    -2.115 1.000000 0.197333 0.777778 0.222222 0.209408 0.347072 0.652928 0.282084 0.329621 0.551416 0.604938
    -2.073 1.000000 0.198925 0.770026 0.229974 0.213887 0.353579 0.646421 0.284251 0.331839 0.553892 0.592940
    -2.030 1.000000 0.198925 0.770026 0.229974 0.213887 0.353579 0.646421 0.284251 0.331839 0.553892 0.592940
    -1.988 1.000000 0.200542 0.762274 0.237726 0.218344 0.360087 0.639913 0.286452 0.334086 0.556391 0.581062
    -1.945 1.000000 0.200542 0.762274 0.237726 0.218344 0.360087 0.639913 0.286452 0.334086 0.556391 0.581062
    -1.903 1.000000 0.200542 0.762274 0.237726 0.218344 0.360087 0.639913 0.286452 0.334086 0.556391 0.581062
    -1.860 1.000000 0.205556 0.739018 0.260982 0.231617 0.379610 0.620390 0.293263 0.341014 0.564024 0.546148
    -1.818 1.000000 0.205556 0.739018 0.260982 0.231617 0.379610 0.620390 0.293263 0.341014 0.564024 0.546148
    -1.775 1.000000 0.208451 0.726098 0.273902 0.238946 0.390456 0.609544 0.297189 0.344988 0.568356 0.527219
    -1.733 1.000000 0.208451 0.726098 0.273902 0.238946 0.390456 0.609544 0.297189 0.344988 0.568356 0.527219
    -1.690 1.000000 0.214493 0.700258 0.299742 0.253559 0.412148 0.587852 0.305365 0.353222 0.577223 0.490362
    -1.648 1.000000 0.214493 0.700258 0.299742 0.253559 0.412148 0.587852 0.305365 0.353222 0.577223 0.490362
    -1.605 1.000000 0.214493 0.700258 0.299742 0.253559 0.412148 0.587852 0.305365 0.353222 0.577223 0.490362
    -1.563 1.000000 0.218289 0.684755 0.315245 0.262325 0.425163 0.574837 0.310490 0.358354 0.582677 0.468889
    -1.520 1.000000 0.218289 0.684755 0.315245 0.262325 0.425163 0.574837 0.310490 0.358354 0.582677 0.468889
    -1.478 0.986486 0.221884 0.661499 0.338501 0.263909 0.442516 0.557484 0.315108 0.362283 0.584000 0.437763
    -1.435 0.986486 0.221884 0.661499 0.338501 0.263909 0.442516 0.557484 0.315108 0.362283 0.584000 0.437763
    -1.393 0.986486 0.222561 0.658915 0.341085 0.265409 0.444685 0.555315 0.316017 0.363184 0.584936 0.434351
    -1.350 0.986486 0.222561 0.658915 0.341085 0.265409 0.444685 0.555315 0.316017 0.363184 0.584936 0.434351
    -1.307 0.986486 0.222561 0.658915 0.341085 0.265409 0.444685 0.555315 0.316017 0.363184 0.584936 0.434351
    -1.265 0.972973 0.224299 0.643411 0.356589 0.263083 0.455531 0.544469 0.318115 0.364557 0.583468 0.414708
    -1.222 0.972973 0.224299 0.643411 0.356589 0.263083 0.455531 0.544469 0.318115 0.364557 0.583468 0.414708
    -1.180 0.945946 0.220820 0.638243 0.361757 0.243721 0.455531 0.544469 0.312966 0.358056 0.570962 0.410276
    -1.137 0.945946 0.220820 0.638243 0.361757 0.243721 0.455531 0.544469 0.312966 0.358056 0.570962 0.410276
    -1.095 0.932432 0.227723 0.604651 0.395349 0.253516 0.481562 0.518438 0.321928 0.366048 0.575960 0.370168
    -1.052 0.932432 0.227723 0.604651 0.395349 0.253516 0.481562 0.518438 0.321928 0.366048 0.575960 0.370168
    -1.010 0.932432 0.227723 0.604651 0.395349 0.253516 0.481562 0.518438 0.321928 0.366048 0.575960 0.370168
    -0.967 0.918919 0.236111 0.568475 0.431525 0.265687 0.509761 0.490239 0.332790 0.375691 0.582192 0.329738
    -0.925 0.918919 0.236111 0.568475 0.431525 0.265687 0.509761 0.490239 0.332790 0.375691 0.582192 0.329738
    -0.882 0.891892 0.242647 0.532300 0.467700 0.268390 0.535792 0.464208 0.340792 0.381503 0.580986 0.295030
    -0.840 0.891892 0.242647 0.532300 0.467700 0.268390 0.535792 0.464208 0.340792 0.381503 0.580986 0.295030
    -0.797 0.878378 0.248092 0.509044 0.490956 0.273725 0.553145 0.446855 0.347594 0.386905 0.582437 0.273918
    -0.755 0.878378 0.248092 0.509044 0.490956 0.273725 0.553145 0.446855 0.347594 0.386905 0.582437 0.273918
    -0.712 0.878378 0.248092 0.509044 0.490956 0.273725 0.553145 0.446855 0.347594 0.386905 0.582437 0.273918
    -0.670 0.837838 0.250000 0.480620 0.519380 0.263020 0.570499 0.429501 0.348968 0.385093 0.569853 0.257292
    -0.627 0.837838 0.250000 0.480620 0.519380 0.263020 0.570499 0.429501 0.348968 0.385093 0.569853 0.257292
    -0.585 0.810811 0.254237 0.454780 0.545220 0.261464 0.587852 0.412148 0.353635 0.387097 0.563910 0.242618
    -0.542 0.810811 0.254237 0.454780 0.545220 0.261464 0.587852 0.412148 0.353635 0.387097 0.563910 0.242618
    -0.500 0.783784 0.257778 0.431525 0.568475 0.258694 0.603037 0.396963 0.357290 0.387960 0.556622 0.232963
    -0.457 0.783784 0.257778 0.431525 0.568475 0.258694 0.603037 0.396963 0.357290 0.387960 0.556622 0.232963
    -0.415 0.783784 0.257778 0.431525 0.568475 0.258694 0.603037 0.396963 0.357290 0.387960 0.556622 0.232963
    -0.372 0.729730 0.262136 0.392765 0.607235 0.248801 0.626898 0.373102 0.360802 0.385714 0.537849 0.227310
    -0.330 0.729730 0.262136 0.392765 0.607235 0.248801 0.626898 0.373102 0.360802 0.385714 0.537849 0.227310
    -0.287 0.675676 0.289017 0.317829 0.682171 0.271299 0.681128 0.318872 0.391645 0.404858 0.533049 0.206202
    -0.245 0.675676 0.289017 0.317829 0.682171 0.271299 0.681128 0.318872 0.391645 0.404858 0.533049 0.206202
    -0.202 0.675676 0.289017 0.317829 0.682171 0.271299 0.681128 0.318872 0.391645 0.404858 0.533049 0.206202
    -0.160 0.635135 0.299363 0.284238 0.715762 0.271810 0.702820 0.297180 0.401709 0.406926 0.518764 0.213917
    -0.117 0.635135 0.299363 0.284238 0.715762 0.271810 0.702820 0.297180 0.401709 0.406926 0.518764 0.213917
    -0.075 0.554054 0.347458 0.198966 0.801034 0.298689 0.761388 0.238612 0.450549 0.427083 0.495169 0.238455
    -0.032 0.554054 0.347458 0.198966 0.801034 0.298689 0.761388 0.238612 0.450549 0.427083 0.495169 0.238455
     0.010 0.445946 0.407407 0.124031 0.875969 0.310512 0.806941 0.193059 0.497487 0.425806 0.437666 0.322360
     0.053 0.445946 0.407407 0.124031 0.875969 0.310512 0.806941 0.193059 0.497487 0.425806 0.437666 0.322360
     0.095 0.445946 0.407407 0.124031 0.875969 0.310512 0.806941 0.193059 0.497487 0.425806 0.437666 0.322360
     0.138 0.337838 0.409836 0.093023 0.906977 0.265225 0.815618 0.184382 0.471698 0.370370 0.350140 0.447112
     0.180 0.337838 0.409836 0.093023 0.906977 0.265225 0.815618 0.184382 0.471698 0.370370 0.350140 0.447112
     0.223 0.256757 0.413043 0.069767 0.930233 0.229026 0.822126 0.177874 0.441860 0.316667 0.277778 0.557278
     0.265 0.256757 0.413043 0.069767 0.930233 0.229026 0.822126 0.177874 0.441860 0.316667 0.277778 0.557278
     0.308 0.189189 0.411765 0.051680 0.948320 0.193131 0.826464 0.173536 0.400000 0.259259 0.212121 0.660085
     0.350 0.189189 0.411765 0.051680 0.948320 0.193131 0.826464 0.173536 0.400000 0.259259 0.212121 0.660085
     0.393 0.189189 0.411765 0.051680 0.948320 0.193131 0.826464 0.173536 0.400000 0.259259 0.212121 0.660085
     0.435 0.175676 0.433333 0.043928 0.956072 0.196072 0.830803 0.169197 0.402062 0.250000 0.199387 0.681440
     0.478 0.175676 0.433333 0.043928 0.956072 0.196072 0.830803 0.169197 0.402062 0.250000 0.199387 0.681440
     0.520 0.148649 0.550000 0.023256 0.976744 0.225949 0.843818 0.156182 0.428571 0.234043 0.174051 0.725340
     0.563 0.148649 0.550000 0.023256 0.976744 0.225949 0.843818 0.156182 0.428571 0.234043 0.174051 0.725340
     0.605 0.108108 0.500000 0.020672 0.979328 0.175357 0.839479 0.160521 0.347826 0.177778 0.128205 0.795898
     0.648 0.108108 0.500000 0.020672 0.979328 0.175357 0.839479 0.160521 0.347826 0.177778 0.128205 0.795898
     0.690 0.108108 0.500000 0.020672 0.979328 0.175357 0.839479 0.160521 0.347826 0.177778 0.128205 0.795898
     0.733 0.081081 0.461538 0.018088 0.981912 0.139687 0.837310 0.162690 0.285714 0.137931 0.097087 0.844739
     0.775 0.081081 0.461538 0.018088 0.981912 0.139687 0.837310 0.162690 0.285714 0.137931 0.097087 0.844739
     0.818 0.054054 0.444444 0.012920 0.987080 0.109140 0.837310 0.162690 0.218182 0.096386 0.065574 0.894981
     0.860 0.054054 0.444444 0.012920 0.987080 0.109140 0.837310 0.162690 0.218182 0.096386 0.065574 0.894981
     0.903 0.040541 0.375000 0.012920 0.987080 0.077645 0.835141 0.164859 0.169811 0.073171 0.049342 0.920729
     0.945 0.040541 0.375000 0.012920 0.987080 0.077645 0.835141 0.164859 0.169811 0.073171 0.049342 0.920729
     0.988 0.040541 0.375000 0.012920 0.987080 0.077645 0.835141 0.164859 0.169811 0.073171 0.049342 0.920729
     1.030 0.040541 0.428571 0.010336 0.989664 0.090671 0.837310 0.162690 0.176471 0.074074 0.049505 0.920669
     1.073 0.040541 0.428571 0.010336 0.989664 0.090671 0.837310 0.162690 0.176471 0.074074 0.049505 0.920669
     1.115 0.040541 0.428571 0.010336 0.989664 0.090671 0.837310 0.162690 0.176471 0.074074 0.049505 0.920669
     1.158 0.040541 0.428571 0.010336 0.989664 0.090671 0.837310 0.162690 0.176471 0.074074 0.049505 0.920669
     1.200 0.040541 0.600000 0.005168 0.994832 0.125363 0.841649 0.158351 0.191489 0.075949 0.049834 0.920589
     1.243 0.040541 0.600000 0.005168 0.994832 0.125363 0.841649 0.158351 0.191489 0.075949 0.049834 0.920589
     1.285 0.040541 0.600000 0.005168 0.994832 0.125363 0.841649 0.158351 0.191489 0.075949 0.049834 0.920589
     1.328 0.040541 0.750000 0.002584 0.997416 0.150235 0.843818 0.156182 0.200000 0.076923 0.050000 0.920569
     1.370 0.040541 0.750000 0.002584 0.997416 0.150235 0.843818 0.156182 0.200000 0.076923 0.050000 0.920569
     1.413 0.027027 1.000000 0.000000 1.000000 0.150955 0.843818 0.156182 0.146341 0.052632 0.033557 0.946676
     1.455 0.027027 1.000000 0.000000 1.000000 0.150955 0.843818 0.156182 0.146341 0.052632 0.033557 0.946676
     1.498 0.027027 1.000000 0.000000 1.000000 0.150955 0.843818 0.156182 0.146341 0.052632 0.033557 0.946676
     1.540 0.027027 1.000000 0.000000 1.000000 0.150955 0.843818 0.156182 0.146341 0.052632 0.033557 0.946676
     1.583 0.027027 1.000000 0.000000 1.000000 0.150955 0.843818 0.156182 0.146341 0.052632 0.033557 0.946676
     1.625 0.027027 1.000000 0.000000 1.000000 0.150955 0.843818 0.156182 0.146341 0.052632 0.033557 0.946676
     1.668 0.027027 1.000000 0.000000 1.000000 0.150955 0.843818 0.156182 0.146341 0.052632 0.033557 0.946676
     1.710 0.027027 1.000000 0.000000 1.000000 0.150955 0.843818 0.156182 0.146341 0.052632 0.033557 0.946676
     1.753 0.027027 1.000000 0.000000 1.000000 0.150955 0.843818 0.156182 0.146341 0.052632 0.033557 0.946676
     1.795 0.027027 1.000000 0.000000 1.000000 0.150955 0.843818 0.156182 0.146341 0.052632 0.033557 0.946676
     1.838 0.027027 1.000000 0.000000 1.000000 0.150955 0.843818 0.156182 0.146341 0.052632 0.033557 0.946676
     1.880 0.027027 1.000000 0.000000 1.000000 0.150955 0.843818 0.156182 0.146341 0.052632 0.033557 0.946676
     1.923 0.027027 1.000000 0.000000 1.000000 0.150955 0.843818 0.156182 0.146341 0.052632 0.033557 0.946676
     1.965 0.027027 1.000000 0.000000 1.000000 0.150955 0.843818 0.156182 0.146341 0.052632 0.033557 0.946676
     2.008 0.027027 1.000000 0.000000 1.000000 0.150955 0.843818 0.156182 0.146341 0.052632 0.033557 0.946676
     2.050 0.027027 1.000000 0.000000 1.000000 0.150955 0.843818 0.156182 0.146341 0.052632 0.033557 0.946676
     2.093 0.027027 1.000000 0.000000 1.000000 0.150955 0.843818 0.156182 0.146341 0.052632 0.033557 0.946676
     2.135 0.027027 1.000000 0.000000 1.000000 0.150955 0.843818 0.156182 0.146341 0.052632 0.033557 0.946676
     2.178 0.027027 1.000000 0.000000 1.000000 0.150955 0.843818 0.156182 0.146341 0.052632 0.033557 0.946676
     2.220 0.013514 1.000000 0.000000 1.000000 0.106625 0.841649 0.158351 0.076923 0.026667 0.016835 0.973156
     2.263 0.013514 1.000000 0.000000 1.000000 0.106625 0.841649 0.158351 0.076923 0.026667 0.016835 0.973156
     2.305 0.013514 1.000000 0.000000 1.000000 0.106625 0.841649 0.158351 0.076923 0.026667 0.016835 0.973156
     2.348 0.013514 1.000000 0.000000 1.000000 0.106625 0.841649 0.158351 0.076923 0.026667 0.016835 0.973156
     2.390 0.013514 1.000000 0.000000 1.000000 0.106625 0.841649 0.158351 0.076923 0.026667 0.016835 0.973156
     2.433 0.013514 1.000000 0.000000 1.000000 0.106625 0.841649 0.158351 0.076923 0.026667 0.016835 0.973156
     2.475 0.013514 1.000000 0.000000 1.000000 0.106625 0.841649 0.158351 0.076923 0.026667 0.016835 0.973156
     2.518 0.013514 1.000000 0.000000 1.000000 0.106625 0.841649 0.158351 0.076923 0.026667 0.016835 0.973156
     2.560 0.013514 1.000000 0.000000 1.000000 0.106625 0.841649 0.158351 0.076923 0.026667 0.016835 0.973156
     2.603 0.013514 1.000000 0.000000 1.000000 0.106625 0.841649 0.158351 0.076923 0.026667 0.016835 0.973156
     2.645 0.013514 1.000000 0.000000 1.000000 0.106625 0.841649 0.158351 0.076923 0.026667 0.016835 0.973156
     2.688 0.013514 1.000000 0.000000 1.000000 0.106625 0.841649 0.158351 0.076923 0.026667 0.016835 0.973156
     2.730 0.013514 1.000000 0.000000 1.000000 0.106625 0.841649 0.158351 0.076923 0.026667 0.016835 0.973156
     2.773 0.013514 1.000000 0.000000 1.000000 0.106625 0.841649 0.158351 0.076923 0.026667 0.016835 0.973156
     2.815 0.013514 1.000000 0.000000 1.000000 0.106625 0.841649 0.158351 0.076923 0.026667 0.016835 0.973156
     2.858 0.013514 1.000000 0.000000 1.000000 0.106625 0.841649 0.158351 0.076923 0.026667 0.016835 0.973156
# AUC_ROC= 0.765    AUC_PRC= 0.361    Best_ROC thr= -0.287  TPR= 0.676   FPR= 0.318    BestMCC= 0.311   thr= 0.010   TPR= 0.446   FPR= 0.124  
#   AUC_R   AUC_P   THROC    Sen     Spe     BMCC    TH     Sen     Spe
#   0.765   0.361  -0.287   0.676   0.682   0.311   0.010   0.446   0.876
