# COMMAND> S461_FoldX_DIR.txt 3 4 200
# Total data entries loaded: 461
# Total Experimental Positives 74 and Negatives 387 using 0 threshold.
# Experimental Positives ratio EP/(EN+EP)= 0.161
# Total Predicted Positives 112 and Negatives 349 using 0 threshold.
# Predicted Positives ratio PP/(PN+PP)= 0.243
# Predicted data goes from -8.000001 to 5.670001 (range 13.670002) --> 200 samples taken in 0.06835001 steps.
#
#     thrP  REC|TPR PREC|PPV      FPR       SP      MCC      ACC      ERR      F05       F1       F2    dist2
    -8.000 1.000000 0.160521 1.000000 0.000000 0.000000 0.160521 0.839479 0.231491 0.276636 0.488771 1.000000
    -7.932 0.986486 0.159737 0.992248 0.007752 -0.022805 0.164859 0.835141 0.230284 0.274953 0.484728 0.984739
    -7.863 0.986486 0.159737 0.992248 0.007752 -0.022805 0.164859 0.835141 0.230284 0.274953 0.484728 0.984739
    -7.795 0.986486 0.159737 0.992248 0.007752 -0.022805 0.164859 0.835141 0.230284 0.274953 0.484728 0.984739
    -7.727 0.986486 0.159737 0.992248 0.007752 -0.022805 0.164859 0.835141 0.230284 0.274953 0.484728 0.984739
    -7.658 0.986486 0.159737 0.992248 0.007752 -0.022805 0.164859 0.835141 0.230284 0.274953 0.484728 0.984739
    -7.590 0.986486 0.159737 0.992248 0.007752 -0.022805 0.164859 0.835141 0.230284 0.274953 0.484728 0.984739
    -7.522 0.986486 0.159737 0.992248 0.007752 -0.022805 0.164859 0.835141 0.230284 0.274953 0.484728 0.984739
    -7.453 0.986486 0.160088 0.989664 0.010336 -0.011262 0.167028 0.832972 0.230769 0.275472 0.485372 0.979618
    -7.385 0.986486 0.160088 0.989664 0.010336 -0.011262 0.167028 0.832972 0.230769 0.275472 0.485372 0.979618
    -7.317 0.986486 0.160088 0.989664 0.010336 -0.011262 0.167028 0.832972 0.230769 0.275472 0.485372 0.979618
    -7.248 0.986486 0.160088 0.989664 0.010336 -0.011262 0.167028 0.832972 0.230769 0.275472 0.485372 0.979618
    -7.180 0.986486 0.160088 0.989664 0.010336 -0.011262 0.167028 0.832972 0.230769 0.275472 0.485372 0.979618
    -7.111 0.986486 0.160440 0.987080 0.012920 -0.001923 0.169197 0.830803 0.231257 0.275992 0.486019 0.974510
    -7.043 0.986486 0.160793 0.984496 0.015504 0.005975 0.171367 0.828633 0.231746 0.276515 0.486667 0.969415
    -6.975 0.986486 0.160793 0.984496 0.015504 0.005975 0.171367 0.828633 0.231746 0.276515 0.486667 0.969415
    -6.906 0.972973 0.158940 0.984496 0.015504 -0.032393 0.169197 0.830803 0.229056 0.273245 0.480641 0.969963
    -6.838 0.972973 0.158940 0.984496 0.015504 -0.032393 0.169197 0.830803 0.229056 0.273245 0.480641 0.969963
    -6.770 0.972973 0.158940 0.984496 0.015504 -0.032393 0.169197 0.830803 0.229056 0.273245 0.480641 0.969963
    -6.701 0.972973 0.158940 0.984496 0.015504 -0.032393 0.169197 0.830803 0.229056 0.273245 0.480641 0.969963
    -6.633 0.972973 0.158940 0.984496 0.015504 -0.032393 0.169197 0.830803 0.229056 0.273245 0.480641 0.969963
    -6.565 0.972973 0.158940 0.984496 0.015504 -0.032393 0.169197 0.830803 0.229056 0.273245 0.480641 0.969963
    -6.496 0.972973 0.159292 0.981912 0.018088 -0.023718 0.171367 0.828633 0.229543 0.273764 0.481283 0.964882
    -6.428 0.972973 0.159292 0.981912 0.018088 -0.023718 0.171367 0.828633 0.229543 0.273764 0.481283 0.964882
    -6.360 0.972973 0.159292 0.981912 0.018088 -0.023718 0.171367 0.828633 0.229543 0.273764 0.481283 0.964882
    -6.291 0.972973 0.159292 0.981912 0.018088 -0.023718 0.171367 0.828633 0.229543 0.273764 0.481283 0.964882
    -6.223 0.972973 0.159292 0.981912 0.018088 -0.023718 0.171367 0.828633 0.229543 0.273764 0.481283 0.964882
    -6.155 0.972973 0.159292 0.981912 0.018088 -0.023718 0.171367 0.828633 0.229543 0.273764 0.481283 0.964882
    -6.086 0.972973 0.159292 0.981912 0.018088 -0.023718 0.171367 0.828633 0.229543 0.273764 0.481283 0.964882
    -6.018 0.972973 0.159292 0.981912 0.018088 -0.023718 0.171367 0.828633 0.229543 0.273764 0.481283 0.964882
    -5.950 0.972973 0.159292 0.981912 0.018088 -0.023718 0.171367 0.828633 0.229543 0.273764 0.481283 0.964882
    -5.881 0.972973 0.159292 0.981912 0.018088 -0.023718 0.171367 0.828633 0.229543 0.273764 0.481283 0.964882
    -5.813 0.972973 0.159292 0.981912 0.018088 -0.023718 0.171367 0.828633 0.229543 0.273764 0.481283 0.964882
    -5.744 0.972973 0.159645 0.979328 0.020672 -0.016014 0.173536 0.826464 0.230032 0.274286 0.481928 0.959814
    -5.676 0.972973 0.160000 0.976744 0.023256 -0.009071 0.175705 0.824295 0.230523 0.274809 0.482574 0.954760
    -5.608 0.972973 0.160000 0.976744 0.023256 -0.009071 0.175705 0.824295 0.230523 0.274809 0.482574 0.954760
    -5.539 0.972973 0.160000 0.976744 0.023256 -0.009071 0.175705 0.824295 0.230523 0.274809 0.482574 0.954760
    -5.471 0.972973 0.160000 0.976744 0.023256 -0.009071 0.175705 0.824295 0.230523 0.274809 0.482574 0.954760
    -5.403 0.972973 0.160356 0.974160 0.025840 -0.002737 0.177874 0.822126 0.231016 0.275335 0.483221 0.949719
    -5.334 0.972973 0.160714 0.971576 0.028424 0.003097 0.180043 0.819957 0.231511 0.275862 0.483871 0.944691
    -5.266 0.972973 0.160714 0.971576 0.028424 0.003097 0.180043 0.819957 0.231511 0.275862 0.483871 0.944691
    -5.198 0.972973 0.161074 0.968992 0.031008 0.008516 0.182213 0.817787 0.232009 0.276392 0.484522 0.939676
    -5.129 0.972973 0.161798 0.963824 0.036176 0.018348 0.186551 0.813449 0.233010 0.277457 0.485830 0.929688
    -5.061 0.972973 0.161798 0.963824 0.036176 0.018348 0.186551 0.813449 0.233010 0.277457 0.485830 0.929688
    -4.993 0.972973 0.161798 0.963824 0.036176 0.018348 0.186551 0.813449 0.233010 0.277457 0.485830 0.929688
    -4.924 0.972973 0.162162 0.961240 0.038760 0.022853 0.188720 0.811280 0.233514 0.277992 0.486486 0.924713
    -4.856 0.972973 0.162896 0.956072 0.043928 0.031209 0.193059 0.806941 0.234528 0.279070 0.487805 0.914805
    -4.788 0.972973 0.162896 0.956072 0.043928 0.031209 0.193059 0.806941 0.234528 0.279070 0.487805 0.914805
    -4.719 0.972973 0.162896 0.956072 0.043928 0.031209 0.193059 0.806941 0.234528 0.279070 0.487805 0.914805
    -4.651 0.972973 0.162896 0.956072 0.043928 0.031209 0.193059 0.806941 0.234528 0.279070 0.487805 0.914805
    -4.583 0.972973 0.163265 0.953488 0.046512 0.035110 0.195228 0.804772 0.235038 0.279612 0.488467 0.909871
    -4.514 0.972973 0.163636 0.950904 0.049096 0.038852 0.197397 0.802603 0.235551 0.280156 0.489130 0.904950
    -4.446 0.972973 0.164009 0.948320 0.051680 0.042451 0.199566 0.800434 0.236066 0.280702 0.489796 0.900042
    -4.377 0.972973 0.164384 0.945736 0.054264 0.045922 0.201735 0.798265 0.236583 0.281250 0.490463 0.895148
    -4.309 0.972973 0.164384 0.945736 0.054264 0.045922 0.201735 0.798265 0.236583 0.281250 0.490463 0.895148
    -4.241 0.972973 0.164384 0.945736 0.054264 0.045922 0.201735 0.798265 0.236583 0.281250 0.490463 0.895148
    -4.172 0.972973 0.164760 0.943152 0.056848 0.049277 0.203905 0.796095 0.237102 0.281800 0.491132 0.890267
    -4.104 0.972973 0.165517 0.937984 0.062016 0.055676 0.208243 0.791757 0.238148 0.282908 0.492476 0.880545
    -4.036 0.972973 0.167832 0.922481 0.077519 0.072928 0.221258 0.778742 0.241341 0.286282 0.496552 0.851701
    -3.967 0.972973 0.168618 0.917313 0.082687 0.078174 0.225597 0.774403 0.242424 0.287425 0.497925 0.842193
    -3.899 0.972973 0.169412 0.912145 0.087855 0.083221 0.229935 0.770065 0.243517 0.288577 0.499307 0.832738
    -3.831 0.959459 0.167849 0.909561 0.090439 0.066604 0.229935 0.770065 0.241223 0.285714 0.493741 0.828944
    -3.762 0.959459 0.168246 0.906977 0.093023 0.069231 0.232104 0.767896 0.241771 0.286290 0.494429 0.824250
    -3.694 0.959459 0.168646 0.904393 0.095607 0.071811 0.234273 0.765727 0.242321 0.286869 0.495119 0.819570
    -3.626 0.959459 0.170264 0.894057 0.105943 0.081709 0.242950 0.757050 0.244546 0.289206 0.497896 0.800981
    -3.557 0.959459 0.171084 0.888889 0.111111 0.086435 0.247289 0.752711 0.245675 0.290389 0.499297 0.791767
    -3.489 0.959459 0.172330 0.881137 0.118863 0.093285 0.253796 0.746204 0.247387 0.292181 0.501412 0.778046
    -3.421 0.959459 0.173594 0.873385 0.126615 0.099881 0.260304 0.739696 0.249123 0.293996 0.503546 0.764445
    -3.352 0.959459 0.174020 0.870801 0.129199 0.102029 0.262473 0.737527 0.249707 0.294606 0.504261 0.759938
    -3.284 0.959459 0.176179 0.857881 0.142119 0.112436 0.273319 0.726681 0.252669 0.297694 0.507868 0.737604
    -3.216 0.959459 0.177500 0.850129 0.149871 0.118445 0.279826 0.720174 0.254480 0.299578 0.510057 0.724363
    -3.147 0.959459 0.177945 0.847545 0.152455 0.120413 0.281996 0.718004 0.255090 0.300211 0.510791 0.719976
    -3.079 0.959459 0.178841 0.842377 0.157623 0.124302 0.286334 0.713666 0.256318 0.301486 0.512266 0.711243
    -3.010 0.959459 0.178841 0.842377 0.157623 0.124302 0.286334 0.713666 0.256318 0.301486 0.512266 0.711243
    -2.942 0.959459 0.179747 0.837209 0.162791 0.128130 0.290672 0.709328 0.257557 0.302772 0.513748 0.702563
    -2.874 0.959459 0.181122 0.829457 0.170543 0.133769 0.297180 0.702820 0.259440 0.304721 0.515988 0.689643
    -2.805 0.945946 0.179028 0.829457 0.170543 0.119156 0.295011 0.704989 0.256410 0.301075 0.509461 0.690921
    -2.737 0.945946 0.179487 0.826873 0.173127 0.121094 0.297180 0.702820 0.257038 0.301724 0.510204 0.686641
    -2.669 0.945946 0.180879 0.819121 0.180879 0.126824 0.303688 0.696312 0.258940 0.303688 0.512445 0.673882
    -2.600 0.945946 0.182768 0.808786 0.191214 0.134293 0.312364 0.687636 0.261519 0.306346 0.515464 0.657056
    -2.532 0.945946 0.185185 0.795866 0.204134 0.143387 0.323210 0.676790 0.264817 0.309735 0.519288 0.636324
    -2.464 0.945946 0.187166 0.785530 0.214470 0.150496 0.331887 0.668113 0.267516 0.312500 0.522388 0.619979
    -2.395 0.945946 0.188172 0.780362 0.219638 0.154001 0.336226 0.663774 0.268886 0.313901 0.523952 0.611886
    -2.327 0.932432 0.186992 0.775194 0.224806 0.144419 0.338395 0.661605 0.267097 0.311512 0.518797 0.605491
    -2.259 0.932432 0.188525 0.767442 0.232558 0.149737 0.344902 0.655098 0.269181 0.313636 0.521148 0.593532
    -2.190 0.932432 0.191667 0.751938 0.248062 0.160186 0.357918 0.642082 0.273448 0.317972 0.525915 0.569976
    -2.122 0.932432 0.193277 0.744186 0.255814 0.165328 0.364425 0.635575 0.275632 0.320186 0.528331 0.558378
    -2.054 0.918919 0.191549 0.741602 0.258398 0.154687 0.364425 0.635575 0.273092 0.317016 0.522273 0.556548
    -1.985 0.905405 0.190883 0.733850 0.266150 0.147749 0.368764 0.631236 0.271989 0.315294 0.517774 0.547484
    -1.917 0.905405 0.191977 0.728682 0.271318 0.151267 0.373102 0.626898 0.273469 0.316785 0.519380 0.539926
    -1.849 0.891892 0.192982 0.713178 0.286822 0.149914 0.383948 0.616052 0.274619 0.317308 0.517241 0.520311
    -1.780 0.878378 0.191740 0.708010 0.291990 0.141768 0.386117 0.613883 0.272727 0.314770 0.511811 0.516070
    -1.712 0.878378 0.193452 0.700258 0.299742 0.147082 0.392625 0.607375 0.275035 0.317073 0.514241 0.505154
    -1.643 0.878378 0.196970 0.684755 0.315245 0.157593 0.405640 0.594360 0.279770 0.321782 0.519169 0.483681
    -1.575 0.878378 0.203125 0.658915 0.341085 0.174843 0.427332 0.572668 0.288035 0.329949 0.527597 0.448960
    -1.507 0.878378 0.205696 0.648579 0.351421 0.181674 0.436009 0.563991 0.291480 0.333333 0.531046 0.435446
    -1.438 0.878378 0.209003 0.635659 0.364341 0.190174 0.446855 0.553145 0.295903 0.337662 0.535420 0.418854
    -1.370 0.878378 0.213115 0.620155 0.379845 0.200334 0.459870 0.540130 0.301391 0.343008 0.540765 0.399384
    -1.302 0.864865 0.216949 0.596899 0.403101 0.204920 0.477223 0.522777 0.306220 0.346883 0.541455 0.374550
    -1.233 0.824324 0.210345 0.591731 0.408269 0.176755 0.475054 0.524946 0.296596 0.335165 0.520478 0.381008
    -1.165 0.824324 0.214035 0.578811 0.421189 0.185510 0.485900 0.514100 0.301483 0.339833 0.524957 0.365885
    -1.097 0.797297 0.218519 0.545220 0.454780 0.187848 0.509761 0.490239 0.306759 0.343023 0.521201 0.338353
    -1.028 0.797297 0.223485 0.529716 0.470284 0.198560 0.522777 0.477223 0.313274 0.349112 0.526786 0.321687
    -0.960 0.783784 0.229249 0.503876 0.496124 0.206488 0.542299 0.457701 0.320442 0.354740 0.528233 0.300640
    -0.892 0.783784 0.231076 0.498708 0.501292 0.210129 0.546638 0.453362 0.322820 0.356923 0.530165 0.295459
    -0.823 0.770270 0.239496 0.467700 0.532300 0.222257 0.570499 0.429501 0.333333 0.365385 0.533708 0.271519
    -0.755 0.770270 0.244635 0.454780 0.545220 0.231639 0.581345 0.418655 0.339960 0.371336 0.538752 0.259601
    -0.687 0.756757 0.245614 0.444444 0.555556 0.229306 0.587852 0.412148 0.340771 0.370861 0.534351 0.256698
    -0.618 0.743243 0.252294 0.421189 0.578811 0.236793 0.605206 0.394794 0.348837 0.376712 0.535019 0.243324
    -0.550 0.716216 0.257282 0.395349 0.604651 0.236915 0.622560 0.377440 0.354120 0.378571 0.527888 0.236834
    -0.481 0.702703 0.260000 0.382429 0.617571 0.237223 0.631236 0.368764 0.356979 0.379562 0.524194 0.234638
    -0.413 0.675676 0.261780 0.364341 0.635659 0.232006 0.642082 0.357918 0.357995 0.377358 0.513347 0.237931
    -0.345 0.635135 0.264045 0.338501 0.661499 0.223660 0.657267 0.342733 0.358779 0.373016 0.495781 0.247709
    -0.276 0.621622 0.273810 0.315245 0.684755 0.233689 0.674620 0.325380 0.369973 0.380165 0.495690 0.242550
    -0.208 0.554054 0.271523 0.284238 0.715762 0.211043 0.689805 0.310195 0.362832 0.364444 0.458613 0.279659
    -0.140 0.500000 0.264286 0.266150 0.733850 0.186678 0.696312 0.303688 0.350158 0.345794 0.424312 0.320836
    -0.071 0.486486 0.274809 0.245478 0.754522 0.196160 0.711497 0.288503 0.361204 0.351220 0.421546 0.323956
    -0.003 0.405405 0.263158 0.217054 0.782946 0.160259 0.722343 0.277657 0.339623 0.319149 0.365854 0.400655
     0.065 0.405405 0.277778 0.201550 0.798450 0.176682 0.735358 0.264642 0.355731 0.329670 0.371287 0.394165
     0.134 0.337838 0.257732 0.186047 0.813953 0.136704 0.737527 0.262473 0.324675 0.292398 0.318066 0.473072
     0.202 0.283784 0.233333 0.178295 0.821705 0.097695 0.735358 0.264642 0.290323 0.256098 0.272021 0.544755
     0.270 0.243243 0.236842 0.149871 0.850129 0.092375 0.752711 0.247289 0.285714 0.240000 0.241935 0.595142
     0.339 0.216216 0.231884 0.136951 0.863049 0.081562 0.759219 0.240781 0.274286 0.223776 0.219178 0.633073
     0.407 0.202703 0.241935 0.121447 0.878553 0.087426 0.770065 0.229935 0.279503 0.220588 0.209497 0.650432
     0.475 0.135135 0.185185 0.113695 0.886305 0.024474 0.765727 0.234273 0.206897 0.156250 0.142857 0.760918
     0.544 0.135135 0.204082 0.100775 0.899225 0.040924 0.776573 0.223427 0.222222 0.162602 0.144928 0.758147
     0.612 0.108108 0.186047 0.090439 0.909561 0.022303 0.780911 0.219089 0.195122 0.136752 0.117994 0.803650
     0.680 0.108108 0.205128 0.080103 0.919897 0.036941 0.789588 0.210412 0.208696 0.141593 0.119403 0.801888
     0.749 0.094595 0.189189 0.077519 0.922481 0.023070 0.789588 0.210412 0.189189 0.126126 0.105105 0.825768
     0.817 0.094595 0.200000 0.072351 0.927649 0.030827 0.793926 0.206074 0.196262 0.128440 0.105740 0.824994
     0.886 0.094595 0.205882 0.069767 0.930233 0.034869 0.796095 0.203905 0.200000 0.129630 0.106061 0.824626
     0.954 0.067568 0.166667 0.064599 0.935401 0.004417 0.796095 0.203905 0.154639 0.096154 0.076687 0.873603
     1.022 0.067568 0.166667 0.064599 0.935401 0.004417 0.796095 0.203905 0.154639 0.096154 0.076687 0.873603
     1.091 0.067568 0.178571 0.059432 0.940568 0.012504 0.800434 0.199566 0.161290 0.098039 0.077160 0.872962
     1.159 0.067568 0.200000 0.051680 0.948320 0.025753 0.806941 0.193059 0.172414 0.101010 0.077882 0.872101
     1.227 0.054054 0.181818 0.046512 0.953488 0.012988 0.809111 0.190889 0.148148 0.083333 0.062893 0.896977
     1.296 0.054054 0.181818 0.046512 0.953488 0.012988 0.809111 0.190889 0.148148 0.083333 0.062893 0.896977
     1.364 0.054054 0.190476 0.043928 0.956072 0.017828 0.811280 0.188720 0.151899 0.084211 0.063091 0.896743
     1.432 0.054054 0.200000 0.041344 0.958656 0.022903 0.813449 0.186551 0.155844 0.085106 0.063291 0.896523
     1.501 0.054054 0.200000 0.041344 0.958656 0.022903 0.813449 0.186551 0.155844 0.085106 0.063291 0.896523
     1.569 0.040541 0.157895 0.041344 0.958656 -0.001483 0.811280 0.188720 0.120000 0.064516 0.047619 0.922272
     1.637 0.027027 0.111111 0.041344 0.958656 -0.027132 0.809111 0.190889 0.082192 0.043478 0.031847 0.948386
     1.706 0.027027 0.111111 0.041344 0.958656 -0.027132 0.809111 0.190889 0.082192 0.043478 0.031847 0.948386
     1.774 0.027027 0.111111 0.041344 0.958656 -0.027132 0.809111 0.190889 0.082192 0.043478 0.031847 0.948386
     1.842 0.027027 0.111111 0.041344 0.958656 -0.027132 0.809111 0.190889 0.082192 0.043478 0.031847 0.948386
     1.911 0.027027 0.117647 0.038760 0.961240 -0.022853 0.811280 0.188720 0.084507 0.043956 0.031949 0.948179
     1.979 0.013514 0.062500 0.038760 0.961240 -0.050632 0.809111 0.190889 0.043478 0.022222 0.016026 0.974658
     2.047 0.013514 0.066667 0.036176 0.963824 -0.046888 0.811280 0.188720 0.044776 0.022472 0.016077 0.974464
     2.116 0.013514 0.071429 0.033592 0.966408 -0.042952 0.813449 0.186551 0.046154 0.022727 0.016129 0.974284
     2.184 0.013514 0.071429 0.033592 0.966408 -0.042952 0.813449 0.186551 0.046154 0.022727 0.016129 0.974284
     2.253 0.013514 0.071429 0.033592 0.966408 -0.042952 0.813449 0.186551 0.046154 0.022727 0.016129 0.974284
     2.321 0.013514 0.076923 0.031008 0.968992 -0.038793 0.815618 0.184382 0.047619 0.022989 0.016181 0.974117
     2.389 0.013514 0.090909 0.025840 0.974160 -0.029648 0.819957 0.180043 0.050847 0.023529 0.016287 0.973823
     2.458 0.013514 0.111111 0.020672 0.979328 -0.018993 0.824295 0.175705 0.054545 0.024096 0.016393 0.973583
     2.526 0.013514 0.111111 0.020672 0.979328 -0.018993 0.824295 0.175705 0.054545 0.024096 0.016393 0.973583
     2.594 0.013514 0.111111 0.020672 0.979328 -0.018993 0.824295 0.175705 0.054545 0.024096 0.016393 0.973583
     2.663 0.013514 0.111111 0.020672 0.979328 -0.018993 0.824295 0.175705 0.054545 0.024096 0.016393 0.973583
     2.731 0.013514 0.125000 0.018088 0.981912 -0.012859 0.826464 0.173536 0.056604 0.024390 0.016447 0.973483
     2.799 0.013514 0.125000 0.018088 0.981912 -0.012859 0.826464 0.173536 0.056604 0.024390 0.016447 0.973483
     2.868 0.013514 0.142857 0.015504 0.984496 -0.005975 0.828633 0.171367 0.058824 0.024691 0.016502 0.973396
     2.936 0.013514 0.142857 0.015504 0.984496 -0.005975 0.828633 0.171367 0.058824 0.024691 0.016502 0.973396
     3.004 0.013514 0.142857 0.015504 0.984496 -0.005975 0.828633 0.171367 0.058824 0.024691 0.016502 0.973396
     3.073 0.013514 0.142857 0.015504 0.984496 -0.005975 0.828633 0.171367 0.058824 0.024691 0.016502 0.973396
     3.141 0.013514 0.166667 0.012920 0.987080 0.001923 0.830803 0.169197 0.061224 0.025000 0.016556 0.973323
     3.209 0.013514 0.166667 0.012920 0.987080 0.001923 0.830803 0.169197 0.061224 0.025000 0.016556 0.973323
     3.278 0.013514 0.166667 0.012920 0.987080 0.001923 0.830803 0.169197 0.061224 0.025000 0.016556 0.973323
     3.346 0.013514 0.166667 0.012920 0.987080 0.001923 0.830803 0.169197 0.061224 0.025000 0.016556 0.973323
     3.414 0.013514 0.200000 0.010336 0.989664 0.011262 0.832972 0.167028 0.063830 0.025316 0.016611 0.973262
     3.483 0.013514 0.200000 0.010336 0.989664 0.011262 0.832972 0.167028 0.063830 0.025316 0.016611 0.973262
     3.551 0.013514 0.250000 0.007752 0.992248 0.022805 0.835141 0.164859 0.066667 0.025641 0.016667 0.973216
     3.620 0.013514 0.250000 0.007752 0.992248 0.022805 0.835141 0.164859 0.066667 0.025641 0.016667 0.973216
     3.688 0.013514 0.333333 0.005168 0.994832 0.038101 0.837310 0.162690 0.069767 0.025974 0.016722 0.973182
     3.756 0.013514 0.333333 0.005168 0.994832 0.038101 0.837310 0.162690 0.069767 0.025974 0.016722 0.973182
     3.825 0.013514 0.333333 0.005168 0.994832 0.038101 0.837310 0.162690 0.069767 0.025974 0.016722 0.973182
     3.893 0.013514 0.500000 0.002584 0.997416 0.061045 0.839479 0.160521 0.073171 0.026316 0.016779 0.973162
     3.961 0.013514 0.500000 0.002584 0.997416 0.061045 0.839479 0.160521 0.073171 0.026316 0.016779 0.973162
     4.030 0.013514 0.500000 0.002584 0.997416 0.061045 0.839479 0.160521 0.073171 0.026316 0.016779 0.973162
     4.098 0.013514 0.500000 0.002584 0.997416 0.061045 0.839479 0.160521 0.073171 0.026316 0.016779 0.973162
     4.166 0.013514 0.500000 0.002584 0.997416 0.061045 0.839479 0.160521 0.073171 0.026316 0.016779 0.973162
     4.235 0.013514 0.500000 0.002584 0.997416 0.061045 0.839479 0.160521 0.073171 0.026316 0.016779 0.973162
     4.303 0.013514 0.500000 0.002584 0.997416 0.061045 0.839479 0.160521 0.073171 0.026316 0.016779 0.973162
     4.371 0.013514 0.500000 0.002584 0.997416 0.061045 0.839479 0.160521 0.073171 0.026316 0.016779 0.973162
     4.440 0.013514 0.500000 0.002584 0.997416 0.061045 0.839479 0.160521 0.073171 0.026316 0.016779 0.973162
     4.508 0.013514 0.500000 0.002584 0.997416 0.061045 0.839479 0.160521 0.073171 0.026316 0.016779 0.973162
     4.576 0.000000 0.000000 0.002584 0.997416 -0.020388 0.837310 0.162690 0.000000 0.000000 0.000000 1.000007
     4.645 0.000000 0.000000 0.002584 0.997416 -0.020388 0.837310 0.162690 0.000000 0.000000 0.000000 1.000007
     4.713 0.000000 0.000000 0.002584 0.997416 -0.020388 0.837310 0.162690 0.000000 0.000000 0.000000 1.000007
     4.781 0.000000 0.000000 0.002584 0.997416 -0.020388 0.837310 0.162690 0.000000 0.000000 0.000000 1.000007
     4.850 0.000000 0.000000 0.002584 0.997416 -0.020388 0.837310 0.162690 0.000000 0.000000 0.000000 1.000007
     4.918 0.000000 0.000000 0.002584 0.997416 -0.020388 0.837310 0.162690 0.000000 0.000000 0.000000 1.000007
     4.987 0.000000 0.000000 0.002584 0.997416 -0.020388 0.837310 0.162690 0.000000 0.000000 0.000000 1.000007
     5.055 0.000000 0.000000 0.002584 0.997416 -0.020388 0.837310 0.162690 0.000000 0.000000 0.000000 1.000007
     5.123 0.000000 0.000000 0.002584 0.997416 -0.020388 0.837310 0.162690 0.000000 0.000000 0.000000 1.000007
     5.192 0.000000 0.000000 0.002584 0.997416 -0.020388 0.837310 0.162690 0.000000 0.000000 0.000000 1.000007
     5.260 0.000000 0.000000 0.002584 0.997416 -0.020388 0.837310 0.162690 0.000000 0.000000 0.000000 1.000007
     5.328 0.000000 0.000000 0.002584 0.997416 -0.020388 0.837310 0.162690 0.000000 0.000000 0.000000 1.000007
     5.397 0.000000 0.000000 0.002584 0.997416 -0.020388 0.837310 0.162690 0.000000 0.000000 0.000000 1.000007
     5.465 0.000000 0.000000 0.002584 0.997416 -0.020388 0.837310 0.162690 0.000000 0.000000 0.000000 1.000007
     5.533 0.000000 0.000000 0.002584 0.997416 -0.020388 0.837310 0.162690 0.000000 0.000000 0.000000 1.000007
     5.602 0.000000 0.000000 0.002584 0.997416 -0.020388 0.837310 0.162690 0.000000 0.000000 0.000000 1.000007
# AUC_ROC= 0.674    AUC_PRC= 0.232    Best_ROC thr= -0.481  TPR= 0.703   FPR= 0.382    BestMCC= 0.237   thr= -0.481  TPR= 0.703   FPR= 0.382  
#   AUC_R   AUC_P   THROC    Sen     Spe     BMCC    TH     Sen     Spe
#   0.674   0.232  -0.481   0.703   0.618   0.237  -0.481   0.703   0.618
