1A0F SA11A   S A 15  0 -1 -1 -1   -1.800     0.138259      3.757      1.938     1.216724     1.354983  92   0    0.000
1BA3 HA461D  H D  6  2 -1 -1 -1   -1.745    -1.065193      0.462      0.680     1.220662     0.155468  46   0    0.000
1BA3 HA489D  H D  6  2 -1 -1 -1    0.287     0.270247      0.000      0.017     0.240686     0.510933  25   0    0.000
1BA3 HA489K  H K  6  8 -1 -1 -1   -0.287     0.397611      0.469      0.685     0.240686     0.638298  25   0    0.000
1BA3 HA489M  H M  6 10 -1 -1 -1   -0.263    -0.210970      0.003      0.052     0.240686     0.029717  25   0    0.000
1BFM MA35W   M W 10 18 -1 -1 -1   -0.700    -0.740941      0.002      0.041     2.242711     1.501770  79   0    0.000
1BFM MA35Y   M Y 10 19 -1 -1 -1   -0.400    -0.184471      0.046      0.216     2.242711     2.058241  79   0    0.000
1BNL DA76A   D A  2  0 -1 -1 -1   -0.821    -0.984150      0.027      0.163     0.732990    -0.251159  56   0    0.000
1DIV DA23A   D A  2  0 -1 -1 -1   -0.460     0.451199      0.830      0.911     0.294502     0.745702  27   0    0.000
1DIV DA23N   D N  2 11 -1 -1 -1   -0.580    -0.134766      0.198      0.445     0.294502     0.159737  27   0    0.000
1DIV DA8N    D N  2 11 -1 -1 -1   -0.300     0.120957      0.177      0.421    -0.046009     0.074948  34   0    0.000
1DIV EA100A  E A  3  0 -1 -1 -1   -0.980     0.443973      2.028      1.424     0.952825     1.396799  43   0    0.000
1DIV EA100G  E G  3  5 -1 -1 -1   -1.520    -0.677611      0.710      0.842     0.952825     0.275214  43   0    0.000
1DIV EA17Q   E Q  3 13 -1 -1 -1   -0.210     0.164650      0.140      0.375     0.433415     0.598065  45   0    0.000
1DIV EA38Q   E Q  3 13 -1 -1 -1   -0.560     0.042423      0.363      0.602     0.826478     0.868900  43   0    0.000
1DIV EA48Q   E Q  3 13 -1 -1 -1    0.030     0.221106      0.037      0.191     0.483011     0.704117  35   0    0.000
1DIV EA54Q   E Q  3 13 -1 -1 -1    0.330     0.087056      0.059      0.243     0.445976     0.533032  27   0    0.000
1DIV HA106Q  H Q  6 13 -1 -1 -1   -1.530    -0.997187      0.284      0.533     1.095639     0.098452  39   0    0.000
1DIV HA134Q  H Q  6 13 -1 -1 -1   -0.340    -0.332970      0.000      0.007     0.492560     0.159590  40   0    0.000
1DIV HA144Q  H Q  6 13 -1 -1 -1   -0.560     0.061211      0.386      0.621     1.060685     1.121896  55   0    0.000
1DIV IA115A  I A  7  0 -1 -1 -1   -3.520    -2.664941      0.731      0.855     3.382527     0.717587  60   0    0.000
1DIV IA121A  I A  7  0 -1 -1 -1   -2.880    -2.244045      0.404      0.636     2.828633     0.584589  53   0    0.000
1DIV IA4A    I A  7  0 -1 -1 -1   -2.220    -1.442546      0.604      0.777     2.514879     1.072333  51   0    0.000
1DIV IA4V    I V  7 17 -1 -1 -1   -0.590    -0.031985      0.311      0.558     2.514879     2.482893  51   0    0.000
1DIV IA79A   I A  7  0 -1 -1 -1   -3.490    -2.199374      1.666      1.291     3.648410     1.449036  54   0    0.000
1DIV IA93A   I A  7  0 -1 -1 -1   -3.190    -2.035510      1.333      1.154     2.785752     0.750242  55   0    0.000
1DIV IA98A   I A  7  0 -1 -1 -1   -4.280    -1.922759      5.557      2.357     3.521700     1.598941  64   0    0.000
1DIV KA10M   K M  8 10 -1 -1 -1    0.050    -1.661898      2.931      1.712    -0.011912    -1.673810  20   0    0.000
1DIV KA14M   K M  8 10 -1 -1 -1    0.010    -0.474847      0.235      0.485     0.104635    -0.370212  45   0    0.000
1DIV KA15M   K M  8 10 -1 -1 -1   -0.310    -0.206072      0.011      0.104     0.227522     0.021449  42   0    0.000
1DIV KA7M    K M  8 10 -1 -1 -1    0.350     0.159404      0.036      0.191     0.479302     0.638706  38   0    0.000
1DIV KA96A   K A  8  0 -1 -1 -1    0.610     0.153974      0.208      0.456     0.988025     1.141998  48   0    0.000
1DIV KA96G   K G  8  5 -1 -1 -1   -0.200    -0.716514      0.267      0.517     0.988025     0.271510  48   0    0.000
1DIV LA102A  L A  9  0 -1 -1 -1   -2.370    -1.492430      0.770      0.878     2.999440     1.507010  55   0    0.000
1DIV LA108A  L A  9  0 -1 -1 -1   -2.330    -1.616498      0.509      0.714     2.220072     0.603574  47   0    0.000
1DIV LA110A  L A  9  0 -1 -1 -1   -3.210    -1.881291      1.765      1.329     2.508101     0.626809  54   0    0.000
1DIV LA117A  L A  9  0 -1 -1 -1   -0.820    -2.063093      1.545      1.243     2.234461     0.171368  49   0    0.000
1DIV LA133A  L A  9  0 -1 -1 -1   -2.940    -1.803938      1.291      1.136     2.304205     0.500267  48   0    0.000
1DIV LA141A  L A  9  0 -1 -1 -1   -3.560    -2.158415      1.964      1.402     3.854773     1.696358  62   0    0.000
1DIV LA30A   L A  9  0 -1 -1 -1   -2.760    -1.227707      2.348      1.532     1.977338     0.749631  38   0    0.000
1DIV LA30V   L V  9 17 -1 -1 -1   -3.620    -0.755167      8.207      2.865     1.977338     1.222172  38   0    0.000
1DIV LA6A    L A  9  0 -1 -1 -1   -3.100    -0.252662      8.107      2.847     0.754883     0.502221  48   0    0.000
1DIV LA6I    L I  9  7 -1 -1 -1   -0.130     1.154795      1.651      1.285     0.754883     1.909678  48   0    0.000
1DIV LA6V    L V  9 17 -1 -1 -1   -0.410     0.325079      0.540      0.735     0.754883     1.079961  48   0    0.000
1DIV LA72A   L A  9  0 -1 -1 -1   -3.770    -1.534212      4.999      2.236     2.817450     1.283238  56   0    0.000
1DIV MA1A    M A 10  0 -1 -1 -1   -1.460    -0.517983      0.887      0.942     1.157183     0.639199  33   0    0.000
1DIV MA1G    M G 10  5 -1 -1 -1   -2.360    -0.946127      1.999      1.414     1.157183     0.211056  33   0    0.000
1DIV VA129A  V A 17  0 -1 -1 -1   -1.810    -1.876547      0.004      0.067     3.185478     1.308931  58   0    0.000
1DIV VA131A  V A 17  0 -1 -1 -1   -1.930    -1.999163      0.005      0.069     3.477857     1.478694  61   0    0.000
1DIV VA137A  V A 17  0 -1 -1 -1   -2.410    -1.302946      1.226      1.107     1.717623     0.414677  38   0    0.000
1DIV VA143A  V A 17  0 -1 -1 -1   -3.250    -2.891306      0.129      0.359     4.067892     1.176586  66   0    0.000
1DIV VA145A  V A 17  0 -1 -1 -1   -1.920    -2.550517      0.398      0.631     3.594739     1.044222  52   0    0.000
1DIV VA21A   V A 17  0 -1 -1 -1   -2.330    -1.266801      1.130      1.063     2.177596     0.910795  37   0    0.000
1DIV VA21I   V I 17  7 -1 -1 -1   -0.400     0.001563      0.161      0.402     2.177596     2.179159  37   0    0.000
1DIV VA21L   V L 17  9 -1 -1 -1   -1.230    -0.739951      0.240      0.490     2.177596     1.437645  37   0    0.000
1DIV VA3A    V A 17  0 -1 -1 -1   -2.550    -1.191078      1.847      1.359     2.418578     1.227499  46   0    0.000
1DIV VA3I    V I 17  7 -1 -1 -1   -0.310    -0.261954      0.002      0.048     2.418578     2.156623  46   0    0.000
1DIV VA3L    V L 17  9 -1 -1 -1   -2.210    -0.485811      2.973      1.724     2.418578     1.932767  46   0    0.000
1EKG LA198C  L C  9  1 -1 -1 -1   -1.000    -1.413085      0.171      0.413     2.143772     0.730688  44   0    0.000
1EKG LA200C  L C  9  1 -1 -1 -1   -2.000    -1.922626      0.006      0.077     2.576534     0.653908  52   0    0.000
1EKG LA203C  L C  9  1 -1 -1 -1    1.000    -1.433103      5.920      2.433     1.966787     0.533684  47   0    0.000
1EKG SA181F  S F 15  4 -1 -1 -1   -2.600    -0.437573      4.676      2.162     1.013485     0.575912  60   0    0.000
1FRD HA42R   H R  6 14 -1 -1 -1    2.000     0.549887      2.103      1.450     0.945724     1.495611  46   0    0.000
1FT8 IA264V  I V  7 17 -1 -1 -1   -0.640    -0.042518      0.357      0.597     2.056449     2.013931  52   0    0.000
1FT8 LA212V  L V  9 17 -1 -1 -1   -1.380    -0.464894      0.837      0.915     2.785075     2.320182  59   0    0.000
1FT8 LA238I  L I  9  7 -1 -1 -1   -0.350    -0.520638      0.029      0.171     0.926863     0.406225  36   0    0.000
1FT8 LA267I  L I  9  7 -1 -1 -1   -0.110    -0.140430      0.001      0.030     3.785507     3.645077  55   0    0.000
1FT8 LA293I  L I  9  7 -1 -1 -1   -0.800    -0.349117      0.203      0.451     4.341822     3.992706  64   0    0.000
1FT8 LA293V  L V  9 17 -1 -1 -1   -1.410    -1.242974      0.028      0.167     4.341822     3.098849  64   0    0.000
1FT8 LA315A  L A  9  0 -1 -1 -1   -1.650    -2.169219      0.270      0.519     3.544372     1.375153  59   0    0.000
1FT8 LA317I  L I  9  7 -1 -1 -1   -0.850    -1.135813      0.082      0.286     3.898818     2.763004  66   0    0.000
1FT8 LA348I  L I  9  7 -1 -1 -1   -0.530    -0.202710      0.107      0.327     3.699244     3.496534  52   0    0.000
1FT8 LA349I  L I  9  7 -1 -1 -1    0.050     0.309243      0.067      0.259     0.801794     1.111037  46   0    0.000
1FT8 MA216L  M L 10  9 -1 -1 -1    0.270     0.362648      0.009      0.093     2.312401     2.675048  66   0    0.000
1FT8 SA339A  S A 15  0 -1 -1 -1    0.320     0.595646      0.076      0.276     0.621046     1.216692  49   0    0.000
1FT8 VA287A  V A 17  0 -1 -1 -1   -0.160    -0.100114      0.004      0.060     1.272634     1.172520  58   0    0.000
1FXA EA94D   E D  3  2 -1 -1 -1   -1.100    -0.674899      0.181      0.425     0.819004     0.144106  53   0    0.000
1FXA EA94K   E K  3  8 -1 -1 -1   -0.400    -0.560148      0.026      0.160     0.819004     0.258856  53   0    0.000
1FXA EA94Q   E Q  3 13 -1 -1 -1    0.600    -0.675344      1.627      1.275     0.819004     0.143660  53   0    0.000
1FXA EA95K   E K  3  8 -1 -1 -1    1.000     0.048042      0.906      0.952     0.520962     0.569003  38   0    0.000
1FXA FA65A   F A  4  0 -1 -1 -1   -1.290    -1.173046      0.014      0.117     1.819754     0.646708  44   0    0.000
1FXA FA65I   F I  4  7 -1 -1 -1   -0.900    -1.543268      0.414      0.643     1.819754     0.276486  44   0    0.000
1FXA FA65W   F W  4 18 -1 -1 -1   -0.600    -1.116111      0.266      0.516     1.819754     0.703643  44   0    0.000
1FXA FA65Y   F Y  4 19 -1 -1 -1   -0.500    -0.625755      0.016      0.126     1.819754     1.193999  44   0    0.000
1FXA RA42A   R A 14  0 -1 -1 -1   -2.400    -2.408548      0.000      0.009     1.882881    -0.525667  45   0    0.000
1FXA RA42H   R H 14  6 -1 -1 -1   -2.000    -1.495715      0.254      0.504     1.882881     0.387167  45   0    0.000
1FXA TA48A   T A 16  0 -1 -1 -1    0.100    -0.179300      0.078      0.279     1.037858     0.858558  53   0    0.000
1G3P AA147K  A K  0  8 -1 -1 -1   -0.287    -0.051724      0.055      0.235     1.019235     0.967511  65   0    0.000
1G3P DA160A  D A  2  0 -1 -1 -1   -0.263    -0.769651      0.257      0.507     0.333932    -0.435719  11   0    0.000
1G3P DA160C  D C  2  1 -1 -1 -1   -0.096    -0.802269      0.499      0.706     0.333932    -0.468337  11   0    0.000
1G3P DA160E  D E  2  3 -1 -1 -1   -0.359    -0.471761      0.013      0.113     0.333932    -0.137829  11   0    0.000
1G3P DA160F  D F  2  4 -1 -1 -1   -0.359    -1.209224      0.723      0.850     0.333932    -0.875292  11   0    0.000
1G3P DA160G  D G  2  5 -1 -1 -1   -0.669    -0.221790      0.200      0.447     0.333932     0.112142  11   0    0.000
1G3P DA160H  D H  2  6 -1 -1 -1    0.048    -0.474517      0.273      0.523     0.333932    -0.140585  11   0    0.000
1G3P DA160I  D I  2  7 -1 -1 -1   -0.932    -0.973023      0.002      0.041     0.333932    -0.639091  11   0    0.000
1G3P DA160K  D K  2  8 -1 -1 -1   -0.335    -0.453460      0.014      0.118     0.333932    -0.119528  11   0    0.000
1G3P DA160L  D L  2  9 -1 -1 -1   -0.550    -1.065444      0.266      0.515     0.333932    -0.731512  11   0    0.000
1G3P DA160M  D M  2 10 -1 -1 -1   -0.502    -0.813102      0.097      0.311     0.333932    -0.479170  11   0    0.000
1G3P DA160N  D N  2 11 -1 -1 -1    0.072    -0.099770      0.030      0.172     0.333932     0.234162  11   0    0.000
1G3P DA160P  D P  2 12 -1 -1 -1   -0.645    -0.846401      0.041      0.201     0.333932    -0.512469  11   0    0.000
1G3P DA160Q  D Q  2 13 -1 -1 -1   -0.478    -0.513612      0.001      0.036     0.333932    -0.179680  11   0    0.000
1G3P DA160R  D R  2 14 -1 -1 -1   -0.669    -0.924605      0.065      0.256     0.333932    -0.590672  11   0    0.000
1G3P DA160S  D S  2 15 -1 -1 -1   -0.287    -0.162038      0.016      0.125     0.333932     0.171894  11   0    0.000
1G3P DA160T  D T  2 16 -1 -1 -1   -0.741    -0.384080      0.127      0.357     0.333932    -0.050148  11   0    0.000
1G3P DA160V  D V  2 17 -1 -1 -1   -1.123    -0.930670      0.037      0.192     0.333932    -0.596738  11   0    0.000
1G3P DA160W  D W  2 18 -1 -1 -1   -0.167    -0.905806      0.546      0.739     0.333932    -0.571874  11   0    0.000
1G3P DA160Y  D Y  2 19 -1 -1 -1   -0.072    -1.177735      1.223      1.106     0.333932    -0.843803  11   0    0.000
1G3P FA136V  F V  4 17 -1 -1 -1   -3.705    -0.456439     10.553      3.249     3.180407     2.723967  82   0    0.000
1G3P NA138G  N G 11  5 -1 -1 -1    0.765    -0.407285      1.374      1.172     1.389805     0.982519  70   0    0.000
1G3P NA139K  N K 11  8 -1 -1 -1   -0.430    -0.444430      0.000      0.014     0.933352     0.488922  80   0    0.000
1G3P NA139V  N V 11 17 -1 -1 -1   -2.032     0.768344      7.842      2.800     0.933352     1.701696  80   0    0.000
1G3P QA137N  Q N 13 11 -1 -1 -1   -1.793    -0.793715      0.999      0.999     1.581965     0.788251  81   0    0.000
1G3P QA145N  Q N 13 11 -1 -1 -1    0.263    -0.078288      0.116      0.341     0.937476     0.859188  42   0    0.000
1G3P RA144V  R V 14 17 -1 -1 -1    0.765     0.609630      0.024      0.155     1.134162     1.743791  54   0    0.000
1GUA AB118G  A G  0  5 -1 -1 -1   -1.963    -0.910059      1.109      1.053     0.932127     0.022069  49   0    0.000
1GUA AB118L  A L  0  9 -1 -1 -1   -1.951     0.393801      5.498      2.345     0.932127     1.325929  49   0    0.000
1GUA AB85G   A G  0  5 -1 -1 -1   -2.149    -1.282907      0.750      0.866     1.391546     0.108639  80   0    0.000
1GUA AB97G   A G  0  5 -1 -1 -1   -0.863    -0.865133      0.000      0.002     1.340973     0.475841  52   0    0.000
1GUA CB81A   C A  1  0 -1 -1 -1    0.283     0.670534      0.150      0.388     0.942936     1.613470  63   0    0.000
1GUA CB81I   C I  1  7 -1 -1 -1   -0.912     0.117117      1.059      1.029     0.942936     1.060053  63   0    0.000
1GUA CB95A   C A  1  0 -1 -1 -1   -0.080    -0.558263      0.229      0.478     0.729751     0.171488  34   0    0.000
1GUA CB96A   C A  1  0 -1 -1 -1   -1.759     0.249694      4.035      2.009     0.998243     1.247937  47   0    0.000
1GUA CB96L   C L  1  9 -1 -1 -1   -0.043     0.302246      0.119      0.345     0.998243     1.300489  47   0    0.000
1GUA CB96M   C M  1 10 -1 -1 -1   -0.337     0.861040      1.435      1.198     0.998243     1.859283  47   0    0.000
1GUA DB117A  D A  2  0 -1 -1 -1   -0.706    -0.476077      0.053      0.230     0.950431     0.474354  40   0    0.000
1GUA DB129A  D A  2  0 -1 -1 -1   -0.855     0.609095      2.144      1.464     0.390218     0.999313  47   0    0.000
1GUA DB80A   D A  2  0 -1 -1 -1   -0.493     0.130089      0.388      0.623     0.951342     1.081432  52   0    0.000
1GUA EB104A  E A  3  0 -1 -1 -1    0.021     0.077781      0.003      0.057     0.322596     0.400377  17   0    0.000
1GUA EB124A  E A  3  0 -1 -1 -1   -0.101     0.971169      1.150      1.072     0.556464     1.527633  53   0    0.000
1GUA EB125A  E A  3  0 -1 -1 -1   -0.591     0.211926      0.645      0.803     0.790924     1.002849  57   0    0.000
1GUA IB58A   I A  7  0 -1 -1 -1   -3.274    -2.427237      0.717      0.847     3.550999     1.123762  61   0    0.000
1GUA IB58F   I F  7  4 -1 -1 -1   -1.299    -1.092109      0.043      0.207     3.550999     2.458889  61   0    0.000
1GUA IB58L   I L  7  9 -1 -1 -1   -0.771    -0.973319      0.041      0.202     3.550999     2.577680  61   0    0.000
1GUA KB109A  K A  8  0 -1 -1 -1   -0.327     0.513449      0.706      0.840     0.539511     1.052961  35   0    0.000
1GUA LB112A  L A  9  0 -1 -1 -1   -2.593    -1.556375      1.075      1.037     2.286497     0.730122  49   0    0.000
1GUA LB121A  L A  9  0 -1 -1 -1   -2.534    -1.268232      1.602      1.266     1.958296     0.690064  48   0    0.000
1GUA LB126A  L A  9  0 -1 -1 -1   -3.405    -1.537013      3.489      1.868     2.983966     1.446953  68   0    0.000
1GUA LB62A   L A  9  0 -1 -1 -1   -3.460    -2.123538      1.786      1.336     2.835608     0.712070  68   0    0.000
1GUA LB78A   L A  9  0 -1 -1 -1   -3.803    -1.519606      5.214      2.283     2.551113     1.031506  58   0    0.000
1GUA LB82A   L A  9  0 -1 -1 -1   -3.529    -1.764486      3.114      1.765     2.671298     0.906813  72   0    0.000
1GUA LB82I   L I  9  7 -1 -1 -1   -1.600    -0.091454      2.276      1.509     2.671298     2.579845  72   0    0.000
1GUA LB82V   L V  9 17 -1 -1 -1   -1.700    -0.666354      1.068      1.034     2.671298     2.004945  72   0    0.000
1GUA LB86A   L A  9  0 -1 -1 -1   -3.226    -1.195610      4.122      2.030     2.546112     1.350502  72   0    0.000
1GUA LB91A   L A  9  0 -1 -1 -1   -1.575    -1.343681      0.054      0.231     2.056109     0.712428  52   0    0.000
1GUA MB76A   M A 10  0 -1 -1 -1   -0.961    -0.658401      0.092      0.303     1.396741     0.738340  38   0    0.000
1GUA NB56M   N M 11 10 -1 -1 -1    0.271    -0.526023      0.635      0.797     1.051800     0.525777  36   0    0.000
1GUA NB64A   N A 11  0 -1 -1 -1   -1.140    -0.490215      0.422      0.650     0.529738     0.039523  54   0    0.000
1GUA PB63A   P A 12  0 -1 -1 -1   -1.708    -0.216472      2.225      1.492     1.181582     0.965111  55   0    0.000
1GUA PB93A   P A 12  0 -1 -1 -1   -0.082    -0.397823      0.100      0.316     1.328369     0.930547  47   0    0.000
1GUA QB66A   Q A 13  0 -1 -1 -1   -0.504     0.685938      1.416      1.190     0.852778     1.538716  67   0    0.000
1GUA RB100A  R A 14  0 -1 -1 -1   -0.693    -0.626566      0.004      0.066     1.616394     0.989828  53   0    0.000
1GUA RB59A   R A 14  0 -1 -1 -1    0.178    -0.614251      0.628      0.792     1.900179     1.285928  68   0    0.000
1GUA RB89L   R L 14  9 -1 -1 -1    1.078     1.494411      0.173      0.416     0.864216     2.358627  64   0    0.000
1GUA SB77A   S A 15  0 -1 -1 -1   -1.573    -0.452499      1.256      1.121     0.784009     0.331510  48   0    0.000
1GUA SB77T   S T 15 16 -1 -1 -1    0.581     0.105238      0.226      0.476     0.784009     0.889247  48   0    0.000
1GUA TB68A   T A 16  0 -1 -1 -1   -0.109     0.323347      0.187      0.432     1.192509     1.515856  77   0    0.000
1GUA VB128A  V A 17  0 -1 -1 -1   -3.368    -2.756259      0.374      0.612     3.976113     1.219854  62   0    0.000
1GUA VB60A   V A 17  0 -1 -1 -1   -2.251    -2.812129      0.315      0.561     4.176082     1.363954  77   0    0.000
1GUA VB69A   V A 17  0 -1 -1 -1   -1.116    -2.057333      0.886      0.941     2.652472     0.595138  70   0    0.000
1GUA VB70A   V A 17  0 -1 -1 -1   -1.770    -2.136075      0.134      0.366     3.209975     1.073900  68   0    0.000
1GUA VB72A   V A 17  0 -1 -1 -1   -1.052    -1.307405      0.065      0.255     2.460268     1.152863  44   0    0.000
1GUA VB72I   V I 17  7 -1 -1 -1   -0.864    -0.498315      0.134      0.366     2.460268     1.961953  44   0    0.000
1GUA VB98A   V A 17  0 -1 -1 -1   -1.981    -2.473646      0.243      0.493     3.552456     1.078810  64   0    0.000
1H0X PA18A   P A 12  0 -1 -1 -1   -0.970    -0.941649      0.001      0.028     0.667390    -0.274259  33   0    0.000
1H0X PA62A   P A 12  0 -1 -1 -1   -1.290    -1.435910      0.021      0.146     1.513849     0.077940  31   0    0.000
1IOJ GA15A   G A  5  0 -1 -1 -1    0.400     0.245270      0.024      0.155     0.121412     0.366682  24   0    0.000
1ITM CA24T   C T  1 16 -1 -1 -1   -3.300    -3.269357      0.001      0.031     0.678870     0.409513  58   0    0.000
1ITM CA3T    C T  1 16 -1 -1 -1   -5.000    -2.922255      4.317      2.078    -0.128913    -0.051168  30   0    0.000
1ITM WA91S   W S 18 15 -1 -1 -1    1.400    -0.144580      2.386      1.545     0.909271     0.764691  54   0    0.000
1IV7 AB173C  A C  0  1 -1 -1 -1    0.500    -0.481206      0.963      0.981     1.953785     1.472579  72   0    0.000
1IV7 FB189C  F C  4  1 -1 -1 -1   -2.500    -2.262093      0.057      0.238     3.535882     1.273789  63   0    0.000
1IV7 LB162C  L C  9  1 -1 -1 -1   -1.900    -1.818251      0.007      0.082     3.352896     1.534646  78   0    0.000
1IV9 SA76Y   S Y 15 19 -1 -1 -1    4.299     1.636839      7.087      2.662     0.771931     2.408770  55   0    0.000
1J8I KA25A   K A  8  0 -1 -1 -1    0.100    -0.543128      0.414      0.643     0.910666     0.367538  46   0    0.000
1J8I KA66A   K A  8  0 -1 -1 -1    0.100     0.529473      0.184      0.429     0.557264     1.086737  38   0    0.000
1J8I RA23A   R A 14  0 -1 -1 -1    0.800    -0.177754      0.956      0.978     1.089113     0.911359  41   0    0.000
1J8I RA35A   R A 14  0 -1 -1 -1   -0.100    -0.433237      0.111      0.333     0.678298     0.245061  32   0    0.000
1J8I RA43A   R A 14  0 -1 -1 -1    0.700    -0.150119      0.723      0.850     0.913331     0.763213  33   0    0.000
1J8I RA9A    R A 14  0 -1 -1 -1   -0.100     0.541404      0.411      0.641     0.073441     0.614845  36   0    0.000
1JL9 AA25C   A C  0  1 -1 -1 -1   -1.440    -0.876564      0.317      0.563     0.720303    -0.156261  12   0    0.000
1JLV EA64D   E D  3  2 -1 -1 -1   -0.580    -0.387497      0.037      0.193     1.252476     0.864978  98   0    0.000
1JLV EA64N   E N  3 11 -1 -1 -1   -1.150    -0.501656      0.420      0.648     1.252476     0.750820  98   0    0.000
1JLV EA64Q   E Q  3 13 -1 -1 -1   -1.150    -0.385991      0.584      0.764     1.252476     0.866485  98   0    0.000
1L6H FA39A   F A  4  0 -1 -1 -1   -1.697    -0.762481      0.873      0.935     1.241653     0.479172  53   0    0.000
1L6H YA45A   Y A 19  0 -1 -1 -1   -0.550     0.036446      0.344      0.586     0.603848     0.640294  49   0    0.000
1L6H YA48A   Y A 19  0 -1 -1 -1   -1.482    -0.838873      0.414      0.643     1.080249     0.241376  44   0    0.000
1LVM EA106G  E G  3  5 -1 -1 -1    1.400     0.130521      1.612      1.269     0.654014     0.784535  49   0    0.000
1LVM KA45F   K F  8  4 -1 -1 -1    0.430     0.633876      0.042      0.204     1.452230     2.086106  93   0    0.000
1LVM LA56V   L V  9 17 -1 -1 -1    0.001     0.474844      0.225      0.474     1.563081     2.037925  69   0    0.000
1LVM QA58F   Q F 13  4 -1 -1 -1    0.600     0.906323      0.094      0.306     1.410203     2.316526  67   0    0.000
1LVM SA135G  S G 15  5 -1 -1 -1   -0.001     0.425802      0.182      0.427     0.221769     0.647570  40   0    0.000
1N88 FA21A   F A  4  0 -1 -1 -1   -1.390    -0.206771      1.400      1.183     1.389128     1.182358  48   0    0.000
1N88 IA39A   I A  7  0 -1 -1 -1   -1.390    -1.547006      0.025      0.157     3.145508     1.598502  59   0    0.000
1N88 IA80A   I A  7  0 -1 -1 -1   -2.790    -1.760438      1.060      1.030     2.713722     0.953285  72   0    0.000
1N88 IA89A   I A  7  0 -1 -1 -1   -2.350    -0.790277      2.433      1.560     1.000890     0.210614  56   0    0.000
1N88 IA8V    I V  7 17 -1 -1 -1   -1.520     0.160710      2.825      1.681     1.556898     1.717607  62   0    0.000
1N88 LA13A   L A  9  0 -1 -1 -1   -1.520    -0.704109      0.666      0.816     1.263127     0.559017  44   0    0.000
1N88 LA57A   L A  9  0 -1 -1 -1   -1.110     0.361946      2.167      1.472     0.619581     0.981527  48   0    0.000
1N88 VA12A   V A 17  0 -1 -1 -1   -1.450    -1.553917      0.011      0.104     2.158791     0.604874  58   0    0.000
1N88 VA30A   V A 17  0 -1 -1 -1   -2.840    -1.303971      2.359      1.536     2.432758     1.128788  58   0    0.000
1N88 VA43A   V A 17  0 -1 -1 -1   -2.820    -0.461388      5.563      2.359     1.612106     1.150719  62   0    0.000
1N88 VA49A   V A 17  0 -1 -1 -1   -2.830    -0.596998      4.986      2.233     1.592773     0.995775  47   0    0.000
1N88 VA51A   V A 17  0 -1 -1 -1   -3.240    -2.541857      0.487      0.698     3.351938     0.810082  54   0    0.000
1N88 VA54A   V A 17  0 -1 -1 -1   -3.730    -1.976503      3.075      1.753     3.289561     1.313058  62   0    0.000
1N88 VA81A   V A 17  0 -1 -1 -1   -2.820    -2.081565      0.545      0.738     3.627606     1.546041  72   0    0.000
1N88 VA83A   V A 17  0 -1 -1 -1   -3.100    -1.558923      2.375      1.541     2.810761     1.251839  49   0    0.000
1N88 YA18A   Y A 19  0 -1 -1 -1    0.060     0.534050      0.225      0.474     0.357244     0.891294  36   0    0.000
1N88 YA26A   Y A 19  0 -1 -1 -1   -4.610    -1.594135      9.095      3.016     3.047283     1.453148  71   0    0.000
1NM1 DA187N  D N  2 11 -1 -1 -1   -0.880     0.015069      0.801      0.895     0.788726     0.803795  65   0    0.000
1NM1 DA187Y  D Y  2 19 -1 -1 -1   -1.900     0.543089      5.969      2.443     0.788726     1.331816  65   0    0.000
1O6X AA31G   A G  0  5 -1 -1 -1   -0.850    -0.465848      0.148      0.384     0.908051     0.442203  36   0    0.000
1O6X AA50G   A G  0  5 -1 -1 -1   -1.550    -1.054561      0.245      0.495     1.269406     0.214845  56   0    0.000
1O6X DA38A   D A  2  0 -1 -1 -1    0.180    -0.154086      0.112      0.334     0.437098     0.283012  47   0    0.000
1O6X EA14A   E A  3  0 -1 -1 -1   -0.350    -0.169128      0.033      0.181     0.822840     0.653712  57   0    0.000
1O6X EA20G   E G  3  5 -1 -1 -1   -1.210    -0.610907      0.359      0.599     0.631619     0.020712  35   0    0.000
1O6X FA39L   F L  4  9 -1 -1 -1   -1.990     0.035540      4.103      2.026     2.458293     2.493833  51   0    0.000
1O6X FA65A   F A  4  0 -1 -1 -1   -1.290    -0.472678      0.668      0.817     1.779407     1.306729  52   0    0.000
1O6X HA51A   H A  6  0 -1 -1 -1   -0.700     0.158858      0.738      0.859     0.919906     1.078764  56   0    0.000
1O6X IA15V   I V  7 17 -1 -1 -1   -0.470    -0.205829      0.070      0.264     3.823343     3.617514  59   0    0.000
1O6X IA23V   I V  7 17 -1 -1 -1    0.160    -0.319709      0.230      0.480     1.936587     1.616877  48   0    0.000
1O6X IA71V   I V  7 17 -1 -1 -1   -1.410    -0.969576      0.194      0.440     2.225261     1.255685  47   0    0.000
1O6X IA75A   I A  7  0 -1 -1 -1   -1.600    -1.708756      0.012      0.109     2.319633     0.610877  43   0    0.000
1O6X KA41A   K A  8  0 -1 -1 -1   -2.140    -0.339690      3.241      1.800     0.617834     0.278143  41   0    0.000
1O6X LA26V   L V  9 17 -1 -1 -1   -1.140    -0.632677      0.257      0.507     2.731985     2.099308  62   0    0.000
1O6X NA58A   N A 11  0 -1 -1 -1   -0.240     0.395423      0.404      0.635     0.466452     0.861874  49   0    0.000
1O6X QA60G   Q G 13  5 -1 -1 -1   -0.450    -0.742191      0.085      0.292     0.820014     0.077822  44   0    0.000
1O6X VA12A   V A 17  0 -1 -1 -1   -1.450    -1.203052      0.061      0.247     2.202729     0.999677  51   0    0.000
1O6X VA52A   V A 17  0 -1 -1 -1   -1.090    -1.285674      0.038      0.196     2.506746     1.221071  62   0    0.000
1O6X VA64G   V G 17  5 -1 -1 -1   -0.800    -0.301783      0.248      0.498     0.403076     0.101292  40   0    0.000
1O6X YA73L   Y L 19  9 -1 -1 -1   -2.940    -1.072948      3.486      1.867     2.914840     1.841892  59   0    0.000
1R2Y RA244E  R E 14  3 -1 -1 -1   -4.200    -1.721125      6.145      2.479     1.476874    -0.244251  52   0    0.000
1XXN NA181R  N R 11 14 -1 -1 -1    0.358     0.307532      0.003      0.050     1.098089     1.405620  68   0    0.000
1XXN NA32D   N D 11  2 -1 -1 -1   -0.860    -0.596336      0.070      0.264     1.320994     0.724658  40   0    0.000
1XXN NA54E   N E 11  3 -1 -1 -1   -0.645    -0.395138      0.062      0.250     1.124865     0.729727  63   0    0.000
1XXN SA22E   S E 15  3 -1 -1 -1    0.239     0.039044      0.040      0.200     0.626910     0.665954  39   0    0.000
1XXN SA27E   S E 15  3 -1 -1 -1   -0.645    -0.274671      0.137      0.370     0.996548     0.721877  67   0    0.000
2ARF HA1069Q H Q  6 13 -1 -1 -1   -0.717    -0.609125      0.012      0.108    -0.008300    -0.617425  55   0    0.000
2C9Q YA79F   Y F 19  4 -1 -1 -1   -0.012    -0.881241      0.756      0.869     4.186581     3.305340  63   0    0.000
2C9Q YA79W   Y W 19 18 -1 -1 -1   -1.233    -1.774964      0.294      0.542     4.186581     2.411618  63   0    0.000
2H3F EA12A   E A  3  0 -1 -1 -1    1.070     0.505062      0.319      0.565     0.366800     0.871862  49   0    0.000
2HBB AA22G   A G  0  5 -1 -1 -1   -0.320    -0.416191      0.009      0.096     0.352452    -0.063739  32   0    0.000
2HBB AA26G   A G  0  5 -1 -1 -1   -1.790    -1.087281      0.494      0.703     1.184623     0.097342  40   0    0.000
2HBB AA36G   A G  0  5 -1 -1 -1   -1.550    -1.191626      0.128      0.358     1.452759     0.261133  49   0    0.000
2HBB AA39G   A G  0  5 -1 -1 -1   -1.590    -0.872775      0.514      0.717     1.269578     0.396802  44   0    0.000
2HBB AA42G   A G  0  5 -1 -1 -1   -0.330    -0.601905      0.074      0.272     0.843338     0.241433  23   0    0.000
2HBB AA46G   A G  0  5 -1 -1 -1   -0.550    -0.702716      0.023      0.153     0.812060     0.109344  24   0    0.000
2HBB AA49G   A G  0  5 -1 -1 -1   -0.220    -0.589902      0.137      0.370     0.619287     0.029385  18   0    0.000
2HBB DA23A   D A  2  0 -1 -1 -1   -0.030     0.287403      0.101      0.317     0.382552     0.669955  30   0    0.000
2HBB DA23N   D N  2 11 -1 -1 -1   -0.790    -0.062071      0.530      0.728     0.382552     0.320481  30   0    0.000
2HBB DA8A    D A  2  0 -1 -1 -1   -1.300     0.120979      2.019      1.421     0.705001     0.825980  31   0    0.000
2HBB DA8N    D N  2 11 -1 -1 -1   -0.380     0.072680      0.205      0.453     0.705001     0.777682  31   0    0.000
2HBB EA17A   E A  3  0 -1 -1 -1   -1.690     0.132356      3.321      1.822     0.766402     0.898758  39   0    0.000
2HBB EA17Q   E Q  3 13 -1 -1 -1   -0.330     0.153310      0.234      0.483     0.766402     0.919712  39   0    0.000
2HBB EA38A   E A  3  0 -1 -1 -1   -0.410     0.327408      0.544      0.737     0.861186     1.188594  47   0    0.000
2HBB EA38Q   E Q  3 13 -1 -1 -1   -0.680     0.047368      0.529      0.727     0.861186     0.908554  47   0    0.000
2HBB EA48Q   E Q  3 13 -1 -1 -1    0.070     0.155886      0.007      0.086     0.387984     0.543870  24   0    0.000
2HBB FA31A   F A  4  0 -1 -1 -1   -2.840    -0.681562      4.659      2.158     1.425096     0.743534  42   0    0.000
2HBB FA5L    F L  4  9 -1 -1 -1   -1.150    -0.053515      1.202      1.096     2.199508     2.145993  50   0    0.000
2HBB GA24A   G A  5  0 -1 -1 -1    0.020     0.508014      0.238      0.488     0.361461     0.869474  29   0    0.000
2HBB GA34A   G A  5  0 -1 -1 -1   -1.020    -0.945930      0.005      0.074     0.949038     0.003107  42   0    0.000
2HBB IA18A   I A  7  0 -1 -1 -1   -2.050    -1.697872      0.124      0.352     2.383485     0.685613  43   0    0.000
2HBB IA18V   I V  7 17 -1 -1 -1   -0.070    -0.680691      0.373      0.611     2.383485     1.702795  43   0    0.000
2HBB IA37A   I A  7  0 -1 -1 -1   -1.280    -1.510759      0.053      0.231     2.376042     0.865283  48   0    0.000
2HBB IA37V   I V  7 17 -1 -1 -1    0.090    -0.258785      0.122      0.349     2.376042     2.117256  48   0    0.000
2HBB IA4V    I V  7 17 -1 -1 -1   -0.590    -0.178737      0.169      0.411     2.474114     2.295377  50   0    0.000
2HBB KA10E   K E  8  3 -1 -1 -1    0.130    -0.111296      0.058      0.241     0.572059     0.460763  28   0    0.000
2HBB KA10M   K M  8 10 -1 -1 -1    0.470    -0.316636      0.619      0.787     0.572059     0.255424  28   0    0.000
2HBB KA12A   K A  8  0 -1 -1 -1    0.610     0.538665      0.005      0.071    -0.025863     0.512803  38   0    0.000
2HBB KA12G   K G  8  5 -1 -1 -1    0.030     0.074598      0.002      0.045    -0.025863     0.048735  38   0    0.000
2HBB KA12M   K M  8 10 -1 -1 -1    1.800     1.030723      0.592      0.769    -0.025863     1.004860  38   0    0.000
2HBB KA14A   K A  8  0 -1 -1 -1   -0.730    -0.668681      0.004      0.061     1.014355     0.345674  34   0    0.000
2HBB KA14G   K G  8  5 -1 -1 -1   -1.300    -0.753487      0.299      0.547     1.014355     0.260867  34   0    0.000
2HBB KA14M   K M  8 10 -1 -1 -1   -0.340    -1.962949      2.634      1.623     1.014355    -0.948594  34   0    0.000
2HBB KA15G   K G  8  5 -1 -1 -1   -1.740    -0.302853      2.065      1.437     0.511280     0.208427  36   0    0.000
2HBB KA15M   K M  8 10 -1 -1 -1   -0.440    -0.484728      0.002      0.045     0.511280     0.026552  36   0    0.000
2HBB KA7M    K M  8 10 -1 -1 -1    0.210     0.093284      0.014      0.117     1.096695     1.189979  40   0    0.000
2HBB LA30A   L A  9  0 -1 -1 -1   -2.760    -1.385494      1.889      1.375     2.341353     0.955859  40   0    0.000
2HBB LA35A   L A  9  0 -1 -1 -1   -1.210    -0.699909      0.260      0.510     1.971869     1.271960  45   0    0.000
2HBB LA44A   L A  9  0 -1 -1 -1   -1.730    -0.757625      0.946      0.972     1.698009     0.940383  31   0    0.000
2HBB LA47A   L A  9  0 -1 -1 -1   -0.840    -0.801947      0.001      0.038     1.619095     0.817148  30   0    0.000
2HBB LA6A    L A  9  0 -1 -1 -1   -3.100    -1.700920      1.957      1.399     2.494529     0.793609  47   0    0.000
2HBB MA1A    M A 10  0 -1 -1 -1   -1.460    -0.339833      1.255      1.120     1.147576     0.807743  35   0    0.000
2HBB TA40S   T S 16 15 -1 -1 -1   -0.800     0.244481      1.091      1.044     0.663845     0.908327  33   0    0.000
2HBB VA21A   V A 17  0 -1 -1 -1   -2.330    -1.426080      0.817      0.904     2.278865     0.852785  39   0    0.000
2HBB VA3A    V A 17  0 -1 -1 -1   -2.550    -1.403622      1.314      1.146     2.475657     1.072035  47   0    0.000
2HBB VA9A    V A 17  0 -1 -1 -1   -1.810    -1.255252      0.308      0.555     1.789008     0.533756  36   0    0.000
2LTB LA558P  L P  9 12 -1 -1 -1   -1.570    -1.773293      0.041      0.203     1.430999    -0.342294  44   0    0.000
2LTB LA569R  L R  9 14 -1 -1 -1   -3.110    -1.773289      1.787      1.337     2.960634     1.187345  76   0    0.000
2LTB MA619K  M K 10  8 -1 -1 -1   -3.340    -0.289459      9.306      3.051     1.190939     0.901479  51   0    0.000
2LTB RA533Q  R Q 14 13 -1 -1 -1   -1.100    -0.364568      0.541      0.735     1.056443     0.691875  38   0    0.000
2LTB RA555Q  R Q 14 13 -1 -1 -1   -0.360    -0.289547      0.005      0.070     0.517413     0.227866  41   0    0.000
2LTB RA555W  R W 14 18 -1 -1 -1    1.790     0.834766      0.912      0.955     0.517413     1.352179  41   0    0.000
2M5S DA302A  D A  2  0 -1 -1 -1   -4.000    -0.157617     14.764      3.842     0.864332     0.706715  32   0    0.000
2M5S HA305A  H A  6  0 -1 -1 -1   -2.000    -0.139148      3.463      1.861     0.536073     0.396925  58   0    0.000
2N7Z PA88A   P A 12  0 -1 -1 -1   -0.600    -0.264613      0.112      0.335     1.330994     1.066381  55   0    0.000
2NTE IA738V  I V  7 17 -1 -1 -1   -2.000    -0.321143      2.819      1.679     3.597957     3.276814  73   0    0.000
2NTE RA658C  R C 14  1 -1 -1 -1   -2.300    -0.884349      2.004      1.416     1.315605     0.431256  61   0    0.000
2PTL AA22G   A G  0  5 -1 -1 -1   -2.430    -1.269270      1.347      1.161     1.630818     0.361548  52   0    0.000
2PTL AA27P   A P  0 12 -1 -1 -1    0.100     0.234315      0.018      0.134     0.679925     0.914240  28   0    0.000
2PTL AA27V   A V  0 17 -1 -1 -1   -0.830    -0.536745      0.086      0.293     0.679925     0.143180  28   0    0.000
2PTL AA34G   A G  0  5 -1 -1 -1   -2.170    -0.442943      2.983      1.727     0.644415     0.201472  49   0    0.000
2PTL AA34V   A V  0 17 -1 -1 -1    1.470     1.659424      0.036      0.189     0.644415     2.303839  49   0    0.000
2PTL AA43G   A G  0  5 -1 -1 -1   -2.540    -0.794469      3.047      1.746     1.091944     0.297475  42   0    0.000
2PTL AA47G   A G  0  5 -1 -1 -1   -3.100    -1.300047      3.240      1.800     1.384308     0.084262  50   0    0.000
2PTL AA49G   A G  0  5 -1 -1 -1   -1.320    -0.711774      0.370      0.608     0.757226     0.045452  44   0    0.000
2PTL AA51G   A G  0  5 -1 -1 -1   -3.120    -1.329594      3.206      1.790     1.574853     0.245259  49   0    0.000
2PTL AA66G   A G  0  5 -1 -1 -1   -0.490    -0.596035      0.011      0.106     0.426524    -0.169510  34   0    0.000
2PTL DA52A   D A  2  0 -1 -1 -1   -1.210     0.727351      3.753      1.937     0.489181     1.216532  41   0    0.000
2PTL DA52G   D G  2  5 -1 -1 -1   -2.140    -0.405522      3.008      1.734     0.489181     0.083659  41   0    0.000
2PTL DA64A   D A  2  0 -1 -1 -1   -0.200     0.039123      0.057      0.239     0.338603     0.377726  42   0    0.000
2PTL EA35A   E A  3  0 -1 -1 -1   -0.590     0.319691      0.828      0.910     0.395499     0.715190  47   0    0.000
2PTL EA46G   E G  3  5 -1 -1 -1   -1.190    -0.528585      0.437      0.661     0.657752     0.129167  40   0    0.000
2PTL EA46I   E I  3  7 -1 -1 -1   -1.080     0.672119      3.070      1.752     0.657752     1.329871  40   0    0.000
2PTL EA60A   E A  3  0 -1 -1 -1   -0.230    -0.329355      0.010      0.099     0.399028     0.069673  37   0    0.000
2PTL FA26A   F A  4  0 -1 -1 -1   -3.120    -1.258456      3.465      1.862     1.675655     0.417199  36   0    0.000
2PTL FA26L   F L  4  9 -1 -1 -1   -0.680    -0.541966      0.019      0.138     1.675655     1.133689  36   0    0.000
2PTL FA36A   F A  4  0 -1 -1 -1   -4.150    -0.124591     16.204      4.025     1.064002     0.939411  44   0    0.000
2PTL FA36L   F L  4  9 -1 -1 -1   -3.120    -0.347586      7.686      2.772     1.064002     0.716416  44   0    0.000
2PTL FA40G   F G  4  5 -1 -1 -1   -3.080     0.423002     12.271      3.503     0.063741     0.486743  34   0    0.000
2PTL FA40L   F L  4  9 -1 -1 -1   -0.380    -0.598727      0.048      0.219     0.063741    -0.534986  34   0    0.000
2PTL FA76L   F L  4  9 -1 -1 -1   -3.340    -0.613556      7.433      2.726     1.840887     1.227331  39   0    0.000
2PTL FA76V   F V  4 17 -1 -1 -1   -3.730    -0.237637     12.197      3.492     1.840887     1.603250  39   0    0.000
2PTL GA29A   G A  5  0 -1 -1 -1   -1.520    -0.940307      0.336      0.580     0.600612    -0.339695  24   0    0.000
2PTL GA29V   G V  5 17 -1 -1 -1   -2.530    -1.449916      1.167      1.080     0.600612    -0.849304  24   0    0.000
2PTL GA38A   G A  5  0 -1 -1 -1   -2.080    -0.593916      2.208      1.486     0.843544     0.249627  31   0    0.000
2PTL GA59A   G A  5  0 -1 -1 -1   -2.230    -0.384469      3.406      1.846     0.390433     0.005964  31   0    0.000
2PTL GA69A   G A  5  0 -1 -1 -1   -2.040    -0.755422      1.650      1.285     0.547601    -0.207820  35   0    0.000
2PTL IA20A   I A  7  0 -1 -1 -1   -4.900    -1.256840     13.273      3.643     2.017731     0.760891  43   0    0.000
2PTL IA20V   I V  7 17 -1 -1 -1   -0.560     0.209792      0.593      0.770     2.017731     2.227523  43   0    0.000
2PTL IA25A   I A  7  0 -1 -1 -1   -1.370    -0.772576      0.357      0.597     1.451035     0.678459  42   0    0.000
2PTL IA25V   I V  7 17 -1 -1 -1   -0.470    -0.164372      0.093      0.306     1.451035     1.286663  42   0    0.000
2PTL IA74A   I A  7  0 -1 -1 -1   -4.720    -3.102314      2.617      1.618     3.555331     0.453017  53   0    0.000
2PTL IA74V   I V  7 17 -1 -1 -1   -1.690    -0.103024      2.518      1.587     3.555331     3.452307  53   0    0.000
2PTL KA21A   K A  8  0 -1 -1 -1   -0.920    -0.030527      0.791      0.889     0.999412     0.968885  49   0    0.000
2PTL KA37A   K A  8  0 -1 -1 -1   -0.880     0.455934      1.785      1.336     0.001014     0.456948  37   0    0.000
2PTL KA42G   K G  8  5 -1 -1 -1    0.160    -0.301445      0.213      0.461     0.498746     0.197301  33   0    0.000
2PTL KA55A   K A  8  0 -1 -1 -1    0.580     0.273632      0.094      0.306     0.225180     0.498812  37   0    0.000
2PTL KA56A   K A  8  0 -1 -1 -1    0.350    -0.007905      0.128      0.358     0.371839     0.363934  29   0    0.000
2PTL KA68A   K A  8  0 -1 -1 -1   -0.090    -0.035085      0.003      0.055    -0.145437    -0.180522  28   0    0.000
2PTL KA75A   K A  8  0 -1 -1 -1   -0.450     0.084242      0.285      0.534     0.503836     0.588078  46   0    0.000
2PTL LA24A   L A  9  0 -1 -1 -1   -3.120    -0.923602      4.824      2.196     1.920714     0.997112  49   0    0.000
2PTL LA54A   L A  9  0 -1 -1 -1   -2.440    -0.642121      3.232      1.798     1.234699     0.592578  41   0    0.000
2PTL LA72A   L A  9  0 -1 -1 -1   -3.770    -0.583260     10.155      3.187     1.465404     0.882143  50   0    0.000
2PTL NA23A   N A 11  0 -1 -1 -1   -1.870    -0.216827      2.733      1.653     0.902731     0.685904  54   0    0.000
2PTL NA28A   N A 11  0 -1 -1 -1   -1.780    -0.318912      2.135      1.461     0.469994     0.151081  25   0    0.000
2PTL NA58A   N A 11  0 -1 -1 -1   -0.240     0.082686      0.104      0.323    -0.587805    -0.505118  31   0    0.000
2PTL NA73A   N A 11  0 -1 -1 -1   -1.730    -0.008056      2.965      1.722     0.684298     0.676242  52   0    0.000
2PTL SA30A   S A 15  0 -1 -1 -1   -0.300     0.163831      0.215      0.464     0.389129     0.552960  28   0    0.000
2PTL SA45A   S A 15  0 -1 -1 -1    0.410     0.529049      0.014      0.119     0.495513     1.024562  44   0    0.000
2PTL SA45G   S G 15  5 -1 -1 -1   -0.820    -0.352467      0.219      0.468     0.495513     0.143047  44   0    0.000
2PTL TA19A   T A 16  0 -1 -1 -1   -1.630     0.226663      3.447      1.857     0.287698     0.514361  37   0    0.000
2PTL TA31A   T A 16  0 -1 -1 -1   -1.170     0.185476      1.837      1.355     0.265012     0.450488  38   0    0.000
2PTL TA33A   T A 16  0 -1 -1 -1   -1.110    -0.149580      0.922      0.960     0.669707     0.520127  47   0    0.000
2PTL TA39A   T A 16  0 -1 -1 -1   -1.250    -0.274865      0.951      0.975     0.083338    -0.191528  31   0    0.000
2PTL TA44A   T A 16  0 -1 -1 -1   -1.090     0.856537      3.789      1.947     0.340484     1.197021  45   0    0.000
2PTL TA53G   T G 16  5 -1 -1 -1   -0.170    -0.229237      0.004      0.059     0.292114     0.062877  40   0    0.000
2PTL TA62A   T A 16  0 -1 -1 -1   -0.970    -0.003779      0.934      0.966     0.795423     0.791644  44   0    0.000
2PTL TA71A   T A 16  0 -1 -1 -1   -1.830    -0.257323      2.473      1.573     0.610729     0.353406  46   0    0.000
2PTL VA18A   V A 17  0 -1 -1 -1   -1.220    -0.907415      0.098      0.313     1.492220     0.584805  32   0    0.000
2PTL VA63A   V A 17  0 -1 -1 -1   -0.920    -1.976552      1.116      1.057     2.740566     0.764013  49   0    0.000
2PTL VA65A   V A 17  0 -1 -1 -1   -1.140    -0.671990      0.219      0.468     1.177129     0.505139  39   0    0.000
2PTL YA48A   Y A 19  0 -1 -1 -1   -2.820    -0.198368      6.873      2.622     1.048450     0.850082  51   0    0.000
2PTL YA50A   Y A 19  0 -1 -1 -1   -2.460    -1.039843      2.017      1.420     1.840304     0.800462  49   0    0.000
2PTL YA70A   Y A 19  0 -1 -1 -1   -1.660     0.165266      3.332      1.825     0.627214     0.792480  42   0    0.000
2PTL YA70L   Y L 19  9 -1 -1 -1    0.430    -0.077867      0.258      0.508     0.627214     0.549347  42   0    0.000
2WQG DA15A   D A  2  0 -1 -1 -1    0.300     0.641682      0.117      0.342     0.602337     1.244019  35   0    0.000
2WQG DA38A   D A  2  0 -1 -1 -1    0.180     0.583953      0.163      0.404     0.302198     0.886151  46   0    0.000
2WQG DA39A   D A  2  0 -1 -1 -1   -2.200     0.706271      8.446      2.906     0.177213     0.883484  42   0    0.000
2WQG DA39N   D N  2 11 -1 -1 -1   -2.600     0.296565      8.390      2.897     0.177213     0.473778  42   0    0.000
2WQG EA40Q   E Q  3 13 -1 -1 -1   -0.100     0.171184      0.074      0.271     0.331797     0.502981  32   0    0.000
2WQG EA41G   E G  3  5 -1 -1 -1   -0.400    -0.203491      0.039      0.197     0.255220     0.051729  31   0    0.000
2WQG IA36A   I A  7  0 -1 -1 -1   -0.900    -0.080822      0.671      0.819     1.090903     1.010081  46   0    0.000
2WQG IA36V   I V  7 17 -1 -1 -1   -0.300    -0.097951      0.041      0.202     1.090903     0.992953  46   0    0.000
2WQG KA14A   K A  8  0 -1 -1 -1   -0.400     0.606599      1.013      1.007     0.777274     1.383873  36   0    0.000
2WQG KA14G   K G  8  5 -1 -1 -1   -1.900    -0.734069      1.359      1.166     0.777274     0.043206  36   0    0.000
2WQG KA19A   K A  8  0 -1 -1 -1   -0.300     0.412150      0.507      0.712     0.759606     1.171756  34   0    0.000
2WQG KA28A   K A  8  0 -1 -1 -1   -0.600     0.255638      0.732      0.856     0.160501     0.416139  36   0    0.000
2WQG LA13A   L A  9  0 -1 -1 -1   -0.500    -0.489143      0.000      0.011     2.272327     1.783184  38   0    0.000
2WQG LA16A   L A  9  0 -1 -1 -1   -1.300    -0.318065      0.964      0.982     1.324927     1.006862  39   0    0.000
2WQG LA8A    L A  9  0 -1 -1 -1   -2.000    -0.724579      1.627      1.275     1.541583     0.817004  33   0    0.000
2WQG QA12A   Q A 13  0 -1 -1 -1   -0.600     0.259400      0.739      0.859     0.808296     1.067696  35   0    0.000
2WQG QA12G   Q G 13  5 -1 -1 -1   -2.000    -0.623448      1.895      1.377     0.808296     0.184848  35   0    0.000
2WQG QA33A   Q A 13  0 -1 -1 -1    0.100     0.036093      0.004      0.064     0.861640     0.897733  42   0    0.000
2WQG RA34A   R A 14  0 -1 -1 -1   -0.800     0.232920      1.067      1.033     0.843209     1.076129  45   0    0.000
2WQG SA23A   S A 15  0 -1 -1 -1   -0.600    -0.294573      0.093      0.305     0.531203     0.236630  32   0    0.000
2WQG SA6A    S A 15  0 -1 -1 -1    0.100    -0.008363      0.012      0.108     0.250491     0.242127  32   0    0.000
2WQG SA6G    S G 15  5 -1 -1 -1   -0.200    -0.151436      0.002      0.049     0.250491     0.099055  32   0    0.000
2WQG TA9S    T S 16 15 -1 -1 -1    0.100     0.187120      0.008      0.087     0.747472     0.934593  30   0    0.000
2WQG VA10A   V A 17  0 -1 -1 -1   -0.100     0.245813      0.120      0.346     0.692001     0.937815  32   0    0.000
2WQG VA10G   V G 17  5 -1 -1 -1   -0.700    -0.558830      0.020      0.141     0.692001     0.133172  32   0    0.000
2WQG VA11A   V A 17  0 -1 -1 -1    0.400     0.156383      0.059      0.244     0.836625     0.993008  32   0    0.000
2WQG VA11G   V G 17  5 -1 -1 -1    0.100    -0.529419      0.396      0.629     0.836625     0.307206  32   0    0.000
2WQG VA24A   V A 17  0 -1 -1 -1   -0.500    -0.802601      0.092      0.303     0.494920    -0.307680  33   0    0.000
2WQG YA5F    Y F 19  4 -1 -1 -1   -2.400     0.390108      7.785      2.790     0.672918     1.063025  38   0    0.000
2ZTA EA11Q   E Q  3 13 -1 -1 -1   -0.740     0.173662      0.835      0.914     0.620632     0.794294  35   0    0.000
2ZTA EA20Q   E Q  3 13 -1 -1 -1    0.200     0.227694      0.001      0.028     0.768806     0.996500  37   0    0.000
2ZTA EA22Q   E Q  3 13 -1 -1 -1   -1.830     0.321122      4.627      2.151     0.619040     0.940162  36   0    0.000
2ZTA KA15A   K A  8  0 -1 -1 -1   -0.410     0.697676      1.227      1.108     0.690777     1.388453  37   0    0.000
2ZTA KA27A   K A  8  0 -1 -1 -1   -0.910     0.394008      1.700      1.304     0.623094     1.017102  28   0    0.000
2ZTA KA28A   K A  8  0 -1 -1 -1   -0.060     0.213493      0.075      0.273     0.595527     0.809020  23   0    0.000
2ZTA KA8A    K A  8  0 -1 -1 -1   -0.390     0.694475      1.176      1.084     0.601494     1.295969  34   0    0.000
2ZTA RA25A   R A 14  0 -1 -1 -1   -1.660     0.109703      3.132      1.770     0.878049     0.987752  29   0    0.000
3BN0 IA20V   I V  7 17 -1 -1 -1   -1.506    -0.658587      0.718      0.847     4.696389     4.037802  65   0    0.000
3C2I DA156E  D E  2  3 -1 -1 -1   -0.880    -0.135210      0.555      0.745     0.546287     0.411077  46   0    0.000
3C2I FA155S  F S  4 15 -1 -1 -1   -0.430    -2.099532      2.787      1.670     2.323387     0.223855  51   0    0.000
3C2I LA100V  L V  9 17 -1 -1 -1   -1.110    -0.499588      0.373      0.610     1.910337     1.410749  43   0    0.000
3C2I PA152R  P R 12 14 -1 -1 -1   -1.460    -0.856566      0.364      0.603     1.182829     0.326263  45   0    0.000
3C2I RA106Q  R Q 14 13 -1 -1 -1   -0.120    -0.658384      0.290      0.538     1.376298     0.717914  50   0    0.000
3C2I RA106W  R W 14 18 -1 -1 -1   -0.040     0.481512      0.272      0.522     1.376298     1.857810  50   0    0.000
3C2I RA111G  R G 14  5 -1 -1 -1    0.430    -0.572214      1.004      1.002     0.520462    -0.051753  24   0    0.000
3C2I RA133C  R C 14  1 -1 -1 -1   -0.370    -1.248710      0.772      0.879     1.450838     0.202128  48   0    0.000
3C2I RA133H  R H 14  6 -1 -1 -1   -0.240    -0.497161      0.066      0.257     1.450838     0.953678  48   0    0.000
3C2I SA134C  S C 15  1 -1 -1 -1   -1.050    -0.629030      0.177      0.421     1.168110     0.539081  45   0    0.000
3C2I TA158A  T A 16  0 -1 -1 -1   -0.470    -0.025982      0.197      0.444     0.689121     0.663139  44   0    0.000
3C2I TA158M  T M 16 10 -1 -1 -1   -0.250    -1.893435      2.701      1.643     0.689121    -1.204314  44   0    0.000
3D3B DA118A  D A  2  0 -1 -1 -1   -0.650    -0.538243      0.012      0.112     0.638331     0.100088  38   0    0.000
3D3B DA118E  D E  2  3 -1 -1 -1   -0.600    -0.062648      0.289      0.537     0.638331     0.575683  38   0    0.000
3D3B DA118K  D K  2  8 -1 -1 -1   -1.600    -0.326779      1.621      1.273     0.638331     0.311552  38   0    0.000
3D3B DA118N  D N  2 11 -1 -1 -1   -1.340    -0.220158      1.254      1.120     0.638331     0.418173  38   0    0.000
3D3B DA118R  D R  2 14 -1 -1 -1   -1.410    -0.438223      0.944      0.972     0.638331     0.200108  38   0    0.000
3DV0 AI131G  A G  0  5 -1 -1 -1   -1.700    -0.693114      1.014      1.007     0.941827     0.248714  37   0    0.000
3DV0 AI139G  A G  0  5 -1 -1 -1   -2.300    -1.280900      1.039      1.019     1.204946    -0.075953  37   0    0.000
3DV0 AI165G  A G  0  5 -1 -1 -1   -0.900    -0.748784      0.023      0.151     0.812547     0.063763  32   0    0.000
3DV0 AI168G  A G  0  5 -1 -1 -1   -0.300    -0.467080      0.028      0.167     0.485811     0.018731  25   0    0.000
3DV0 DI145A  D A  2  0 -1 -1 -1   -2.100    -0.252358      3.414      1.848     0.809716     0.557358  35   0    0.000
3DV0 DI145N  D N  2 11 -1 -1 -1   -0.900     0.155727      1.115      1.056     0.809716     0.965443  35   0    0.000
3DV0 DI162N  D N  2 11 -1 -1 -1   -2.000    -0.280732      2.956      1.719     0.733322     0.452590  39   0    0.000
3DV0 DI164A  D A  2  0 -1 -1 -1   -2.300     0.472152      7.685      2.772     0.377164     0.849316  35   0    0.000
3DV0 DI164G  D G  2  5 -1 -1 -1   -3.700    -0.298288     11.572      3.402     0.377164     0.078876  35   0    0.000
3DV0 DI164N  D N  2 11 -1 -1 -1   -1.900     0.029571      3.723      1.930     0.377164     0.406735  35   0    0.000
3DV0 EI141A  E A  3  0 -1 -1 -1   -0.700     0.242432      0.888      0.942     0.594033     0.836464  29   0    0.000
3DV0 EI141Q  E Q  3 13 -1 -1 -1   -0.400     0.123000      0.274      0.523     0.594033     0.717033  29   0    0.000
3DV0 II146A  I A  7  0 -1 -1 -1   -2.700    -1.004520      2.875      1.695     2.254533     1.250013  39   0    0.000
3DV0 II146V  I V  7 17 -1 -1 -1   -1.200    -0.239290      0.923      0.961     2.254533     2.015243  39   0    0.000
3DV0 II163V  I V  7 17 -1 -1 -1   -0.500    -0.267232      0.054      0.233     2.799724     2.532492  38   0    0.000
3DV0 LI159A  L A  9  0 -1 -1 -1   -2.000    -0.290319      2.923      1.710     0.833971     0.543652  40   0    0.000
3DV0 LI159G  L G  9  5 -1 -1 -1   -1.900    -0.514297      1.920      1.386     0.833971     0.319674  40   0    0.000
3DV0 LI159V  L V  9 17 -1 -1 -1   -0.600    -0.157689      0.196      0.442     0.833971     0.676282  40   0    0.000
3DV0 LI167A  L A  9  0 -1 -1 -1   -1.200    -0.584059      0.379      0.616     1.022660     0.438600  29   0    0.000
3DV0 LI167V  L V  9 17 -1 -1 -1   -0.200    -0.145742      0.003      0.054     1.022660     0.876918  29   0    0.000
3DV0 VI135A  V A 17  0 -1 -1 -1   -1.500    -0.585127      0.837      0.915     1.741065     1.155937  38   0    0.000
3DV0 VI144A  V A 17  0 -1 -1 -1   -2.000    -1.530455      0.220      0.470     2.358636     0.828181  35   0    0.000
3DV0 VI149A  V A 17  0 -1 -1 -1   -2.800    -0.833957      3.865      1.966     2.066273     1.232315  40   0    0.000
3DV0 VI149G  V G 17  5 -1 -1 -1   -4.100    -2.056606      4.175      2.043     2.066273     0.009667  40   0    0.000
3DV0 VI158A  V A 17  0 -1 -1 -1   -3.200    -1.439056      3.101      1.761     2.352486     0.913430  40   0    0.000
3DV0 YI138F  Y F 19  4 -1 -1 -1   -2.000    -0.326950      2.799      1.673     1.207707     0.880756  33   0    0.000
3L15 YB442H  Y H 19  6 -1 -1 -1   -3.230    -2.659745      0.325      0.570     3.793826     1.134081  58   0    0.000
3MON RB39G   R G 14  5 -1 -1 -1    1.194    -1.196070      5.712      2.390     1.002151    -0.193919  59   0    0.000
3MON WB3C    W C 18  1 -1 -1 -1   -2.866    -1.207405      2.751      1.659     1.823274     0.615868  51   0    0.000
3S4M DA122Y  D Y  2 19 -1 -1 -1   -1.300     0.078331      1.900      1.378     0.565858     0.644189  29   0    0.000
3S4M GA130V  G V  5 17 -1 -1 -1   -2.500    -1.174960      1.756      1.325     0.713218    -0.461742  51   0    0.000
3S4M IA154F  I F  7  4 -1 -1 -1    0.096    -0.692519      0.622      0.789     3.738188     3.045669  73   0    0.000
3S4M WA155R  W R 18 14 -1 -1 -1   -0.693    -0.183334      0.260      0.510     1.882029     1.698695  65   0    0.000
4BUQ YA137A  Y A 19  0 -1 -1 -1    0.890    -0.444359      1.781      1.334     0.923889     0.479530  32   0    0.000
4BUQ YA48A   Y A 19  0 -1 -1 -1   -1.435    -0.922178      0.263      0.513     1.267147     0.344969  34   0    0.000
4HE7 AA19D   A D  0  2 -1 -1 -1   -0.240    -0.024222      0.047      0.216     0.439378     0.415156  29   0    0.000
4HE7 AA19G   A G  0  5 -1 -1 -1    0.060    -0.249061      0.096      0.309     0.439378     0.190317  29   0    0.000
4HE7 AA19K   A K  0  8 -1 -1 -1   -0.460    -0.062895      0.158      0.397     0.439378     0.376483  29   0    0.000
5JXB DA329G  D G  2  5 -1 -1 -1   -1.440    -0.425838      1.029      1.014     0.472818     0.046980  35   0    0.000
5JXB DA329P  D P  2 12 -1 -1 -1   -1.440    -0.930275      0.260      0.510     0.472818    -0.457458  35   0    0.000
5OAQ YA429H  Y H 19  6 -1 -1 -1   -2.990    -2.512010      0.228      0.478     4.028827     1.516817  69   0    0.000
