# COMMAND> S461_ACDCNN_DIR.txt 3 4 200
# Total data entries loaded: 461
# Total Experimental Positives 74 and Negatives 387 using 0 threshold.
# Experimental Positives ratio EP/(EN+EP)= 0.161
# Total Predicted Positives 65 and Negatives 396 using 0 threshold.
# Predicted Positives ratio PP/(PN+PP)= 0.141
# Predicted data goes from -3.705001 to 1.210001 (range 4.915002) --> 200 samples taken in 0.02457501 steps.
#
#     thrP  REC|TPR PREC|PPV      FPR       SP      MCC      ACC      ERR      F05       F1       F2    dist2
    -3.705 1.000000 0.160521 1.000000 0.000000 0.000000 0.160521 0.839479 0.231491 0.276636 0.488771 1.000000
    -3.680 1.000000 0.160870 0.997416 0.002584 0.020388 0.162690 0.837310 0.231975 0.277154 0.489418 0.994839
    -3.656 1.000000 0.160870 0.997416 0.002584 0.020388 0.162690 0.837310 0.231975 0.277154 0.489418 0.994839
    -3.631 1.000000 0.160870 0.997416 0.002584 0.020388 0.162690 0.837310 0.231975 0.277154 0.489418 0.994839
    -3.607 1.000000 0.160870 0.997416 0.002584 0.020388 0.162690 0.837310 0.231975 0.277154 0.489418 0.994839
    -3.582 1.000000 0.160870 0.997416 0.002584 0.020388 0.162690 0.837310 0.231975 0.277154 0.489418 0.994839
    -3.558 1.000000 0.160870 0.997416 0.002584 0.020388 0.162690 0.837310 0.231975 0.277154 0.489418 0.994839
    -3.533 1.000000 0.160870 0.997416 0.002584 0.020388 0.162690 0.837310 0.231975 0.277154 0.489418 0.994839
    -3.508 1.000000 0.161572 0.992248 0.007752 0.035391 0.167028 0.832972 0.232949 0.278195 0.490716 0.984556
    -3.484 1.000000 0.161572 0.992248 0.007752 0.035391 0.167028 0.832972 0.232949 0.278195 0.490716 0.984556
    -3.459 1.000000 0.161926 0.989664 0.010336 0.040910 0.169197 0.830803 0.233438 0.278719 0.491368 0.979435
    -3.435 1.000000 0.161926 0.989664 0.010336 0.040910 0.169197 0.830803 0.233438 0.278719 0.491368 0.979435
    -3.410 1.000000 0.161926 0.989664 0.010336 0.040910 0.169197 0.830803 0.233438 0.278719 0.491368 0.979435
    -3.386 1.000000 0.162281 0.987080 0.012920 0.045789 0.171367 0.828633 0.233930 0.279245 0.492021 0.974327
    -3.361 1.000000 0.162281 0.987080 0.012920 0.045789 0.171367 0.828633 0.233930 0.279245 0.492021 0.974327
    -3.336 1.000000 0.162281 0.987080 0.012920 0.045789 0.171367 0.828633 0.233930 0.279245 0.492021 0.974327
    -3.312 1.000000 0.162996 0.981912 0.018088 0.054298 0.175705 0.824295 0.234921 0.280303 0.493333 0.964151
    -3.287 1.000000 0.163355 0.979328 0.020672 0.058111 0.177874 0.822126 0.235419 0.280835 0.493992 0.959084
    -3.263 1.000000 0.163717 0.976744 0.023256 0.061704 0.180043 0.819957 0.235919 0.281369 0.494652 0.954029
    -3.238 1.000000 0.163717 0.976744 0.023256 0.061704 0.180043 0.819957 0.235919 0.281369 0.494652 0.954029
    -3.214 1.000000 0.163717 0.976744 0.023256 0.061704 0.180043 0.819957 0.235919 0.281369 0.494652 0.954029
    -3.189 1.000000 0.164080 0.974160 0.025840 0.065114 0.182213 0.817787 0.236422 0.281905 0.495315 0.948988
    -3.164 1.000000 0.164080 0.974160 0.025840 0.065114 0.182213 0.817787 0.236422 0.281905 0.495315 0.948988
    -3.140 1.000000 0.164444 0.971576 0.028424 0.068368 0.184382 0.815618 0.236926 0.282443 0.495979 0.943960
    -3.115 1.000000 0.164811 0.968992 0.031008 0.071487 0.186551 0.813449 0.237433 0.282983 0.496644 0.938946
    -3.091 1.000000 0.164811 0.968992 0.031008 0.071487 0.186551 0.813449 0.237433 0.282983 0.496644 0.938946
    -3.066 1.000000 0.164811 0.968992 0.031008 0.071487 0.186551 0.813449 0.237433 0.282983 0.496644 0.938946
    -3.041 1.000000 0.164811 0.968992 0.031008 0.071487 0.186551 0.813449 0.237433 0.282983 0.496644 0.938946
    -3.017 1.000000 0.164811 0.968992 0.031008 0.071487 0.186551 0.813449 0.237433 0.282983 0.496644 0.938946
    -2.992 1.000000 0.165548 0.963824 0.036176 0.077387 0.190889 0.809111 0.238453 0.284069 0.497981 0.928957
    -2.968 1.000000 0.165919 0.961240 0.038760 0.080193 0.193059 0.806941 0.238967 0.284615 0.498652 0.923983
    -2.943 1.000000 0.165919 0.961240 0.038760 0.080193 0.193059 0.806941 0.238967 0.284615 0.498652 0.923983
    -2.919 1.000000 0.166667 0.956072 0.043928 0.085564 0.197397 0.802603 0.240000 0.285714 0.500000 0.914074
    -2.894 1.000000 0.166667 0.956072 0.043928 0.085564 0.197397 0.802603 0.240000 0.285714 0.500000 0.914074
    -2.869 1.000000 0.167043 0.953488 0.046512 0.088144 0.199566 0.800434 0.240520 0.286267 0.500677 0.909140
    -2.845 1.000000 0.167421 0.950904 0.049096 0.090662 0.201735 0.798265 0.241042 0.286822 0.501355 0.904219
    -2.820 1.000000 0.167800 0.948320 0.051680 0.093123 0.203905 0.796095 0.241567 0.287379 0.502035 0.899312
    -2.796 1.000000 0.168950 0.940568 0.059432 0.100205 0.210412 0.789588 0.243154 0.289062 0.504087 0.884669
    -2.771 1.000000 0.169725 0.935401 0.064599 0.104710 0.214751 0.785249 0.244224 0.290196 0.505464 0.874974
    -2.747 1.000000 0.170115 0.932817 0.067183 0.106906 0.216920 0.783080 0.244763 0.290766 0.506156 0.870147
    -2.722 1.000000 0.170507 0.930233 0.069767 0.109068 0.219089 0.780911 0.245304 0.291339 0.506849 0.865333
    -2.697 1.000000 0.170901 0.927649 0.072351 0.111198 0.221258 0.778742 0.245847 0.291913 0.507545 0.860532
    -2.673 1.000000 0.170901 0.927649 0.072351 0.111198 0.221258 0.778742 0.245847 0.291913 0.507545 0.860532
    -2.648 1.000000 0.171296 0.925065 0.074935 0.113297 0.223427 0.776573 0.246393 0.292490 0.508242 0.855745
    -2.624 1.000000 0.171296 0.925065 0.074935 0.113297 0.223427 0.776573 0.246393 0.292490 0.508242 0.855745
    -2.599 1.000000 0.172093 0.919897 0.080103 0.117411 0.227766 0.772234 0.247492 0.293651 0.509642 0.846210
    -2.575 1.000000 0.172494 0.917313 0.082687 0.119428 0.229935 0.770065 0.248045 0.294235 0.510345 0.841463
    -2.550 1.000000 0.172897 0.914729 0.085271 0.121421 0.232104 0.767896 0.248600 0.294821 0.511050 0.836729
    -2.525 1.000000 0.173709 0.909561 0.090439 0.125340 0.236443 0.763557 0.249719 0.296000 0.512465 0.827301
    -2.501 1.000000 0.174528 0.904393 0.095607 0.129175 0.240781 0.759219 0.250847 0.297189 0.513889 0.817926
    -2.476 1.000000 0.175355 0.899225 0.100775 0.132934 0.245119 0.754881 0.251986 0.298387 0.515320 0.808605
    -2.452 1.000000 0.175355 0.899225 0.100775 0.132934 0.245119 0.754881 0.251986 0.298387 0.515320 0.808605
    -2.427 1.000000 0.176611 0.891473 0.108527 0.138445 0.251627 0.748373 0.253714 0.300203 0.517483 0.794724
    -2.403 1.000000 0.177458 0.886305 0.113695 0.142043 0.255965 0.744035 0.254879 0.301426 0.518934 0.785536
    -2.378 1.000000 0.177885 0.883721 0.116279 0.143820 0.258134 0.741866 0.255466 0.302041 0.519663 0.780963
    -2.353 1.000000 0.177885 0.883721 0.116279 0.143820 0.258134 0.741866 0.255466 0.302041 0.519663 0.780963
    -2.329 1.000000 0.179177 0.875969 0.124031 0.149075 0.264642 0.735358 0.257242 0.303901 0.521862 0.767322
    -2.304 1.000000 0.179177 0.875969 0.124031 0.149075 0.264642 0.735358 0.257242 0.303901 0.521862 0.767322
    -2.280 1.000000 0.179612 0.873385 0.126615 0.150803 0.266811 0.733189 0.257840 0.304527 0.522599 0.762801
    -2.255 1.000000 0.179612 0.873385 0.126615 0.150803 0.266811 0.733189 0.257840 0.304527 0.522599 0.762801
    -2.231 1.000000 0.179612 0.873385 0.126615 0.150803 0.266811 0.733189 0.257840 0.304527 0.522599 0.762801
    -2.206 1.000000 0.180488 0.868217 0.131783 0.154225 0.271150 0.728850 0.259043 0.305785 0.524079 0.753801
    -2.181 1.000000 0.180929 0.865633 0.134367 0.155919 0.273319 0.726681 0.259649 0.306418 0.524823 0.749321
    -2.157 1.000000 0.180929 0.865633 0.134367 0.155919 0.273319 0.726681 0.259649 0.306418 0.524823 0.749321
    -2.132 1.000000 0.182716 0.855297 0.144703 0.162602 0.281996 0.718004 0.262102 0.308977 0.527817 0.731533
    -2.108 1.000000 0.184539 0.844961 0.155039 0.169147 0.290672 0.709328 0.264601 0.311579 0.530846 0.713959
    -2.083 1.000000 0.186869 0.832041 0.167959 0.177162 0.301518 0.698482 0.267793 0.314894 0.534682 0.692293
    -2.058 1.000000 0.186869 0.832041 0.167959 0.177162 0.301518 0.698482 0.267793 0.314894 0.534682 0.692293
    -2.034 1.000000 0.187817 0.826873 0.173127 0.180322 0.305857 0.694143 0.269091 0.316239 0.536232 0.683720
    -2.009 1.000000 0.187817 0.826873 0.173127 0.180322 0.305857 0.694143 0.269091 0.316239 0.536232 0.683720
    -1.985 1.000000 0.188776 0.821705 0.178295 0.183460 0.310195 0.689805 0.270402 0.317597 0.537791 0.675200
    -1.960 1.000000 0.190231 0.813953 0.186047 0.188127 0.316703 0.683297 0.272393 0.319654 0.540146 0.662520
    -1.936 1.000000 0.190231 0.813953 0.186047 0.188127 0.316703 0.683297 0.272393 0.319654 0.540146 0.662520
    -1.911 1.000000 0.191710 0.806202 0.193798 0.192751 0.323210 0.676790 0.274413 0.321739 0.542522 0.649961
    -1.886 1.000000 0.192208 0.803618 0.196382 0.194284 0.325380 0.674620 0.275093 0.322440 0.543319 0.645801
    -1.862 1.000000 0.193211 0.798450 0.201550 0.197337 0.329718 0.670282 0.276463 0.323851 0.544919 0.637522
    -1.837 1.000000 0.194226 0.793282 0.206718 0.200375 0.334056 0.665944 0.277847 0.325275 0.546529 0.629296
    -1.813 1.000000 0.195251 0.788114 0.211886 0.203398 0.338395 0.661605 0.279245 0.326711 0.548148 0.621123
    -1.788 1.000000 0.196809 0.780362 0.219638 0.207910 0.344902 0.655098 0.281369 0.328889 0.550595 0.608964
    -1.764 1.000000 0.197333 0.777778 0.222222 0.209408 0.347072 0.652928 0.282084 0.329621 0.551416 0.604938
    -1.739 1.000000 0.197333 0.777778 0.222222 0.209408 0.347072 0.652928 0.282084 0.329621 0.551416 0.604938
    -1.714 0.986486 0.195710 0.775194 0.224806 0.197360 0.347072 0.652928 0.279693 0.326622 0.545590 0.601108
    -1.690 0.986486 0.197832 0.764858 0.235142 0.203559 0.355748 0.644252 0.282581 0.329571 0.548872 0.585190
    -1.665 0.986486 0.198910 0.759690 0.240310 0.206638 0.360087 0.639913 0.284047 0.331066 0.550528 0.577311
    -1.641 0.986486 0.198910 0.759690 0.240310 0.206638 0.360087 0.639913 0.284047 0.331066 0.550528 0.577311
    -1.616 0.986486 0.200549 0.751938 0.248062 0.211236 0.366594 0.633406 0.286275 0.333333 0.553030 0.565593
    -1.592 0.986486 0.201102 0.749354 0.250646 0.212763 0.368764 0.631236 0.287025 0.334096 0.553869 0.561714
    -1.567 0.986486 0.203343 0.739018 0.260982 0.218849 0.377440 0.622560 0.290066 0.337182 0.557252 0.546330
    -1.542 0.972973 0.202247 0.733850 0.266150 0.209302 0.379610 0.620390 0.288385 0.334884 0.552147 0.539266
    -1.518 0.972973 0.202817 0.731266 0.268734 0.210859 0.381779 0.618221 0.289157 0.335664 0.552995 0.535481
    -1.493 0.972973 0.204545 0.723514 0.276486 0.215519 0.388286 0.611714 0.291498 0.338028 0.555556 0.524203
    -1.469 0.972973 0.204545 0.723514 0.276486 0.215519 0.388286 0.611714 0.291498 0.338028 0.555556 0.524203
    -1.444 0.959459 0.202279 0.723514 0.276486 0.203204 0.386117 0.613883 0.288227 0.334118 0.548686 0.525116
    -1.420 0.959459 0.203438 0.718346 0.281654 0.206381 0.390456 0.609544 0.289796 0.335697 0.550388 0.517665
    -1.395 0.959459 0.204023 0.715762 0.284238 0.207966 0.392625 0.607375 0.290587 0.336493 0.551242 0.513959
    -1.370 0.959459 0.205202 0.710594 0.289406 0.211129 0.396963 0.603037 0.292181 0.338095 0.552960 0.506588
    -1.346 0.959459 0.206395 0.705426 0.294574 0.214284 0.401302 0.598698 0.293793 0.339713 0.554688 0.499270
    -1.321 0.959459 0.207602 0.700258 0.299742 0.217431 0.405640 0.594360 0.295423 0.341346 0.556426 0.492005
    -1.297 0.959459 0.210682 0.687339 0.312661 0.225272 0.416486 0.583514 0.299578 0.345499 0.560821 0.474078
    -1.272 0.959459 0.210682 0.687339 0.312661 0.225272 0.416486 0.583514 0.299578 0.345499 0.560821 0.474078
    -1.248 0.945946 0.208955 0.684755 0.315245 0.215141 0.416486 0.583514 0.297030 0.342298 0.554675 0.471811
    -1.223 0.932432 0.207831 0.679587 0.320413 0.206758 0.418655 0.581345 0.295292 0.339901 0.549363 0.466403
    -1.198 0.932432 0.207831 0.679587 0.320413 0.206758 0.418655 0.581345 0.295292 0.339901 0.549363 0.466403
    -1.174 0.932432 0.208459 0.677003 0.322997 0.208381 0.420824 0.579176 0.296137 0.340741 0.550239 0.462898
    -1.149 0.932432 0.209726 0.671835 0.328165 0.211620 0.425163 0.574837 0.297842 0.342432 0.552000 0.455927
    -1.125 0.932432 0.211009 0.666667 0.333333 0.214854 0.429501 0.570499 0.299566 0.344140 0.553772 0.449010
    -1.100 0.932432 0.211009 0.666667 0.333333 0.214854 0.429501 0.570499 0.299566 0.344140 0.553772 0.449010
    -1.075 0.932432 0.212963 0.658915 0.341085 0.219697 0.436009 0.563991 0.302190 0.346734 0.556452 0.438734
    -1.051 0.932432 0.214953 0.651163 0.348837 0.224532 0.442516 0.557484 0.304860 0.349367 0.559157 0.428578
    -1.026 0.932432 0.217666 0.640827 0.359173 0.230970 0.451193 0.548807 0.308495 0.352941 0.562806 0.415224
    -1.002 0.918919 0.217252 0.633075 0.366925 0.224749 0.455531 0.544469 0.307692 0.351421 0.558292 0.407358
    -0.977 0.918919 0.219355 0.625323 0.374677 0.229642 0.462039 0.537961 0.310502 0.354167 0.561056 0.397603
    -0.953 0.918919 0.221498 0.617571 0.382429 0.234536 0.468547 0.531453 0.313364 0.356955 0.563847 0.387968
    -0.928 0.905405 0.221122 0.609819 0.390181 0.228616 0.472885 0.527115 0.312597 0.355438 0.559265 0.380827
    -0.903 0.905405 0.221122 0.609819 0.390181 0.228616 0.472885 0.527115 0.312597 0.355438 0.559265 0.380827
    -0.879 0.905405 0.222591 0.604651 0.395349 0.231921 0.477223 0.522777 0.314554 0.357333 0.561139 0.374551
    -0.854 0.905405 0.223333 0.602067 0.397933 0.233574 0.479393 0.520607 0.315542 0.358289 0.562081 0.371433
    -0.830 0.905405 0.224832 0.596899 0.403101 0.236883 0.483731 0.516269 0.317536 0.360215 0.563973 0.365237
    -0.805 0.905405 0.229452 0.581395 0.418605 0.246828 0.496746 0.503254 0.323671 0.366120 0.569728 0.346969
    -0.781 0.891892 0.228374 0.576227 0.423773 0.239598 0.498915 0.501085 0.321951 0.363636 0.564103 0.343725
    -0.756 0.891892 0.229167 0.573643 0.426357 0.241278 0.501085 0.498915 0.323002 0.364641 0.565068 0.340754
    -0.731 0.891892 0.237410 0.547804 0.452196 0.258163 0.522777 0.477223 0.333895 0.375000 0.574913 0.311776
    -0.707 0.878378 0.238095 0.537468 0.462532 0.254655 0.529284 0.470716 0.334477 0.374640 0.571178 0.303663
    -0.682 0.824324 0.228464 0.532300 0.467700 0.217137 0.524946 0.475054 0.320490 0.357771 0.541741 0.314205
    -0.658 0.810811 0.228137 0.524548 0.475452 0.212288 0.529284 0.470716 0.319716 0.356083 0.536673 0.310943
    -0.633 0.810811 0.233463 0.509044 0.490956 0.223029 0.542299 0.457701 0.326679 0.362538 0.542495 0.294918
    -0.609 0.797297 0.232283 0.503876 0.496124 0.216551 0.544469 0.455531 0.324771 0.359756 0.536364 0.294979
    -0.584 0.783784 0.232932 0.493540 0.506460 0.213780 0.550976 0.449024 0.325234 0.359133 0.532110 0.290331
    -0.559 0.770270 0.234568 0.480620 0.519380 0.212968 0.559653 0.440347 0.326960 0.359621 0.528757 0.283771
    -0.535 0.770270 0.241525 0.462532 0.537468 0.225998 0.574837 0.425163 0.335953 0.367742 0.535714 0.266712
    -0.510 0.743243 0.239130 0.452196 0.547804 0.213680 0.579176 0.420824 0.331992 0.361842 0.522814 0.270406
    -0.486 0.729730 0.240000 0.441860 0.558140 0.211407 0.585683 0.414317 0.332649 0.361204 0.518234 0.268287
    -0.461 0.716216 0.239819 0.434109 0.565891 0.207293 0.590022 0.409978 0.331942 0.359322 0.512573 0.268983
    -0.437 0.702703 0.239631 0.426357 0.573643 0.203236 0.594360 0.405640 0.331210 0.357388 0.506823 0.270166
    -0.412 0.689189 0.239437 0.418605 0.581395 0.199232 0.598698 0.401302 0.330454 0.355401 0.500982 0.271833
    -0.387 0.675676 0.243902 0.400517 0.599483 0.203263 0.611714 0.388286 0.335570 0.358423 0.499002 0.265600
    -0.363 0.675676 0.253807 0.379845 0.620155 0.219523 0.629067 0.370933 0.348028 0.369004 0.507099 0.249468
    -0.338 0.662162 0.259259 0.361757 0.638243 0.224214 0.642082 0.357918 0.354217 0.372624 0.505155 0.245003
    -0.314 0.635135 0.265537 0.335917 0.664083 0.225846 0.659436 0.340564 0.360614 0.374502 0.496829 0.245967
    -0.289 0.621622 0.270588 0.320413 0.679587 0.229175 0.670282 0.329718 0.366048 0.377049 0.493562 0.245835
    -0.264 0.608108 0.277778 0.302326 0.697674 0.235121 0.683297 0.316703 0.373961 0.381356 0.491266 0.244980
    -0.240 0.608108 0.294118 0.279070 0.720930 0.256506 0.702820 0.297180 0.393586 0.396476 0.501114 0.231459
    -0.215 0.594595 0.312057 0.250646 0.749354 0.274019 0.724512 0.275488 0.413793 0.409302 0.503432 0.227177
    -0.191 0.554054 0.317829 0.227390 0.772610 0.267121 0.737527 0.262473 0.416949 0.403941 0.482353 0.250574
    -0.166 0.540541 0.333333 0.206718 0.793282 0.279266 0.752711 0.247289 0.433213 0.412371 0.480769 0.253835
    -0.142 0.445946 0.362637 0.149871 0.850129 0.273056 0.785249 0.214751 0.452055 0.400000 0.426357 0.329437
    -0.117 0.364865 0.350649 0.129199 0.870801 0.231930 0.789588 0.210412 0.424084 0.357616 0.361930 0.420089
    -0.092 0.351351 0.366197 0.116279 0.883721 0.239062 0.798265 0.201735 0.435754 0.358621 0.354223 0.434266
    -0.068 0.337838 0.362319 0.113695 0.886305 0.230637 0.798265 0.201735 0.428571 0.349650 0.342466 0.451385
    -0.043 0.324324 0.352941 0.113695 0.886305 0.218042 0.796095 0.203905 0.416185 0.338028 0.329670 0.469464
    -0.019 0.297297 0.338462 0.111111 0.888889 0.196388 0.793926 0.206074 0.395210 0.316547 0.304709 0.506137
     0.006 0.297297 0.338462 0.111111 0.888889 0.196388 0.793926 0.206074 0.395210 0.316547 0.304709 0.506137
     0.030 0.297297 0.338462 0.111111 0.888889 0.196388 0.793926 0.206074 0.395210 0.316547 0.304709 0.506137
     0.055 0.297297 0.354839 0.103359 0.896641 0.208666 0.800434 0.199566 0.409938 0.323529 0.307263 0.504474
     0.080 0.270270 0.384615 0.082687 0.917313 0.217671 0.813449 0.186551 0.425532 0.317460 0.287356 0.539343
     0.104 0.270270 0.384615 0.082687 0.917313 0.217671 0.813449 0.186551 0.425532 0.317460 0.287356 0.539343
     0.129 0.256757 0.413043 0.069767 0.930233 0.229026 0.822126 0.177874 0.441860 0.316667 0.277778 0.557278
     0.153 0.216216 0.444444 0.051680 0.948320 0.225107 0.830803 0.169197 0.440367 0.290909 0.240964 0.616988
     0.178 0.202703 0.441176 0.049096 0.950904 0.215739 0.830803 0.169197 0.428571 0.277778 0.227273 0.638093
     0.202 0.175676 0.433333 0.043928 0.956072 0.196072 0.830803 0.169197 0.402062 0.250000 0.199387 0.681440
     0.227 0.162162 0.428571 0.041344 0.958656 0.185687 0.830803 0.169197 0.387097 0.235294 0.185185 0.703682
     0.252 0.162162 0.444444 0.038760 0.961240 0.192916 0.832972 0.167028 0.395604 0.237624 0.185759 0.703475
     0.276 0.148649 0.523810 0.025840 0.974160 0.216205 0.841649 0.158351 0.417722 0.231579 0.173502 0.725467
     0.301 0.135135 0.500000 0.025840 0.974160 0.196942 0.839479 0.160521 0.389610 0.212766 0.158228 0.748659
     0.325 0.135135 0.555556 0.020672 0.979328 0.216920 0.843818 0.156182 0.410959 0.217391 0.159236 0.748419
     0.350 0.108108 0.533333 0.018088 0.981912 0.186251 0.841649 0.158351 0.358209 0.179775 0.128617 0.795798
     0.374 0.094595 0.538462 0.015504 0.984496 0.175382 0.841649 0.158351 0.333333 0.160920 0.113269 0.819999
     0.399 0.067568 0.500000 0.012920 0.987080 0.137707 0.839479 0.160521 0.263158 0.119048 0.081699 0.869597
     0.424 0.067568 0.555556 0.010336 0.989664 0.151851 0.841649 0.158351 0.272727 0.120482 0.081967 0.869537
     0.448 0.054054 0.571429 0.007752 0.992248 0.138994 0.841649 0.158351 0.235294 0.098765 0.066007 0.894874
     0.473 0.040541 0.500000 0.007752 0.992248 0.106197 0.839479 0.160521 0.183673 0.075000 0.049669 0.920623
     0.497 0.040541 0.500000 0.007752 0.992248 0.106197 0.839479 0.160521 0.183673 0.075000 0.049669 0.920623
     0.522 0.040541 0.500000 0.007752 0.992248 0.106197 0.839479 0.160521 0.183673 0.075000 0.049669 0.920623
     0.546 0.027027 0.500000 0.005168 0.994832 0.086520 0.839479 0.160521 0.133333 0.051282 0.033333 0.946703
     0.571 0.027027 0.500000 0.005168 0.994832 0.086520 0.839479 0.160521 0.133333 0.051282 0.033333 0.946703
     0.596 0.027027 0.500000 0.005168 0.994832 0.086520 0.839479 0.160521 0.133333 0.051282 0.033333 0.946703
     0.620 0.027027 0.500000 0.005168 0.994832 0.086520 0.839479 0.160521 0.133333 0.051282 0.033333 0.946703
     0.645 0.027027 0.500000 0.005168 0.994832 0.086520 0.839479 0.160521 0.133333 0.051282 0.033333 0.946703
     0.669 0.027027 0.500000 0.005168 0.994832 0.086520 0.839479 0.160521 0.133333 0.051282 0.033333 0.946703
     0.694 0.027027 0.500000 0.005168 0.994832 0.086520 0.839479 0.160521 0.133333 0.051282 0.033333 0.946703
     0.719 0.027027 0.500000 0.005168 0.994832 0.086520 0.839479 0.160521 0.133333 0.051282 0.033333 0.946703
     0.743 0.027027 0.500000 0.005168 0.994832 0.086520 0.839479 0.160521 0.133333 0.051282 0.033333 0.946703
     0.768 0.027027 0.500000 0.005168 0.994832 0.086520 0.839479 0.160521 0.133333 0.051282 0.033333 0.946703
     0.792 0.027027 0.500000 0.005168 0.994832 0.086520 0.839479 0.160521 0.133333 0.051282 0.033333 0.946703
     0.817 0.027027 0.500000 0.005168 0.994832 0.086520 0.839479 0.160521 0.133333 0.051282 0.033333 0.946703
     0.841 0.027027 0.666667 0.002584 0.997416 0.111592 0.841649 0.158351 0.139535 0.051948 0.033445 0.946683
     0.866 0.027027 0.666667 0.002584 0.997416 0.111592 0.841649 0.158351 0.139535 0.051948 0.033445 0.946683
     0.891 0.027027 0.666667 0.002584 0.997416 0.111592 0.841649 0.158351 0.139535 0.051948 0.033445 0.946683
     0.915 0.027027 1.000000 0.000000 1.000000 0.150955 0.843818 0.156182 0.146341 0.052632 0.033557 0.946676
     0.940 0.027027 1.000000 0.000000 1.000000 0.150955 0.843818 0.156182 0.146341 0.052632 0.033557 0.946676
     0.964 0.013514 1.000000 0.000000 1.000000 0.106625 0.841649 0.158351 0.076923 0.026667 0.016835 0.973156
     0.989 0.013514 1.000000 0.000000 1.000000 0.106625 0.841649 0.158351 0.076923 0.026667 0.016835 0.973156
     1.013 0.013514 1.000000 0.000000 1.000000 0.106625 0.841649 0.158351 0.076923 0.026667 0.016835 0.973156
     1.038 0.013514 1.000000 0.000000 1.000000 0.106625 0.841649 0.158351 0.076923 0.026667 0.016835 0.973156
     1.063 0.013514 1.000000 0.000000 1.000000 0.106625 0.841649 0.158351 0.076923 0.026667 0.016835 0.973156
     1.087 0.013514 1.000000 0.000000 1.000000 0.106625 0.841649 0.158351 0.076923 0.026667 0.016835 0.973156
     1.112 0.013514 1.000000 0.000000 1.000000 0.106625 0.841649 0.158351 0.076923 0.026667 0.016835 0.973156
     1.136 0.013514 1.000000 0.000000 1.000000 0.106625 0.841649 0.158351 0.076923 0.026667 0.016835 0.973156
     1.161 0.013514 1.000000 0.000000 1.000000 0.106625 0.841649 0.158351 0.076923 0.026667 0.016835 0.973156
     1.185 0.013514 1.000000 0.000000 1.000000 0.106625 0.841649 0.158351 0.076923 0.026667 0.016835 0.973156
# AUC_ROC= 0.736    AUC_PRC= 0.340    Best_ROC thr= -0.215  TPR= 0.595   FPR= 0.251    BestMCC= 0.279   thr= -0.166  TPR= 0.541   FPR= 0.207  
#   AUC_R   AUC_P   THROC    Sen     Spe     BMCC    TH     Sen     Spe
#   0.736   0.340  -0.215   0.595   0.749   0.279  -0.166   0.541   0.793
