1A0F SA11A   S A 15  0 -1 -1 -1   -1.800     0.124833      3.705      1.925     1.229783     1.354616  92  -1   -1.000
1A7V AA104H  A H  0  6 -1 -1 -1   -2.690    -0.280699      5.805      2.409     0.998631     0.717932  38  -1   -1.000
1A7V AA66H   A H  0  6 -1 -1 -1   -1.980     0.038160      4.073      2.018     0.484427     0.522587  49  -1   -1.000
1A7V AA91H   A H  0  6 -1 -1 -1   -1.700    -0.298049      1.965      1.402     0.983694     0.685645  47  -1   -1.000
1A7V DA3H    D H  2  6 -1 -1 -1   -1.360    -0.287338      1.151      1.073     0.570350     0.283012  30  -1   -1.000
1A7V DA58H   D H  2  6 -1 -1 -1   -2.050    -0.037451      4.050      2.013     0.512700     0.475249  33  -1   -1.000
1A7V EA73H   E H  3  6 -1 -1 -1   -3.010     0.097955      9.659      3.108     0.491058     0.589013  31  -1   -1.000
1A7V KA13H   K H  8  6 -1 -1 -1   -0.600    -0.102579      0.247      0.497     0.834928     0.732350  51  -1   -1.000
1A7V KA20H   K H  8  6 -1 -1 -1   -2.880    -0.122928      7.601      2.757     1.042113     0.919185  48  -1   -1.000
1A7V KA31H   K H  8  6 -1 -1 -1   -1.360    -0.266964      1.195      1.093     0.599299     0.332336  30  -1   -1.000
1A7V KA39H   K H  8  6 -1 -1 -1   -1.860    -0.147325      2.933      1.713     1.136611     0.989285  53  -1   -1.000
1A7V KA49H   K H  8  6 -1 -1 -1   -2.020    -0.099349      3.689      1.921     1.126199     1.026850  50  -1   -1.000
1A7V KA84H   K H  8  6 -1 -1 -1   -2.880    -0.239598      6.972      2.640     0.994282     0.754685  52  -1   -1.000
1A7V KA97H   K H  8  6 -1 -1 -1   -1.970    -0.728581      1.541      1.241     0.936908     0.208328  37  -1   -1.000
1BA3 HA461D  H D  6  2 -1 -1 -1   -1.745    -1.059725      0.470      0.685     1.212850     0.153125  46  -1   -1.000
1BA3 HA489D  H D  6  2 -1 -1 -1    0.287     0.259932      0.001      0.027     0.229893     0.489825  25  -1   -1.000
1BA3 HA489K  H K  6  8 -1 -1 -1   -0.287     0.399019      0.471      0.686     0.229893     0.628912  25  -1   -1.000
1BA3 HA489M  H M  6 10 -1 -1 -1   -0.263    -0.204988      0.003      0.058     0.229893     0.024905  25  -1   -1.000
1BFM MA35W   M W 10 18 -1 -1 -1   -0.700    -0.807578      0.012      0.108     2.333053     1.525474  79  -1   -1.000
1BFM MA35Y   M Y 10 19 -1 -1 -1   -0.400    -0.166456      0.055      0.234     2.333053     2.166597  79  -1   -1.000
1BNL DA76A   D A  2  0 -1 -1 -1   -0.821    -0.958031      0.019      0.137     0.706304    -0.251727  56  -1   -1.000
1D5G HA71Y   H Y  6 19 -1 -1 -1   -0.040     0.636248      0.457      0.676     0.686611     1.322858  49  -1   -1.000
1D5G IA20F   I F  7  4 -1 -1 -1    0.910    -0.115232      1.051      1.025     2.498621     2.383389  64  -1   -1.000
1DIV DA23A   D A  2  0 -1 -1 -1   -0.460     0.471335      0.867      0.931     0.287100     0.758435  27  -1   -1.000
1DIV DA23N   D N  2 11 -1 -1 -1   -0.580    -0.122553      0.209      0.457     0.287100     0.164547  27  -1   -1.000
1DIV DA8N    D N  2 11 -1 -1 -1   -0.300     0.131858      0.187      0.432    -0.049415     0.082443  34  -1   -1.000
1DIV EA100A  E A  3  0 -1 -1 -1   -0.980     0.492047      2.167      1.472     0.907798     1.399845  43  -1   -1.000
1DIV EA100G  E G  3  5 -1 -1 -1   -1.520    -0.644417      0.767      0.876     0.907798     0.263381  43  -1   -1.000
1DIV EA17Q   E Q  3 13 -1 -1 -1   -0.210     0.189411      0.160      0.399     0.411590     0.601000  45  -1   -1.000
1DIV EA38Q   E Q  3 13 -1 -1 -1   -0.560     0.093877      0.428      0.654     0.789334     0.883211  43  -1   -1.000
1DIV EA48Q   E Q  3 13 -1 -1 -1    0.030     0.243721      0.046      0.214     0.456528     0.700250  35  -1   -1.000
1DIV EA54Q   E Q  3 13 -1 -1 -1    0.330     0.109953      0.048      0.220     0.421198     0.531150  27  -1   -1.000
1DIV HA106Q  H Q  6 13 -1 -1 -1   -1.530    -0.982935      0.299      0.547     1.075283     0.092349  39  -1   -1.000
1DIV HA134Q  H Q  6 13 -1 -1 -1   -0.340    -0.317860      0.000      0.022     0.485721     0.167862  40  -1   -1.000
1DIV HA144Q  H Q  6 13 -1 -1 -1   -0.560     0.089611      0.422      0.650     1.040411     1.130022  55  -1   -1.000
1DIV IA115A  I A  7  0 -1 -1 -1   -3.520    -2.726921      0.629      0.793     3.439877     0.712956  60  -1   -1.000
1DIV IA121A  I A  7  0 -1 -1 -1   -2.880    -2.304211      0.332      0.576     2.890522     0.586311  53  -1   -1.000
1DIV IA4A    I A  7  0 -1 -1 -1   -2.220    -1.484614      0.541      0.735     2.557341     1.072727  51  -1   -1.000
1DIV IA4V    I V  7 17 -1 -1 -1   -0.590    -0.033607      0.310      0.556     2.557341     2.523734  51  -1   -1.000
1DIV IA79A   I A  7  0 -1 -1 -1   -3.490    -2.273570      1.480      1.216     3.731105     1.457535  54  -1   -1.000
1DIV IA93A   I A  7  0 -1 -1 -1   -3.190    -2.087306      1.216      1.103     2.837638     0.750332  55  -1   -1.000
1DIV IA98A   I A  7  0 -1 -1 -1   -4.280    -1.993401      5.229      2.287     3.597175     1.603774  64  -1   -1.000
1DIV KA10M   K M  8 10 -1 -1 -1    0.050    -1.727767      3.160      1.778    -0.004327    -1.732094  20  -1   -1.000
1DIV KA14M   K M  8 10 -1 -1 -1    0.010    -0.499391      0.259      0.509     0.105346    -0.394045  45  -1   -1.000
1DIV KA15M   K M  8 10 -1 -1 -1   -0.310    -0.191001      0.014      0.119     0.213743     0.022742  42  -1   -1.000
1DIV KA7M    K M  8 10 -1 -1 -1    0.350     0.205688      0.021      0.144     0.480463     0.686151  38  -1   -1.000
1DIV KA96A   K A  8  0 -1 -1 -1    0.610     0.172131      0.192      0.438     0.971849     1.143980  48  -1   -1.000
1DIV KA96G   K G  8  5 -1 -1 -1   -0.200    -0.710754      0.261      0.511     0.971849     0.261095  48  -1   -1.000
1DIV LA102A  L A  9  0 -1 -1 -1   -2.370    -1.543465      0.683      0.827     3.050961     1.507496  55  -1   -1.000
1DIV LA108A  L A  9  0 -1 -1 -1   -2.330    -1.653341      0.458      0.677     2.258263     0.604922  47  -1   -1.000
1DIV LA110A  L A  9  0 -1 -1 -1   -3.210    -1.920050      1.664      1.290     2.549023     0.628973  54  -1   -1.000
1DIV LA117A  L A  9  0 -1 -1 -1   -0.820    -2.122378      1.696      1.302     2.279933     0.157556  49  -1   -1.000
1DIV LA133A  L A  9  0 -1 -1 -1   -2.940    -1.870256      1.144      1.070     2.362170     0.491914  48  -1   -1.000
1DIV LA141A  L A  9  0 -1 -1 -1   -3.560    -2.235481      1.754      1.325     3.940080     1.704599  62  -1   -1.000
1DIV LA30A   L A  9  0 -1 -1 -1   -2.760    -1.264458      2.237      1.496     2.013828     0.749370  38  -1   -1.000
1DIV LA30V   L V  9 17 -1 -1 -1   -3.620    -0.776307      8.087      2.844     2.013828     1.237521  38  -1   -1.000
1DIV LA6A    L A  9  0 -1 -1 -1   -3.100    -0.271766      7.999      2.828     0.777472     0.505706  48  -1   -1.000
1DIV LA6I    L I  9  7 -1 -1 -1   -0.130     1.176831      1.708      1.307     0.777472     1.954304  48  -1   -1.000
1DIV LA6V    L V  9 17 -1 -1 -1   -0.410     0.320183      0.533      0.730     0.777472     1.097655  48  -1   -1.000
1DIV LA72A   L A  9  0 -1 -1 -1   -3.770    -1.590185      4.752      2.180     2.871619     1.281434  56  -1   -1.000
1DIV MA1A    M A 10  0 -1 -1 -1   -1.460    -0.565006      0.801      0.895     1.216129     0.651124  33  -1   -1.000
1DIV MA1G    M G 10  5 -1 -1 -1   -2.360    -1.011543      1.818      1.348     1.216129     0.204587  33  -1   -1.000
1DIV VA129A  V A 17  0 -1 -1 -1   -1.810    -1.943515      0.018      0.134     3.269509     1.325994  58  -1   -1.000
1DIV VA131A  V A 17  0 -1 -1 -1   -1.930    -2.068235      0.019      0.138     3.550848     1.482614  61  -1   -1.000
1DIV VA137A  V A 17  0 -1 -1 -1   -2.410    -1.324822      1.178      1.085     1.746006     0.421185  38  -1   -1.000
1DIV VA143A  V A 17  0 -1 -1 -1   -3.250    -2.976617      0.075      0.273     4.164260     1.187643  66  -1   -1.000
1DIV VA145A  V A 17  0 -1 -1 -1   -1.920    -2.618871      0.488      0.699     3.673382     1.054511  52  -1   -1.000
1DIV VA21A   V A 17  0 -1 -1 -1   -2.330    -1.315104      1.030      1.015     2.231255     0.916151  37  -1   -1.000
1DIV VA21I   V I 17  7 -1 -1 -1   -0.400     0.000301      0.160      0.400     2.231255     2.231556  37  -1   -1.000
1DIV VA21L   V L 17  9 -1 -1 -1   -1.230    -0.762329      0.219      0.468     2.231255     1.468926  37  -1   -1.000
1DIV VA3A    V A 17  0 -1 -1 -1   -2.550    -1.248991      1.693      1.301     2.490839     1.241848  46  -1   -1.000
1DIV VA3I    V I 17  7 -1 -1 -1   -0.310    -0.276634      0.001      0.033     2.490839     2.214205  46  -1   -1.000
1DIV VA3L    V L 17  9 -1 -1 -1   -2.210    -0.505759      2.904      1.704     2.490839     1.985080  46  -1   -1.000
1DXX KA18N   K N  8 11 -1 -1 -1   -3.700    -0.412171     10.810      3.288     0.978687     0.566516  44  -1   -1.000
1EKG LA198C  L C  9  1 -1 -1 -1   -1.000    -1.469552      0.220      0.470     2.198375     0.728823  44  -1   -1.000
1EKG LA200C  L C  9  1 -1 -1 -1   -2.000    -1.990674      0.000      0.009     2.638012     0.647338  52  -1   -1.000
1EKG LA203C  L C  9  1 -1 -1 -1    1.000    -1.489414      6.197      2.489     2.014507     0.525092  47  -1   -1.000
1EKG SA181F  S F 15  4 -1 -1 -1   -2.600    -0.415420      4.772      2.185     1.014764     0.599344  60  -1   -1.000
1F8I FA345A  F A  4  0 -1 -1 -1   -0.455    -2.471519      4.066      2.017     4.378258     1.906739 118  -1   -1.000
1FH5 SH18N   S N 15 11 -1 -1 -1    0.600    -1.103596      2.902      1.704     2.112571     1.008975  59  -1   -1.000
1FRD HA42R   H R  6 14 -1 -1 -1    4.000     0.558792     11.842      3.441     0.931282     1.490074  46  -1   -1.000
1FT8 IA264V  I V  7 17 -1 -1 -1   -0.640    -0.035311      0.366      0.605     2.095036     2.059725  52  -1   -1.000
1FT8 LA212V  L V  9 17 -1 -1 -1   -1.380    -0.471119      0.826      0.909     2.849445     2.378326  59  -1   -1.000
1FT8 LA238I  L I  9  7 -1 -1 -1   -0.350    -0.533759      0.034      0.184     0.944085     0.410325  36  -1   -1.000
1FT8 LA267I  L I  9  7 -1 -1 -1   -0.110    -0.145041      0.001      0.035     3.876222     3.731182  55  -1   -1.000
1FT8 LA293I  L I  9  7 -1 -1 -1   -0.800    -0.351652      0.201      0.448     4.442162     4.090510  64  -1   -1.000
1FT8 LA293V  L V  9 17 -1 -1 -1   -1.410    -1.272184      0.019      0.138     4.442162     3.169978  64  -1   -1.000
1FT8 LA315A  L A  9  0 -1 -1 -1   -1.650    -2.244850      0.354      0.595     3.626195     1.381344  59  -1   -1.000
1FT8 LA317I  L I  9  7 -1 -1 -1   -0.850    -1.163693      0.098      0.314     3.988632     2.824939  66  -1   -1.000
1FT8 LA348I  L I  9  7 -1 -1 -1   -0.530    -0.209287      0.103      0.321     3.774323     3.565036  52  -1   -1.000
1FT8 LA349I  L I  9  7 -1 -1 -1    0.050     0.317102      0.071      0.267     0.796800     1.113902  46  -1   -1.000
1FT8 MA216L  M L 10  9 -1 -1 -1    0.270     0.324626      0.003      0.055     2.410835     2.735461  66  -1   -1.000
1FT8 SA339A  S A 15  0 -1 -1 -1    0.320     0.602314      0.080      0.282     0.625396     1.227710  49  -1   -1.000
1FT8 VA287A  V A 17  0 -1 -1 -1   -0.160    -0.114558      0.002      0.045     1.293542     1.178984  58  -1   -1.000
1FXA EA94D   E D  3  2 -1 -1 -1   -1.100    -0.640384      0.211      0.460     0.783962     0.143578  53  -1   -1.000
1FXA EA94K   E K  3  8 -1 -1 -1   -0.400    -0.530668      0.017      0.131     0.783962     0.253295  53  -1   -1.000
1FXA EA94Q   E Q  3 13 -1 -1 -1    0.600    -0.628356      1.509      1.228     0.783962     0.155606  53  -1   -1.000
1FXA EA95K   E K  3  8 -1 -1 -1    1.000     0.063963      0.876      0.936     0.499915     0.563878  38  -1   -1.000
1FXA FA65A   F A  4  0 -1 -1 -1   -1.000    -1.245982      0.061      0.246     1.881691     0.635709  44  -1   -1.000
1FXA FA65I   F I  4  7 -1 -1 -1   -0.900    -1.621241      0.520      0.721     1.881691     0.260451  44  -1   -1.000
1FXA FA65W   F W  4 18 -1 -1 -1   -0.600    -1.185005      0.342      0.585     1.881691     0.696686  44  -1   -1.000
1FXA FA65Y   F Y  4 19 -1 -1 -1   -0.500    -0.650063      0.023      0.150     1.881691     1.231628  44  -1   -1.000
1FXA RA42A   R A 14  0 -1 -1 -1   -2.400    -2.429189      0.001      0.029     1.874735    -0.554454  45  -1   -1.000
1FXA RA42H   R H 14  6 -1 -1 -1   -1.400    -1.490769      0.008      0.091     1.874735     0.383966  45  -1   -1.000
1FXA TA48A   T A 16  0 -1 -1 -1    0.100    -0.176388      0.076      0.276     1.041182     0.864794  53  -1   -1.000
1G3P AA147K  A K  0  8 -1 -1 -1   -0.287    -0.069839      0.047      0.217     1.032062     0.962223  65  -1   -1.000
1G3P DA160A  D A  2  0 -1 -1 -1   -0.263    -0.756682      0.244      0.494     0.318002    -0.438680  11  -1   -1.000
1G3P DA160C  D C  2  1 -1 -1 -1   -0.096    -0.780740      0.469      0.685     0.318002    -0.462738  11  -1   -1.000
1G3P DA160E  D E  2  3 -1 -1 -1   -0.359    -0.449627      0.008      0.091     0.318002    -0.131625  11  -1   -1.000
1G3P DA160F  D F  2  4 -1 -1 -1   -0.359    -1.242193      0.780      0.883     0.318002    -0.924191  11  -1   -1.000
1G3P DA160G  D G  2  5 -1 -1 -1   -0.669    -0.208275      0.212      0.461     0.318002     0.109728  11  -1   -1.000
1G3P DA160H  D H  2  6 -1 -1 -1    0.048    -0.457809      0.256      0.506     0.318002    -0.139807  11  -1   -1.000
1G3P DA160I  D I  2  7 -1 -1 -1   -0.932    -0.974625      0.002      0.043     0.318002    -0.656623  11  -1   -1.000
1G3P DA160K  D K  2  8 -1 -1 -1   -0.335    -0.436216      0.010      0.101     0.318002    -0.118214  11  -1   -1.000
1G3P DA160L  D L  2  9 -1 -1 -1   -0.550    -1.067544      0.268      0.518     0.318002    -0.749542  11  -1   -1.000
1G3P DA160M  D M  2 10 -1 -1 -1   -0.502    -0.818175      0.100      0.316     0.318002    -0.500173  11  -1   -1.000
1G3P DA160N  D N  2 11 -1 -1 -1    0.072    -0.078955      0.023      0.151     0.318002     0.239047  11  -1   -1.000
1G3P DA160P  D P  2 12 -1 -1 -1   -0.645    -0.830699      0.034      0.186     0.318002    -0.512697  11  -1   -1.000
1G3P DA160Q  D Q  2 13 -1 -1 -1   -0.478    -0.498829      0.000      0.021     0.318002    -0.180826  11  -1   -1.000
1G3P DA160R  D R  2 14 -1 -1 -1   -0.669    -0.904775      0.056      0.236     0.318002    -0.586773  11  -1   -1.000
1G3P DA160S  D S  2 15 -1 -1 -1   -0.287    -0.141865      0.021      0.145     0.318002     0.176137  11  -1   -1.000
1G3P DA160T  D T  2 16 -1 -1 -1   -0.741    -0.367768      0.139      0.373     0.318002    -0.049765  11  -1   -1.000
1G3P DA160V  D V  2 17 -1 -1 -1   -1.123    -0.936004      0.035      0.187     0.318002    -0.618002  11  -1   -1.000
1G3P DA160W  D W  2 18 -1 -1 -1   -0.167    -0.902895      0.542      0.736     0.318002    -0.584893  11  -1   -1.000
1G3P DA160Y  D Y  2 19 -1 -1 -1   -0.072    -1.214932      1.306      1.143     0.318002    -0.896930  11  -1   -1.000
1G3P FA136V  F V  4 17 -1 -1 -1   -3.705    -0.570954      9.822      3.134     3.386335     2.815381  82  -1   -1.000
1G3P NA138G  N G 11  5 -1 -1 -1    0.765    -0.456312      1.492      1.221     1.418154     0.961842  70  -1   -1.000
1G3P NA139K  N K 11  8 -1 -1 -1   -0.430    -0.466313      0.001      0.036     0.957202     0.490889  80  -1   -1.000
1G3P NA139V  N V 11 17 -1 -1 -1   -2.032     0.803682      8.041      2.836     0.957202     1.760884  80  -1   -1.000
1G3P QA137N  Q N 13 11 -1 -1 -1   -1.793    -0.792495      1.001      1.001     1.604875     0.812381  81  -1   -1.000
1G3P QA145N  Q N 13 11 -1 -1 -1    0.263    -0.078465      0.117      0.341     0.952869     0.874403  42  -1   -1.000
1G3P RA144V  R V 14 17 -1 -1 -1    0.765     0.657998      0.011      0.107     1.136569     1.794567  54  -1   -1.000
1GLU CA500A  C A  1  0 -1 -1 -1   -1.220     0.183674      1.970      1.404     1.086722     1.270396  65  -1   -1.000
1GUA AB118G  A G  0  5 -1 -1 -1   -1.963    -0.912820      1.103      1.050     0.936000     0.023180  49  -1   -1.000
1GUA AB118L  A L  0  9 -1 -1 -1   -1.951     0.424840      5.645      2.376     0.936000     1.360839  49  -1   -1.000
1GUA AB85G   A G  0  5 -1 -1 -1   -2.149    -1.292720      0.733      0.856     1.396942     0.104221  80  -1   -1.000
1GUA AB97G   A G  0  5 -1 -1 -1   -0.863    -0.896644      0.001      0.034     1.353358     0.456714  52  -1   -1.000
1GUA CB81A   C A  1  0 -1 -1 -1    0.283     0.689725      0.165      0.407     0.934602     1.624327  63  -1   -1.000
1GUA CB81I   C I  1  7 -1 -1 -1   -0.912     0.147381      1.122      1.059     0.934602     1.081983  63  -1   -1.000
1GUA CB95A   C A  1  0 -1 -1 -1   -0.080    -0.573814      0.244      0.494     0.731798     0.157984  34  -1   -1.000
1GUA CB96A   C A  1  0 -1 -1 -1   -1.759     0.270618      4.119      2.030     0.992780     1.263399  47  -1   -1.000
1GUA CB96L   C L  1  9 -1 -1 -1   -0.043     0.341066      0.148      0.384     0.992780     1.333846  47  -1   -1.000
1GUA CB96M   C M  1 10 -1 -1 -1   -0.337     0.956910      1.674      1.294     0.992780     1.949690  47  -1   -1.000
1GUA DB117A  D A  2  0 -1 -1 -1   -0.706    -0.434331      0.074      0.272     0.905844     0.471513  40  -1   -1.000
1GUA DB129A  D A  2  0 -1 -1 -1   -0.855     0.636884      2.226      1.492     0.374612     1.011496  47  -1   -1.000
1GUA DB80A   D A  2  0 -1 -1 -1   -0.493     0.185770      0.461      0.679     0.910625     1.096394  52  -1   -1.000
1GUA EB104A  E A  3  0 -1 -1 -1    0.021     0.092373      0.005      0.071     0.304176     0.396550  17  -1   -1.000
1GUA EB124A  E A  3  0 -1 -1 -1   -0.101     1.006542      1.227      1.108     0.535218     1.541760  53  -1   -1.000
1GUA EB125A  E A  3  0 -1 -1 -1   -0.591     0.260491      0.725      0.851     0.759116     1.019607  57  -1   -1.000
1GUA IB58A   I A  7  0 -1 -1 -1   -3.274    -2.518403      0.571      0.756     3.653970     1.135567  61  -1   -1.000
1GUA IB58F   I F  7  4 -1 -1 -1   -1.299    -1.049882      0.062      0.249     3.653970     2.604088  61  -1   -1.000
1GUA IB58L   I L  7  9 -1 -1 -1   -0.771    -1.007840      0.056      0.237     3.653970     2.646130  61  -1   -1.000
1GUA KB109A  K A  8  0 -1 -1 -1   -0.327     0.533095      0.740      0.860     0.524853     1.057947  35  -1   -1.000
1GUA LB112A  L A  9  0 -1 -1 -1   -2.593    -1.604517      0.977      0.988     2.336034     0.731517  49  -1   -1.000
1GUA LB121A  L A  9  0 -1 -1 -1   -2.534    -1.284527      1.561      1.249     1.971504     0.686977  48  -1   -1.000
1GUA LB126A  L A  9  0 -1 -1 -1   -3.405    -1.595438      3.275      1.810     3.056587     1.461149  68  -1   -1.000
1GUA LB62A   L A  9  0 -1 -1 -1   -3.460    -2.179185      1.640      1.281     2.902799     0.723614  68  -1   -1.000
1GUA LB78A   L A  9  0 -1 -1 -1   -3.803    -1.572515      4.975      2.230     2.596448     1.023933  58  -1   -1.000
1GUA LB82A   L A  9  0 -1 -1 -1   -3.529    -1.812655      2.946      1.716     2.718785     0.906130  72  -1   -1.000
1GUA LB82I   L I  9  7 -1 -1 -1   -1.600    -0.081044      2.307      1.519     2.718785     2.637741  72  -1   -1.000
1GUA LB82V   L V  9 17 -1 -1 -1   -1.700    -0.673086      1.055      1.027     2.718785     2.045699  72  -1   -1.000
1GUA LB86A   L A  9  0 -1 -1 -1   -3.226    -1.252448      3.895      1.974     2.602688     1.350240  72  -1   -1.000
1GUA LB91A   L A  9  0 -1 -1 -1   -1.575    -1.380900      0.038      0.194     2.095474     0.714575  52  -1   -1.000
1GUA MB76A   M A 10  0 -1 -1 -1   -0.961    -0.713093      0.061      0.248     1.442790     0.729697  38  -1   -1.000
1GUA NB56M   N M 11 10 -1 -1 -1    0.271    -0.514762      0.617      0.786     1.062176     0.547414  36  -1   -1.000
1GUA NB64A   N A 11  0 -1 -1 -1   -1.140    -0.516071      0.389      0.624     0.543653     0.027583  54  -1   -1.000
1GUA PB63A   P A 12  0 -1 -1 -1   -1.708    -0.215374      2.228      1.493     1.192813     0.977440  55  -1   -1.000
1GUA PB93A   P A 12  0 -1 -1 -1   -0.082    -0.405410      0.105      0.323     1.335005     0.929594  47  -1   -1.000
1GUA QB66A   Q A 13  0 -1 -1 -1   -0.504     0.699425      1.448      1.203     0.861386     1.560811  67  -1   -1.000
1GUA RB100A  R A 14  0 -1 -1 -1   -0.693    -0.611075      0.007      0.082     1.600106     0.989031  53  -1   -1.000
1GUA RB59A   R A 14  0 -1 -1 -1    0.178    -0.597784      0.602      0.776     1.896593     1.298809  68  -1   -1.000
1GUA RB89L   R L 14  9 -1 -1 -1    1.078     1.559521      0.232      0.482     0.858847     2.418367  64  -1   -1.000
1GUA SB77A   S A 15  0 -1 -1 -1   -1.573    -0.451764      1.257      1.121     0.778340     0.326576  48  -1   -1.000
1GUA SB77T   S T 15 16 -1 -1 -1    0.581     0.105794      0.226      0.475     0.778340     0.884134  48  -1   -1.000
1GUA TB68A   T A 16  0 -1 -1 -1   -0.109     0.324243      0.188      0.433     1.206815     1.531058  77  -1   -1.000
1GUA VB128A  V A 17  0 -1 -1 -1   -3.368    -2.849910      0.268      0.518     4.085088     1.235179  62  -1   -1.000
1GUA VB60A   V A 17  0 -1 -1 -1   -2.251    -2.899851      0.421      0.649     4.272462     1.372611  77  -1   -1.000
1GUA VB69A   V A 17  0 -1 -1 -1   -1.116    -2.111628      0.991      0.996     2.708237     0.596609  70  -1   -1.000
1GUA VB70A   V A 17  0 -1 -1 -1   -1.770    -2.207768      0.192      0.438     3.278622     1.070854  68  -1   -1.000
1GUA VB72A   V A 17  0 -1 -1 -1   -1.052    -1.346443      0.087      0.294     2.510535     1.164092  44  -1   -1.000
1GUA VB72I   V I 17  7 -1 -1 -1   -0.864    -0.530764      0.111      0.333     2.510535     1.979771  44  -1   -1.000
1GUA VB98A   V A 17  0 -1 -1 -1   -1.981    -2.538832      0.311      0.558     3.620018     1.081186  64  -1   -1.000
1GWY AA8D    A D  0  2 -1 -1 -1   -1.600    -0.056780      2.382      1.543     0.930958     0.874178  46  -1   -1.000
1H0X PA18A   P A 12  0 -1 -1 -1   -1.936    -0.953752      0.965      0.982     0.672412    -0.281340  33  -1   -1.000
1H0X PA62A   P A 12  0 -1 -1 -1   -2.581    -1.445514      1.289      1.135     1.520976     0.075462  31  -1   -1.000
1HCQ CA67A   C A  1  0 -1 -1 -1   -2.090    -0.363643      2.980      1.726     1.523980     1.160338  63  -1   -1.000
1HCQ CA67S   C S  1 15 -1 -1 -1   -1.990    -1.192482      0.636      0.798     1.523980     0.331498  63  -1   -1.000
1IOJ GA15A   G A  5  0 -1 -1 -1    0.400     0.237507      0.026      0.162     0.116838     0.354346  24  -1   -1.000
1IR3 WA1175F W F 18  4 -1 -1 -1    0.600    -4.033462     21.469      4.633     6.444108     2.410647 101  -1   -1.000
1ITM CA24T   C T  1 16 -1 -1 -1   -3.300    -0.259834      9.243      3.040     0.669126     0.409292  58  -1   -1.000
1ITM CA3T    C T  1 16 -1 -1 -1   -5.000     0.077534     25.781      5.078    -0.133249    -0.055715  30  -1   -1.000
1ITM WA91S   W S 18 15 -1 -1 -1    1.400    -0.146964      2.393      1.547     0.914628     0.767664  54  -1   -1.000
1IV7 AB173C  A C  0  1 -1 -1 -1    0.500    -0.516435      1.033      1.016     1.988676     1.472241  72  -1   -1.000
1IV7 FB189C  F C  4  1 -1 -1 -1   -2.500    -2.464770      0.001      0.035     3.733523     1.268753  63  -1   -1.000
1IV7 LB162C  L C  9  1 -1 -1 -1   -1.900    -1.919674      0.000      0.020     3.454975     1.535302  78  -1   -1.000
1IV9 SA76Y   S Y 15 19 -1 -1 -1    4.299     1.773028      6.381      2.526     0.780359     2.553388  55  -1   -1.000
1J8I KA25A   K A  8  0 -1 -1 -1    0.100    -0.529737      0.397      0.630     0.899217     0.369481  46  -1   -1.000
1J8I KA66A   K A  8  0 -1 -1 -1    0.100     0.537636      0.192      0.438     0.552801     1.090437  38  -1   -1.000
1J8I RA23A   R A 14  0 -1 -1 -1    0.800    -0.174361      0.949      0.974     1.091412     0.917051  41  -1   -1.000
1J8I RA35A   R A 14  0 -1 -1 -1   -0.100    -0.437762      0.114      0.338     0.683202     0.245440  32  -1   -1.000
1J8I RA43A   R A 14  0 -1 -1 -1    0.700    -0.139405      0.705      0.839     0.920612     0.781208  33  -1   -1.000
1J8I RA9A    R A 14  0 -1 -1 -1   -0.100     0.549714      0.422      0.650     0.069792     0.619507  36  -1   -1.000
1JL9 AA25C   A C  0  1 -1 -1 -1   -1.440    -0.894324      0.298      0.546     0.742758    -0.151566  12  -1   -1.000
1JLV EA64D   E D  3  2 -1 -1 -1   -1.162    -0.378758      0.613      0.783     1.213959     0.835201  98  -1   -1.000
1JLV EA64N   E N  3 11 -1 -1 -1   -2.304    -0.438962      3.478      1.865     1.213959     0.774997  98  -1   -1.000
1JLV EA64Q   E Q  3 13 -1 -1 -1   -2.302    -0.330208      3.888      1.972     1.213959     0.883751  98  -1   -1.000
1L6H FA39A   F A  4  0 -1 -1 -1   -1.697    -0.836401      0.741      0.861     1.318365     0.481964  53  -1   -1.000
1L6H YA45A   Y A 19  0 -1 -1 -1   -0.550    -0.011854      0.290      0.538     0.663487     0.651633  49  -1   -1.000
1L6H YA48A   Y A 19  0 -1 -1 -1   -1.482    -0.893117      0.347      0.589     1.139159     0.246042  44  -1   -1.000
1LVM EA106G  E G  3  5 -1 -1 -1    1.400     0.126464      1.622      1.274     0.624668     0.751132  49  -1   -1.000
1LVM KA45F   K F  8  4 -1 -1 -1    0.430     0.785560      0.126      0.356     1.440229     2.225789  93  -1   -1.000
1LVM LA56V   L V  9 17 -1 -1 -1    0.000     0.485688      0.236      0.486     1.595632     2.081320  69  -1   -1.000
1LVM QA58F   Q F 13  4 -1 -1 -1    0.600     1.025227      0.181      0.425     1.429912     2.455138  67  -1   -1.000
1LVM SA135G  S G 15  5 -1 -1 -1    0.000     0.413227      0.171      0.413     0.211401     0.624627  40  -1   -1.000
1N18 EA100G  E G  3  5 -1 -1 -1   -2.500    -0.814556      2.841      1.685     0.903708     0.089152  55  -1   -1.000
1N18 GA85R   G R  5 14 -1 -1 -1   -1.400    -1.338816      0.004      0.061     1.378151     0.039335  82  -1   -1.000
1N18 HA46R   H R  6 14 -1 -1 -1    1.400    -0.742244      4.589      2.142     2.768920     2.026677 116  -1   -1.000
1N18 VA148I  V I 17  7 -1 -1 -1    0.100    -0.771015      0.759      0.871     3.492169     2.721153 116  -1   -1.000
1N88 FA21A   F A  4  0 -1 -1 -1   -1.390    -0.268323      1.258      1.122     1.456471     1.188148  48  -1   -1.000
1N88 IA39A   I A  7  0 -1 -1 -1   -1.390    -1.616322      0.051      0.226     3.228478     1.612156  59  -1   -1.000
1N88 IA80A   I A  7  0 -1 -1 -1   -2.790    -1.816664      0.947      0.973     2.779532     0.962868  72  -1   -1.000
1N88 IA89A   I A  7  0 -1 -1 -1   -2.350    -0.823218      2.331      1.527     1.040297     0.217079  56  -1   -1.000
1N88 IA8V    I V  7 17 -1 -1 -1   -1.520     0.170604      2.858      1.691     1.573903     1.744507  62  -1   -1.000
1N88 LA13A   L A  9  0 -1 -1 -1   -1.520    -0.732372      0.620      0.788     1.284256     0.551884  44  -1   -1.000
1N88 LA57A   L A  9  0 -1 -1 -1   -1.110     0.344673      2.116      1.455     0.639227     0.983900  48  -1   -1.000
1N88 VA12A   V A 17  0 -1 -1 -1   -1.940    -1.592817      0.121      0.347     2.213224     0.620408  58  -1   -1.000
1N88 VA30A   V A 17  0 -1 -1 -1   -2.840    -1.349074      2.223      1.491     2.499853     1.150779  58  -1   -1.000
1N88 VA43A   V A 17  0 -1 -1 -1   -2.820    -0.487737      5.439      2.332     1.648513     1.160776  62  -1   -1.000
1N88 VA49A   V A 17  0 -1 -1 -1   -2.830    -0.641066      4.791      2.189     1.647893     1.006827  47  -1   -1.000
1N88 VA51A   V A 17  0 -1 -1 -1   -3.240    -2.622203      0.382      0.618     3.434694     0.812491  54  -1   -1.000
1N88 VA54A   V A 17  0 -1 -1 -1   -3.730    -2.049657      2.824      1.680     3.384312     1.334655  62  -1   -1.000
1N88 VA81A   V A 17  0 -1 -1 -1   -2.820    -2.155771      0.441      0.664     3.712052     1.556280  72  -1   -1.000
1N88 VA83A   V A 17  0 -1 -1 -1   -3.100    -1.624555      2.177      1.475     2.881879     1.257324  49  -1   -1.000
1N88 YA18A   Y A 19  0 -1 -1 -1    0.060     0.512161      0.204      0.452     0.378682     0.890843  36  -1   -1.000
1N88 YA26A   Y A 19  0 -1 -1 -1   -4.610    -1.755940      8.146      2.854     3.224321     1.468380  71  -1   -1.000
1NM1 DA187N  D N  2 11 -1 -1 -1   -0.880     0.055535      0.875      0.936     0.753471     0.809005  65  -1   -1.000
1NM1 DA187Y  D Y  2 19 -1 -1 -1   -1.900     0.651279      6.509      2.551     0.753471     1.404750  65  -1   -1.000
1O1U EA110A  E A  3  0 -1 -1 -1   -3.300     0.520691     14.598      3.821     0.610548     1.131239  75  -1   -1.000
1O1U NA61A   N A 11  0 -1 -1 -1   -1.200     0.791936      3.968      1.992     0.238087     1.030023  72  -1   -1.000
1O1U QA51A   Q A 13  0 -1 -1 -1   -0.300     0.313378      0.376      0.613     0.687837     1.001215  67  -1   -1.000
1O1U QA99A   Q A 13  0 -1 -1 -1    0.300     0.455966      0.024      0.156     1.168689     1.624655  74  -1   -1.000
1O1U TA38A   T A 16  0 -1 -1 -1   -1.200     0.044950      1.550      1.245     0.767445     0.812395  68  -1   -1.000
1O1U WA49Y   W Y 18 19 -1 -1 -1   -1.200     0.121376      1.746      1.321     1.786588     1.907964  74  -1   -1.000
1O6X AA31G   A G  0  5 -1 -1 -1   -1.200    -0.491540      0.502      0.708     0.913275     0.421735  36  -1   -1.000
1O6X AA50G   A G  0  5 -1 -1 -1   -1.400    -1.073471      0.107      0.327     1.276759     0.203289  56  -1   -1.000
1O6X DA38A   D A  2  0 -1 -1 -1    0.360    -0.133415      0.243      0.493     0.418994     0.285579  47  -1   -1.000
1O6X EA14A   E A  3  0 -1 -1 -1   -0.300    -0.127312      0.030      0.173     0.790465     0.663153  57  -1   -1.000
1O6X EA20G   E G  3  5 -1 -1 -1   -1.420    -0.580131      0.705      0.840     0.602294     0.022163  35  -1   -1.000
1O6X FA39L   F L  4  9 -1 -1 -1   -1.880    -0.044709      3.368      1.835     2.592474     2.547765  51  -1   -1.000
1O6X FA65A   F A  4  0 -1 -1 -1   -0.980    -0.563218      0.174      0.417     1.871305     1.308086  52  -1   -1.000
1O6X HA51A   H A  6  0 -1 -1 -1   -0.610     0.187210      0.636      0.797     0.903295     1.090505  56  -1   -1.000
1O6X IA15V   I V  7 17 -1 -1 -1   -0.430    -0.212063      0.047      0.218     3.918986     3.706923  59  -1   -1.000
1O6X IA23V   I V  7 17 -1 -1 -1    0.420    -0.319835      0.547      0.740     1.967886     1.648051  48  -1   -1.000
1O6X IA71V   I V  7 17 -1 -1 -1   -1.310    -0.989524      0.103      0.320     2.285534     1.296011  47  -1   -1.000
1O6X IA75A   I A  7  0 -1 -1 -1   -1.310    -1.757171      0.200      0.447     2.375897     0.618727  43  -1   -1.000
1O6X KA41A   K A  8  0 -1 -1 -1   -1.980    -0.321676      2.750      1.658     0.612976     0.291300  41  -1   -1.000
1O6X LA26V   L V  9 17 -1 -1 -1   -0.970    -0.649139      0.103      0.321     2.790971     2.141833  62  -1   -1.000
1O6X NA58A   N A 11  0 -1 -1 -1   -0.080     0.392514      0.223      0.473     0.476510     0.869024  49  -1   -1.000
1O6X QA60G   Q G 13  5 -1 -1 -1   -0.490    -0.755097      0.070      0.265     0.829581     0.074484  44  -1   -1.000
1O6X VA12A   V A 17  0 -1 -1 -1   -1.100    -1.266139      0.028      0.166     2.278018     1.011879  51  -1   -1.000
1O6X VA52A   V A 17  0 -1 -1 -1   -1.080    -1.351093      0.073      0.271     2.585023     1.233931  62  -1   -1.000
1O6X VA64G   V G 17  5 -1 -1 -1   -1.100    -0.307516      0.628      0.792     0.403821     0.096305  40  -1   -1.000
1O6X YA73L   Y L 19  9 -1 -1 -1   -2.780    -1.196709      2.507      1.583     3.074208     1.877499  59  -1   -1.000
1OSI IA11V   I V  7 17 -1 -1 -1   -0.050    -2.954025      8.433      2.904     3.134336     0.180311  76  -1   -1.000
1OSI SA92F   S F 15  4 -1 -1 -1    0.390     0.492600      0.011      0.103     0.206936     0.699536  66  -1   -1.000
1OSI VA126M  V M 17 10 -1 -1 -1   -2.250    -1.923023      0.107      0.327     2.780407     0.857383  69  -1   -1.000
1OSI VA15I   V I 17  7 -1 -1 -1   -0.780    -0.580972      0.040      0.199     3.454181     2.873209  94  -1   -1.000
1PFL AA20T   A T  0 16 -1 -1 -1   -1.530    -0.765884      0.584      0.764     2.191189     1.425305  96  -1   -1.000
1PFL GA117V  G V  5 17 -1 -1 -1   -1.960     0.204388      4.685      2.164     0.168649     0.373037  36  -1   -1.000
1PFL MA113T  M T 10 16 -1 -1 -1   -3.530    -0.825149      7.316      2.705     1.230267     0.405118  91  -1   -1.000
1PFL QA138L  Q L 13  9 -1 -1 -1    1.820    -1.075394      8.383      2.895     0.341675    -0.733719  31  -1   -1.000
1PFL TA108M  T M 16 10 -1 -1 -1    0.070     0.674656      0.366      0.605     1.218777     1.893433  70  -1   -1.000
1PRE CA159S  C S  1 15 -1 -1 -1   -2.400    -0.210804      4.793      2.189     0.479427     0.268623  30  -1   -1.000
1PRG EA460K  E K  3  8 -1 -1 -1   -0.170    -0.342778      0.030      0.173     0.136332    -0.206446  40  -1   -1.000
1PRG FA360L  F L  4  9 -1 -1 -1   -0.400     0.499761      0.810      0.900     1.247157     1.746918  62  -1   -1.000
1PRG PA467L  P L 12  9 -1 -1 -1    0.110    -0.236741      0.120      0.347     0.932919     0.696178  39  -1   -1.000
1PRG QA286P  Q P 13 12 -1 -1 -1   -0.300    -2.663614      5.587      2.364     1.035488    -1.628126  74  -1   -1.000
1PRG RA288H  R H 14  6 -1 -1 -1    0.060    -0.522578      0.339      0.583     0.921830     0.399252  69  -1   -1.000
1PRG RA357A  R A 14  0 -1 -1 -1    0.190     0.747620      0.311      0.558    -0.256598     0.491022  48  -1   -1.000
1PRG VA290M  V M 17 10 -1 -1 -1    0.030    -0.161218      0.037      0.191     1.448527     1.287309  55  -1   -1.000
1R2Y RA244E  R E 14  3 -1 -1 -1   -4.200    -1.713326      6.184      2.487     1.472610    -0.240715  52  -1   -1.000
1R6R IA88N   I N  7 11 -1 -1 -1   -0.130    -2.450450      5.384      2.320     2.785090     0.334641  68  -1   -1.000
1R6R LA50S   L S  9 15 -1 -1 -1   -2.810    -1.224544      2.514      1.585     2.010249     0.785705  73  -1   -1.000
1R6R LA54S   L S  9 15 -1 -1 -1   -0.240    -1.158493      0.844      0.918     1.516074     0.357581  61  -1   -1.000
1R6R LA81N   L N  9 11 -1 -1 -1   -6.840    -2.170614     21.803      4.669     2.730716     0.560102  63  -1   -1.000
1SPD CA111S  C S  1 15 -1 -1 -1    0.800     0.392005      0.166      0.408    -0.086432     0.305573  85  -1   -1.000
1SPD CA6A    C A  1  0 -1 -1 -1    0.100     0.182279      0.007      0.082     1.437707     1.619985 102  -1   -1.000
1X0J DA160N  D N  2 11 -1 -1 -1   -4.100    -0.334246     14.181      3.766     0.762180     0.427934  42  -1   -1.000
1X0J DA160Y  D Y  2 19 -1 -1 -1   -4.020     0.462744     20.095      4.483     0.762180     1.224923  42  -1   -1.000
1X0J DA161N  D N  2 11 -1 -1 -1   -2.210     0.005753      4.910      2.216     0.608130     0.613882  39  -1   -1.000
1X0J DA161Y  D Y  2 19 -1 -1 -1   -3.380     0.334092     13.794      3.714     0.608130     0.942222  39  -1   -1.000
1X0J EA140K  E K  3  8 -1 -1 -1   -3.480    -0.271294     10.296      3.209     1.015208     0.743914  61  -1   -1.000
1X0J RA100L  R L 14  9 -1 -1 -1   -5.220     0.118657     28.501      5.339     1.466118     1.584775  52  -1   -1.000
1X0J YA153H  Y H 19  6 -1 -1 -1   -6.490    -1.028596     29.827      5.461     1.753861     0.725265  75  -1   -1.000
1XWS EA124Q  E Q  3 13 -1 -1 -1   -2.900    -0.239727      7.077      2.660     0.267758     0.028031  53  -1   -1.000
1XWS EA135K  E K  3  8 -1 -1 -1   -4.590     0.169464     22.653      4.759     0.533072     0.702536  34  -1   -1.000
1XWS EA142D  E D  3  2 -1 -1 -1   -3.220    -0.179635      9.244      3.040     1.205323     1.025687  62  -1   -1.000
1XWS YA53H   Y H 19  6 -1 -1 -1   -3.300    -2.060295      1.537      1.240     3.050906     0.990611  58  -1   -1.000
1XXN NA181R  N R 11 14 -1 -1 -1    0.358     0.293587      0.004      0.064     1.110844     1.404431  68  -1   -1.000
1XXN NA32D   N D 11  2 -1 -1 -1   -0.860    -0.634293      0.051      0.226     1.330433     0.696141  40  -1   -1.000
1XXN NA54E   N E 11  3 -1 -1 -1   -0.645    -0.435458      0.044      0.210     1.134237     0.698779  63  -1   -1.000
1XXN SA22E   S E 15  3 -1 -1 -1    0.239     0.007841      0.053      0.231     0.632116     0.639957  39  -1   -1.000
1XXN SA27E   S E 15  3 -1 -1 -1   -0.645    -0.312544      0.111      0.332     1.002319     0.689775  67  -1   -1.000
1XZO FA42W   F W  4 18 -1 -1 -1    2.870    -0.933334     14.465      3.803     2.073285     1.139952  81  -1   -1.000
1XZO WA101F  W F 18  4 -1 -1 -1   -2.890    -1.794328      1.200      1.096     3.699933     1.905605  77  -1   -1.000
1XZO WA36A   W A 18  0 -1 -1 -1   -8.930    -1.266709     58.726      7.663     2.961646     1.694937  92  -1   -1.000
1XZO WA36F   W F 18  4 -1 -1 -1   -4.250     0.373909     21.381      4.624     2.961646     3.335556  92  -1   -1.000
2ARF HA1069Q H Q  6 13 -1 -1 -1   -0.717    -0.614915      0.010      0.102    -0.017134    -0.632049  55  -1   -1.000
2BJD VA84D   V D 17  2 -1 -1 -1   -4.493    -4.440319      0.003      0.053     4.193716    -0.246603  49  -1   -1.000
2BJD VA84P   V P 17 12 -1 -1 -1   -4.517    -4.053562      0.215      0.463     4.193716     0.140154  49  -1   -1.000
2BJD YA86E   Y E 19  3 -1 -1 -1   -2.103    -2.889619      0.619      0.787     3.076562     0.186943  52  -1   -1.000
2C9Q YA79F   Y F 19  4 -1 -1 -1   -0.012    -0.927881      0.839      0.916     4.419445     3.491564  63  -1   -1.000
2C9Q YA79W   Y W 19 18 -1 -1 -1   -1.233    -1.987767      0.570      0.755     4.419445     2.431677  63  -1   -1.000
2CLR HB13F   H F  6  4 -1 -1 -1    0.120    -0.918125      1.078      1.038     1.175614     0.257489  60  -1   -1.000
2CLR HB31F   H F  6  4 -1 -1 -1    2.605     0.733704      3.502      1.871     1.444977     2.178682  65  -1   -1.000
2CLR HB51F   H F  6  4 -1 -1 -1   -1.912     1.350273     10.642      3.262     1.012631     2.362904  74  -1   -1.000
2CLR HB84A   H A  6  0 -1 -1 -1   -2.629    -0.833486      3.224      1.796     1.727695     0.894209  50  -1   -1.000
2DVV QA443H  Q H 13  6 -1 -1 -1    0.890    -0.697056      2.519      1.587     1.564807     0.867751  63  -1   -1.000
2DVV RA419W  R W 14 18 -1 -1 -1   -0.020    -0.037444      0.000      0.017     1.986980     1.949536  67  -1   -1.000
2H3F EA12A   E A  3  0 -1 -1 -1    1.070     0.518564      0.304      0.551     0.353777     0.872341  49  -1   -1.000
2HBB AA22G   A G  0  5 -1 -1 -1   -0.320    -0.412917      0.009      0.093     0.350536    -0.062381  32  -1   -1.000
2HBB AA26G   A G  0  5 -1 -1 -1   -1.790    -1.100170      0.476      0.690     1.196162     0.095992  40  -1   -1.000
2HBB AA36G   A G  0  5 -1 -1 -1   -1.550    -1.208927      0.116      0.341     1.456923     0.247996  49  -1   -1.000
2HBB AA39G   A G  0  5 -1 -1 -1   -1.590    -0.893216      0.486      0.697     1.273707     0.380491  44  -1   -1.000
2HBB AA42G   A G  0  5 -1 -1 -1   -0.330    -0.610325      0.079      0.280     0.841519     0.231194  23  -1   -1.000
2HBB AA46G   A G  0  5 -1 -1 -1   -0.550    -0.707808      0.025      0.158     0.811394     0.103586  24  -1   -1.000
2HBB AA49G   A G  0  5 -1 -1 -1   -0.220    -0.591760      0.138      0.372     0.618941     0.027180  18  -1   -1.000
2HBB DA23A   D A  2  0 -1 -1 -1   -0.030     0.306128      0.113      0.336     0.366995     0.673123  30  -1   -1.000
2HBB DA23N   D N  2 11 -1 -1 -1   -0.790    -0.043427      0.557      0.747     0.366995     0.323568  30  -1   -1.000
2HBB DA8A    D A  2  0 -1 -1 -1   -1.300     0.161322      2.135      1.461     0.671627     0.832949  31  -1   -1.000
2HBB DA8N    D N  2 11 -1 -1 -1   -0.380     0.110175      0.240      0.490     0.671627     0.781802  31  -1   -1.000
2HBB EA17A   E A  3  0 -1 -1 -1   -1.690     0.171613      3.466      1.862     0.729376     0.900988  39  -1   -1.000
2HBB EA17Q   E Q  3 13 -1 -1 -1   -0.330     0.194894      0.276      0.525     0.729376     0.924270  39  -1   -1.000
2HBB EA38A   E A  3  0 -1 -1 -1   -0.410     0.375294      0.617      0.785     0.822544     1.197839  47  -1   -1.000
2HBB EA38Q   E Q  3 13 -1 -1 -1   -0.680     0.097648      0.605      0.778     0.822544     0.920192  47  -1   -1.000
2HBB EA48Q   E Q  3 13 -1 -1 -1    0.070     0.177816      0.012      0.108     0.368340     0.546155  24  -1   -1.000
2HBB FA31A   F A  4  0 -1 -1 -1   -2.840    -0.762595      4.316      2.077     1.508698     0.746102  42  -1   -1.000
2HBB FA5L    F L  4  9 -1 -1 -1   -1.150    -0.122440      1.056      1.028     2.304490     2.182050  50  -1   -1.000
2HBB GA24A   G A  5  0 -1 -1 -1    0.020     0.531599      0.262      0.512     0.348449     0.880048  29  -1   -1.000
2HBB GA34A   G A  5  0 -1 -1 -1   -1.020    -0.907425      0.013      0.113     0.915261     0.007836  42  -1   -1.000
2HBB IA18A   I A  7  0 -1 -1 -1   -2.050    -1.746460      0.092      0.304     2.435059     0.688598  43  -1   -1.000
2HBB IA18V   I V  7 17 -1 -1 -1   -0.070    -0.696397      0.392      0.626     2.435059     1.738662  43  -1   -1.000
2HBB IA37A   I A  7  0 -1 -1 -1   -1.280    -1.581135      0.091      0.301     2.438807     0.857673  48  -1   -1.000
2HBB IA37V   I V  7 17 -1 -1 -1    0.090    -0.269558      0.129      0.360     2.438807     2.169249  48  -1   -1.000
2HBB IA4V    I V  7 17 -1 -1 -1   -0.590    -0.178450      0.169      0.412     2.511620     2.333169  50  -1   -1.000
2HBB KA10E   K E  8  3 -1 -1 -1    0.130    -0.122590      0.064      0.253     0.560209     0.437619  28  -1   -1.000
2HBB KA10M   K M  8 10 -1 -1 -1    0.470    -0.283208      0.567      0.753     0.560209     0.277001  28  -1   -1.000
2HBB KA12A   K A  8  0 -1 -1 -1    0.610     0.524997      0.007      0.085    -0.014589     0.510408  38  -1   -1.000
2HBB KA12G   K G  8  5 -1 -1 -1    0.030     0.055156      0.001      0.025    -0.014589     0.040567  38  -1   -1.000
2HBB KA12M   K M  8 10 -1 -1 -1    1.800     1.068667      0.535      0.731    -0.014589     1.054078  38  -1   -1.000
2HBB KA14A   K A  8  0 -1 -1 -1   -0.730    -0.662298      0.005      0.068     0.993876     0.331578  34  -1   -1.000
2HBB KA14G   K G  8  5 -1 -1 -1   -1.300    -0.745011      0.308      0.555     0.993876     0.248865  34  -1   -1.000
2HBB KA14M   K M  8 10 -1 -1 -1   -0.340    -1.999492      2.754      1.659     0.993876    -1.005616  34  -1   -1.000
2HBB KA15G   K G  8  5 -1 -1 -1   -1.740    -0.310301      2.044      1.430     0.508129     0.197828  36  -1   -1.000
2HBB KA15M   K M  8 10 -1 -1 -1   -0.440    -0.488407      0.002      0.048     0.508129     0.019723  36  -1   -1.000
2HBB KA7M    K M  8 10 -1 -1 -1    0.210     0.161111      0.002      0.049     1.079574     1.240684  40  -1   -1.000
2HBB LA30A   L A  9  0 -1 -1 -1   -2.760    -1.434343      1.757      1.326     2.389273     0.954931  40  -1   -1.000
2HBB LA35A   L A  9  0 -1 -1 -1   -1.210    -0.742414      0.219      0.468     2.029824     1.287410  45  -1   -1.000
2HBB LA44A   L A  9  0 -1 -1 -1   -1.730    -0.785574      0.892      0.944     1.728493     0.942918  31  -1   -1.000
2HBB LA47A   L A  9  0 -1 -1 -1   -0.840    -0.836765      0.000      0.003     1.651201     0.814435  30  -1   -1.000
2HBB LA6A    L A  9  0 -1 -1 -1   -3.100    -1.742851      1.842      1.357     2.536446     0.793595  47  -1   -1.000
2HBB MA1A    M A 10  0 -1 -1 -1   -1.460    -0.381374      1.163      1.079     1.203077     0.821703  35  -1   -1.000
2HBB TA40S   T S 16 15 -1 -1 -1   -0.800     0.244924      1.092      1.045     0.668706     0.913630  33  -1   -1.000
2HBB VA21A   V A 17  0 -1 -1 -1   -2.330    -1.476342      0.729      0.854     2.332381     0.856039  39  -1   -1.000
2HBB VA3A    V A 17  0 -1 -1 -1   -2.550    -1.455796      1.197      1.094     2.542629     1.086832  47  -1   -1.000
2HBB VA9A    V A 17  0 -1 -1 -1   -1.810    -1.288965      0.271      0.521     1.826706     0.537741  36  -1   -1.000
2JIE CA170A  C A  1  0 -1 -1 -1    2.997    -1.849867     23.492      4.847     2.236108     0.386241  90  -1   -1.000
2JIE CA170Q  C Q  1 13 -1 -1 -1    2.581    -2.100634     21.918      4.682     2.236108     0.135474  90  -1   -1.000
2JIE EA157D  E D  3  2 -1 -1 -1   -2.075     0.225334      5.292      2.300     0.659526     0.884861  48  -1   -1.000
2JIE EA167A  E A  3  0 -1 -1 -1    4.247    -1.184433     29.500      5.431     1.965220     0.780787 104  -1   -1.000
2JIE EA225A  E A  3  0 -1 -1 -1   -4.360     0.062928     19.562      4.423     0.916646     0.979574  84  -1   -1.000
2JIE EA225H  E H  3  6 -1 -1 -1   -1.515    -0.602924      0.832      0.912     0.916646     0.313722  84  -1   -1.000
2JIE EA409A  E A  3  0 -1 -1 -1    0.825    -1.248799      4.301      2.074     1.499651     0.250852  89  -1   -1.000
2JIE EA409D  E D  3  2 -1 -1 -1   -0.909    -1.534298      0.391      0.625     1.499651    -0.034646  89  -1   -1.000
2JIE EA426S  E S  3 15 -1 -1 -1    0.870     0.013748      0.733      0.856     0.480130     0.493878  37  -1   -1.000
2JIE FA418A  F A  4  0 -1 -1 -1   -0.165    -6.387378     38.718      6.222     6.269207    -0.118172  93  -1   -1.000
2JIE HA104R  H R  6 14 -1 -1 -1    1.536     0.735798      0.640      0.800     0.949784     1.685582  54  -1   -1.000
2JIE IA247E  I E  7  3 -1 -1 -1    1.241    -1.430313      7.136      2.671     1.982598     0.552285  93  -1   -1.000
2JIE IA247N  I N  7 11 -1 -1 -1    0.974    -0.841438      3.296      1.815     1.982598     1.141160  93  -1   -1.000
2JIE LA174A  L A  9  0 -1 -1 -1   -0.790    -1.072730      0.080      0.283     2.103506     1.030775  74  -1   -1.000
2JIE LA174R  L R  9 14 -1 -1 -1    0.336    -1.152267      2.215      1.488     2.103506     0.951239  74  -1   -1.000
2JIE MA224A  M A 10  0 -1 -1 -1   -4.098    -1.636731      6.058      2.461     3.693259     2.056528  91  -1   -1.000
2JIE MA326A  M A 10  0 -1 -1 -1   -1.298    -1.242953      0.003      0.055     1.867562     0.624609  54  -1   -1.000
2JIE NA166A  N A 11  0 -1 -1 -1   -3.397    -1.657074      3.027      1.740     2.832551     1.175477 103  -1   -1.000
2JIE NA166C  N C 11  1 -1 -1 -1   -2.964    -2.231166      0.537      0.733     2.832551     0.601385 103  -1   -1.000
2JIE NA223A  N A 11  0 -1 -1 -1   -0.671    -1.069047      0.158      0.398     1.983835     0.914788  95  -1   -1.000
2JIE NA223G  N G 11  5 -1 -1 -1    3.462    -1.609767     25.723      5.072     1.983835     0.374067  95  -1   -1.000
2JIE NA223H  N H 11  6 -1 -1 -1    2.583    -0.536345      9.730      3.119     1.983835     1.447490  95  -1   -1.000
2JIE NA223R  N R 11 14 -1 -1 -1    3.976    -0.554192     20.523      4.530     1.983835     1.429642  95  -1   -1.000
2JIE NA223Y  N Y 11 19 -1 -1 -1    5.730    -0.830080     43.035      6.560     1.983835     1.153755  95  -1   -1.000
2JIE NA296A  N A 11  0 -1 -1 -1   -2.250    -1.415522      0.696      0.834     2.656694     1.241172 104  -1   -1.000
2JIE NA296C  N C 11  1 -1 -1 -1   -0.017    -1.427567      1.990      1.411     2.656694     1.229127 104  -1   -1.000
2JIE NA407A  N A 11  0 -1 -1 -1    0.464    -2.151696      6.842      2.616     2.558959     0.407264  88  -1   -1.000
2JIE NA407C  N C 11  1 -1 -1 -1    0.143    -2.222324      5.595      2.365     2.558959     0.336635  88  -1   -1.000
2JIE QA22S   Q S 13 15 -1 -1 -1   -0.209    -2.939951      7.458      2.731     3.250698     0.310747 103  -1   -1.000
2JIE RA243A  R A 14  0 -1 -1 -1   -0.166     0.363330      0.280      0.529     1.408073     1.771403  77  -1   -1.000
2JIE RA243D  R D 14  2 -1 -1 -1    0.213    -0.902348      1.244      1.115     1.408073     0.505725  77  -1   -1.000
2JIE RA243K  R K 14  8 -1 -1 -1   -1.463    -0.268495      1.427      1.195     1.408073     1.139578  77  -1   -1.000
2JIE SA17A   S A 15  0 -1 -1 -1   -1.246     1.424598      7.132      2.671     1.260529     2.685128 108  -1   -1.000
2JIE SA19A   S A 15  0 -1 -1 -1    0.951     0.815391      0.018      0.136     1.403319     2.218710 108  -1   -1.000
2JIE SA334A  S A 15  0 -1 -1 -1   -1.454     0.912772      5.602      2.367     0.638052     1.550824  69  -1   -1.000
2JIE SA403A  S A 15  0 -1 -1 -1    0.920    -0.825940      3.048      1.746     1.406683     0.580743 113  -1   -1.000
2JIE TA18A   T A 16  0 -1 -1 -1   -0.994    -1.464049      0.221      0.470     2.168535     0.704486 107  -1   -1.000
2JIE TA221A  T A 16  0 -1 -1 -1    3.189    -0.276888     12.012      3.466     1.780171     1.503284 103  -1   -1.000
2JIE TA355A  T A 16  0 -1 -1 -1   -2.961    -1.497189      2.143      1.464     2.621132     1.123942  96  -1   -1.000
2JIE WA123F  W F 18  4 -1 -1 -1    2.190    -3.554968     33.005      5.745     6.580778     3.025810 112  -1   -1.000
2JIE WA123H  W H 18  6 -1 -1 -1    1.060    -5.526578     43.383      6.587     6.580778     1.054200 112  -1   -1.000
2JIE WA328A  W A 18  0 -1 -1 -1   -1.159    -2.157321      0.997      0.998     2.401310     0.243989  58  -1   -1.000
2JIE WA328C  W C 18  1 -1 -1 -1   -2.664    -1.901767      0.581      0.762     2.401310     0.499543  58  -1   -1.000
2JIE WA328H  W H 18  6 -1 -1 -1   -2.573    -1.906779      0.444      0.666     2.401310     0.494531  58  -1   -1.000
2JIE WA328R  W R 18 14 -1 -1 -1   -0.950    -1.904043      0.910      0.954     2.401310     0.497267  58  -1   -1.000
2JIE WA402C  W C 18  1 -1 -1 -1   -0.360    -3.635277     10.727      3.275     4.201210     0.565933 106  -1   -1.000
2JIE WA402R  W R 18 14 -1 -1 -1    2.615    -3.729126     40.248      6.344     4.201210     0.472084 106  -1   -1.000
2JIE WA412Y  W Y 18 19 -1 -1 -1    0.599    -0.420841      1.040      1.020     1.829982     1.409141  65  -1   -1.000
2JIE YA21A   Y A 19  0 -1 -1 -1   -3.443    -6.360934      8.514      2.918     6.733672     0.372738  95  -1   -1.000
2JIE YA297A  Y A 19  0 -1 -1 -1    1.072    -3.093500     17.351      4.166     3.940243     0.846743  91  -1   -1.000
2JIE YA297F  Y F 19  4 -1 -1 -1   -1.853    -0.951831      0.812      0.901     3.940243     2.988412  91  -1   -1.000
2JUC CA57D   C D  1  2 -1 -1 -1   -2.540    -0.320733      4.925      2.219     0.313280    -0.007453  38  -1   -1.000
2JUC CA57S   C S  1 15 -1 -1 -1   -0.710    -0.139834      0.325      0.570     0.313280     0.173446  38  -1   -1.000
2JUC RA18A   R A 14  0 -1 -1 -1   -1.750    -0.028072      2.965      1.722     1.143963     1.115891  42  -1   -1.000
2KJ3 DA288A  D A  2  0 -1 -1 -1    1.200    -0.321898      2.316      1.522     0.314070    -0.007828  64  -1   -1.000
2KJ3 EA272A  E A  3  0 -1 -1 -1    1.900    -0.375072      5.176      2.275     0.597525     0.222453  42  -1   -1.000
2KJ3 GA278A  G A  5  0 -1 -1 -1   -0.800    -0.817884      0.000      0.018     1.069854     0.251970  78  -1   -1.000
2KJ3 KA229A  K A  8  0 -1 -1 -1    1.500     0.304074      1.430      1.196     0.478548     0.782623  42  -1   -1.000
2KJ3 LA241A  L A  9  0 -1 -1 -1    1.000    -0.785035      3.186      1.785     1.819564     1.034529  59  -1   -1.000
2KJ3 SA273A  S A 15  0 -1 -1 -1    1.400     0.621075      0.607      0.779     0.511415     1.132490  56  -1   -1.000
2KJ3 VA239A  V A 17  0 -1 -1 -1    1.000    -2.634069     13.206      3.634     3.392566     0.758496  66  -1   -1.000
2KJ3 VA264A  V A 17  0 -1 -1 -1    1.000    -1.587061      6.693      2.587     2.729151     1.142090  61  -1   -1.000
2KJ3 VA267A  V A 17  0 -1 -1 -1    0.200    -1.791579      3.966      1.992     3.012854     1.221275  66  -1   -1.000
2KS4 DA9A    D A  2  0 -1 -1 -1    1.260    -0.464021      2.972      1.724     0.559513     0.095492  41  -1   -1.000
2KS4 EA2A    E A  3  0 -1 -1 -1   -0.230    -0.069624      0.026      0.160     0.221890     0.152266  47  -1   -1.000
2LTB LA558P  L P  9 12 -1 -1 -1   -1.570    -1.774623      0.042      0.205     1.448098    -0.326524  44  -1   -1.000
2LTB LA569R  L R  9 14 -1 -1 -1   -3.110    -1.852852      1.580      1.257     3.042864     1.190013  76  -1   -1.000
2LTB MA619K  M K 10  8 -1 -1 -1   -3.340    -0.353224      8.921      2.987     1.235247     0.882024  51  -1   -1.000
2LTB RA533Q  R Q 14 13 -1 -1 -1   -1.100    -0.361293      0.546      0.739     1.059280     0.697987  38  -1   -1.000
2LTB RA555Q  R Q 14 13 -1 -1 -1   -0.360    -0.280531      0.006      0.079     0.512715     0.232185  41  -1   -1.000
2LTB RA555W  R W 14 18 -1 -1 -1    1.790     0.841335      0.900      0.949     0.512715     1.354050  41  -1   -1.000
2M5S DA302A  D A  2  0 -1 -1 -1   -4.000    -0.110307     15.130      3.890     0.826776     0.716469  32  -1   -1.000
2M5S HA305A  H A  6  0 -1 -1 -1   -2.000    -0.122679      3.524      1.877     0.531568     0.408889  58  -1   -1.000
2MPC AA89T   A T  0 16 -1 -1 -1   -0.240    -0.897332      0.432      0.657     1.277248     0.379916  42  -1   -1.000
2MPC RA42A   R A 14  0 -1 -1 -1    0.620    -0.219501      0.705      0.840     1.167843     0.948341  39  -1   -1.000
2MPC RA42W   R W 14 18 -1 -1 -1    2.080    -0.206868      5.230      2.287     1.167843     0.960974  39  -1   -1.000
2N7Z PA88A   P A 12  0 -1 -1 -1   -0.600    -0.271045      0.108      0.329     1.345626     1.074581  55  -1   -1.000
2NTE IA738V  I V  7 17 -1 -1 -1   -2.000    -0.318480      2.828      1.682     3.702407     3.383927  73  -1   -1.000
2NTE RA658C  R C 14  1 -1 -1 -1   -2.300    -0.882960      2.008      1.417     1.302673     0.419713  61  -1   -1.000
2OUO AA420D  A D  0  2 -1 -1 -1    0.440    -0.807557      1.556      1.248     1.580392     0.772835  57  -1   -1.000
2PR5 AA33Y   A Y  0 19 -1 -1 -1    0.500    -0.623415      1.262      1.123     0.833173     0.209758  39  -1   -1.000
2PR5 AA81M   A M  0 10 -1 -1 -1   -0.400     0.187720      0.345      0.588     1.391119     1.578838  45  -1   -1.000
2PR5 DA109E  D E  2  3 -1 -1 -1    0.300     0.075135      0.051      0.225     0.556415     0.631550  78  -1   -1.000
2PR5 HA22K   H K  6  8 -1 -1 -1    0.300     0.186212      0.013      0.114     0.201060     0.387273  53  -1   -1.000
2PR5 HA22W   H W  6 18 -1 -1 -1    1.200    -0.720606      3.689      1.921     0.201060    -0.519546  53  -1   -1.000
2PR5 MA111F  M F 10  4 -1 -1 -1    2.900     0.409314      6.204      2.491     2.102808     2.512121  68  -1   -1.000
2PR5 NA107F  N F 11  4 -1 -1 -1    0.900     1.979563      1.165      1.080     0.634228     2.613791  85  -1   -1.000
2PR5 NA107Y  N Y 11 19 -1 -1 -1    0.800     2.615837      3.297      1.816     0.634228     3.250065  85  -1   -1.000
2PR5 NA124F  N F 11  4 -1 -1 -1    1.100     2.463537      1.859      1.364     0.871016     3.334553  77  -1   -1.000
2PR5 NA124Y  N Y 11 19 -1 -1 -1    2.600     1.827665      0.597      0.772     0.871016     2.698680  77  -1   -1.000
2PR5 TA30M   T M 16 10 -1 -1 -1    0.500     0.598605      0.010      0.099     1.546333     2.144938  77  -1   -1.000
2PR5 TA50M   T M 16 10 -1 -1 -1   -0.500     0.991546      2.225      1.492     1.218671     2.210217  61  -1   -1.000
2PR5 TA54Y   T Y 16 19 -1 -1 -1    0.200     1.075527      0.767      0.876     0.521393     1.596920  46  -1   -1.000
2PR5 VA120I  V I 17  7 -1 -1 -1    1.400     0.138889      1.590      1.261     4.853605     4.992494  94  -1   -1.000
2PR5 VA25I   V I 17  7 -1 -1 -1    0.400    -0.936974      1.787      1.337     3.147655     2.210681  84  -1   -1.000
2PR5 VA88L   V L 17  9 -1 -1 -1   -0.200    -0.805019      0.366      0.605     2.615158     1.810139  56  -1   -1.000
2PR5 VA90I   V I 17  7 -1 -1 -1   -0.700    -0.443635      0.066      0.256     2.890259     2.446623  63  -1   -1.000
2PTL AA22G   A G  0  5 -1 -1 -1   -2.430    -1.313780      1.246      1.116     1.664345     0.350566  52  -1   -1.000
2PTL AA27P   A P  0 12 -1 -1 -1    0.100     0.238400      0.019      0.138     0.680559     0.918960  28  -1   -1.000
2PTL AA27V   A V  0 17 -1 -1 -1   -0.830    -0.547035      0.080      0.283     0.680559     0.133525  28  -1   -1.000
2PTL AA34G   A G  0  5 -1 -1 -1   -2.170    -0.459986      2.924      1.710     0.654371     0.194385  49  -1   -1.000
2PTL AA34V   A V  0 17 -1 -1 -1    1.470     1.698644      0.052      0.229     0.654371     2.353014  49  -1   -1.000
2PTL AA43G   A G  0  5 -1 -1 -1   -2.540    -0.812685      2.984      1.727     1.100588     0.287902  42  -1   -1.000
2PTL AA47G   A G  0  5 -1 -1 -1   -3.100    -1.311637      3.198      1.788     1.396513     0.084876  50  -1   -1.000
2PTL AA49G   A G  0  5 -1 -1 -1   -1.320    -0.710378      0.372      0.610     0.754782     0.044404  44  -1   -1.000
2PTL AA51G   A G  0  5 -1 -1 -1   -3.120    -1.353490      3.121      1.767     1.590702     0.237213  49  -1   -1.000
2PTL AA66G   A G  0  5 -1 -1 -1   -0.490    -0.609338      0.014      0.119     0.438066    -0.171271  34  -1   -1.000
2PTL DA52A   D A  2  0 -1 -1 -1   -1.210     0.764647      3.899      1.975     0.471143     1.235790  41  -1   -1.000
2PTL DA52G   D G  2  5 -1 -1 -1   -2.140    -0.390083      3.062      1.750     0.471143     0.081060  41  -1   -1.000
2PTL DA64A   D A  2  0 -1 -1 -1   -0.200     0.044839      0.060      0.245     0.334221     0.379060  42  -1   -1.000
2PTL EA35A   E A  3  0 -1 -1 -1   -0.590     0.333382      0.853      0.923     0.375397     0.708779  47  -1   -1.000
2PTL EA46G   E G  3  5 -1 -1 -1   -1.190    -0.509910      0.463      0.680     0.636238     0.126328  40  -1   -1.000
2PTL EA46I   E I  3  7 -1 -1 -1   -1.080     0.735631      3.297      1.816     0.636238     1.371868  40  -1   -1.000
2PTL EA60A   E A  3  0 -1 -1 -1   -0.230    -0.296367      0.004      0.066     0.376581     0.080214  37  -1   -1.000
2PTL FA26A   F A  4  0 -1 -1 -1   -3.120    -1.355824      3.112      1.764     1.772817     0.416993  36  -1   -1.000
2PTL FA26L   F L  4  9 -1 -1 -1   -0.680    -0.610757      0.005      0.069     1.772817     1.162060  36  -1   -1.000
2PTL FA36A   F A  4  0 -1 -1 -1   -4.150    -0.170706     15.835      3.979     1.120780     0.950074  44  -1   -1.000
2PTL FA36L   F L  4  9 -1 -1 -1   -3.120    -0.415963      7.312      2.704     1.120780     0.704817  44  -1   -1.000
2PTL FA40G   F G  4  5 -1 -1 -1   -3.080     0.410239     12.182      3.490     0.059014     0.469252  34  -1   -1.000
2PTL FA40L   F L  4  9 -1 -1 -1   -0.380    -0.615284      0.055      0.235     0.059014    -0.556270  34  -1   -1.000
2PTL FA76L   F L  4  9 -1 -1 -1   -3.340    -0.681879      7.066      2.658     1.936771     1.254891  39  -1   -1.000
2PTL FA76V   F V  4 17 -1 -1 -1   -3.730    -0.304489     11.734      3.426     1.936771     1.632282  39  -1   -1.000
2PTL GA29A   G A  5  0 -1 -1 -1   -1.520    -0.940294      0.336      0.580     0.580346    -0.359948  24  -1   -1.000
2PTL GA29V   G V  5 17 -1 -1 -1   -2.530    -1.470715      1.122      1.059     0.580346    -0.890369  24  -1   -1.000
2PTL GA38A   G A  5  0 -1 -1 -1   -2.080    -0.550838      2.338      1.529     0.812698     0.261860  31  -1   -1.000
2PTL GA59A   G A  5  0 -1 -1 -1   -2.230    -0.367758      3.468      1.862     0.380116     0.012358  31  -1   -1.000
2PTL GA69A   G A  5  0 -1 -1 -1   -2.040    -0.740589      1.688      1.299     0.526403    -0.214187  35  -1   -1.000
2PTL IA20A   I A  7  0 -1 -1 -1   -4.900    -1.286916     13.054      3.613     2.049845     0.762928  43  -1   -1.000
2PTL IA20V   I V  7 17 -1 -1 -1   -0.560     0.219561      0.608      0.780     2.049845     2.269406  43  -1   -1.000
2PTL IA25A   I A  7  0 -1 -1 -1   -1.370    -0.807891      0.316      0.562     1.487857     0.679966  42  -1   -1.000
2PTL IA25V   I V  7 17 -1 -1 -1   -0.470    -0.172925      0.088      0.297     1.487857     1.314932  42  -1   -1.000
2PTL IA74A   I A  7  0 -1 -1 -1   -4.720    -3.239208      2.193      1.481     3.671168     0.431960  53  -1   -1.000
2PTL IA74V   I V  7 17 -1 -1 -1   -1.690    -0.107276      2.505      1.583     3.671168     3.563892  53  -1   -1.000
2PTL KA21A   K A  8  0 -1 -1 -1   -0.920    -0.021321      0.808      0.899     0.993845     0.972524  49  -1   -1.000
2PTL KA37A   K A  8  0 -1 -1 -1   -0.880     0.468573      1.819      1.349    -0.006749     0.461824  37  -1   -1.000
2PTL KA42G   K G  8  5 -1 -1 -1    0.160    -0.302359      0.214      0.462     0.489411     0.187052  33  -1   -1.000
2PTL KA55A   K A  8  0 -1 -1 -1    0.580     0.282179      0.089      0.298     0.232198     0.514377  37  -1   -1.000
2PTL KA56A   K A  8  0 -1 -1 -1    0.350    -0.001780      0.124      0.352     0.363790     0.362010  29  -1   -1.000
2PTL KA68A   K A  8  0 -1 -1 -1   -0.090    -0.036046      0.003      0.054    -0.136436    -0.172482  28  -1   -1.000
2PTL KA75A   K A  8  0 -1 -1 -1   -0.450     0.091411      0.293      0.541     0.496223     0.587635  46  -1   -1.000
2PTL LA24A   L A  9  0 -1 -1 -1   -3.120    -0.960798      4.662      2.159     1.977690     1.016892  49  -1   -1.000
2PTL LA54A   L A  9  0 -1 -1 -1   -2.440    -0.665621      3.148      1.774     1.263639     0.598018  41  -1   -1.000
2PTL LA72A   L A  9  0 -1 -1 -1   -3.770    -0.622698      9.906      3.147     1.515582     0.892884  50  -1   -1.000
2PTL NA23A   N A 11  0 -1 -1 -1   -1.870    -0.221814      2.717      1.648     0.917768     0.695954  54  -1   -1.000
2PTL NA28A   N A 11  0 -1 -1 -1   -1.780    -0.332147      2.096      1.448     0.472788     0.140640  25  -1   -1.000
2PTL NA58A   N A 11  0 -1 -1 -1   -0.340     0.079733      0.176      0.420    -0.597232    -0.517499  31  -1   -1.000
2PTL NA73A   N A 11  0 -1 -1 -1   -1.730    -0.006442      2.971      1.724     0.692978     0.686536  52  -1   -1.000
2PTL SA30A   S A 15  0 -1 -1 -1   -0.300     0.160786      0.212      0.461     0.395813     0.556598  28  -1   -1.000
2PTL SA45A   S A 15  0 -1 -1 -1    0.410     0.537209      0.016      0.127     0.496102     1.033311  44  -1   -1.000
2PTL SA45G   S G 15  5 -1 -1 -1   -0.820    -0.362623      0.209      0.457     0.496102     0.133479  44  -1   -1.000
2PTL TA19A   T A 16  0 -1 -1 -1   -1.630     0.231661      3.466      1.862     0.282752     0.514413  37  -1   -1.000
2PTL TA31A   T A 16  0 -1 -1 -1   -1.170     0.184216      1.834      1.354     0.263809     0.448024  38  -1   -1.000
2PTL TA33A   T A 16  0 -1 -1 -1   -1.110    -0.150600      0.920      0.959     0.673308     0.522708  47  -1   -1.000
2PTL TA39A   T A 16  0 -1 -1 -1   -1.250    -0.278761      0.943      0.971     0.088196    -0.190565  31  -1   -1.000
2PTL TA44A   T A 16  0 -1 -1 -1   -1.090     0.870047      3.842      1.960     0.342333     1.212380  45  -1   -1.000
2PTL TA53G   T G 16  5 -1 -1 -1   -0.170    -0.236348      0.004      0.066     0.296439     0.060091  40  -1   -1.000
2PTL TA62A   T A 16  0 -1 -1 -1   -0.970    -0.003986      0.933      0.966     0.798392     0.794405  44  -1   -1.000
2PTL TA71A   T A 16  0 -1 -1 -1   -1.830    -0.262542      2.457      1.567     0.617363     0.354821  46  -1   -1.000
2PTL VA18A   V A 17  0 -1 -1 -1   -1.220    -0.933601      0.082      0.286     1.523355     0.589754  32  -1   -1.000
2PTL VA63A   V A 17  0 -1 -1 -1   -0.920    -2.030532      1.233      1.111     2.802474     0.771942  49  -1   -1.000
2PTL VA65A   V A 17  0 -1 -1 -1   -1.140    -0.696668      0.197      0.443     1.204987     0.508320  39  -1   -1.000
2PTL YA48A   Y A 19  0 -1 -1 -1   -2.820    -0.241216      6.650      2.579     1.089042     0.847825  51  -1   -1.000
2PTL YA50A   Y A 19  0 -1 -1 -1   -2.460    -1.151264      1.713      1.309     1.942053     0.790789  49  -1   -1.000
2PTL YA70A   Y A 19  0 -1 -1 -1   -1.660     0.163511      3.325      1.824     0.635498     0.799010  42  -1   -1.000
2PTL YA70L   Y L 19  9 -1 -1 -1    0.430    -0.076471      0.257      0.506     0.635498     0.559028  42  -1   -1.000
2RPN EA7L    E L  3  9 -1 -1 -1    1.050     0.746180      0.092      0.304     0.380567     1.126747  40  -1   -1.000
2RPN VA21K   V K 17  8 -1 -1 -1    0.390     0.231731      0.025      0.158     0.636141     0.867872  42  -1   -1.000
2VY0 DA287A  D A  2  0 -1 -1 -1   -5.975    -0.484239     30.148      5.491     1.672212     1.187973  66  -1   -1.000
2VY0 EA53A   E A  3  0 -1 -1 -1   -6.597    -0.424288     38.102      6.173     0.874483     0.450196  61  -1   -1.000
2WQG DA15A   D A  2  0 -1 -1 -1    0.300     0.677855      0.143      0.378     0.577190     1.255045  35  -1   -1.000
2WQG DA38A   D A  2  0 -1 -1 -1    0.100     0.597746      0.248      0.498     0.285363     0.883109  46  -1   -1.000
2WQG DA39A   D A  2  0 -1 -1 -1   -2.200     0.715656      8.501      2.916     0.165861     0.881517  42  -1   -1.000
2WQG DA39N   D N  2 11 -1 -1 -1   -2.600     0.306694      8.449      2.907     0.165861     0.472555  42  -1   -1.000
2WQG EA40Q   E Q  3 13 -1 -1 -1   -0.100     0.186419      0.082      0.286     0.316344     0.502764  32  -1   -1.000
2WQG EA41G   E G  3  5 -1 -1 -1   -0.400    -0.188205      0.045      0.212     0.236125     0.047920  31  -1   -1.000
2WQG IA36A   I A  7  0 -1 -1 -1   -0.900    -0.093317      0.651      0.807     1.100436     1.007119  46  -1   -1.000
2WQG IA36V   I V  7 17 -1 -1 -1   -0.300    -0.094651      0.042      0.205     1.100436     1.005785  46  -1   -1.000
2WQG KA14A   K A  8  0 -1 -1 -1   -0.400     0.628303      1.057      1.028     0.768318     1.396621  36  -1   -1.000
2WQG KA14G   K G  8  5 -1 -1 -1   -1.900    -0.725384      1.380      1.175     0.768318     0.042934  36  -1   -1.000
2WQG KA19A   K A  8  0 -1 -1 -1   -0.300     0.432900      0.537      0.733     0.749461     1.182360  34  -1   -1.000
2WQG KA28A   K A  8  0 -1 -1 -1   -0.600     0.263941      0.746      0.864     0.147550     0.411491  36  -1   -1.000
2WQG LA13A   L A  9  0 -1 -1 -1   -0.500    -0.520962      0.000      0.021     2.326812     1.805851  38  -1   -1.000
2WQG LA16A   L A  9  0 -1 -1 -1   -1.300    -0.344700      0.913      0.955     1.353217     1.008517  39  -1   -1.000
2WQG LA8A    L A  9  0 -1 -1 -1   -2.000    -0.754938      1.550      1.245     1.579677     0.824739  33  -1   -1.000
2WQG QA12A   Q A 13  0 -1 -1 -1   -0.600     0.258676      0.737      0.859     0.815038     1.073714  35  -1   -1.000
2WQG QA12G   Q G 13  5 -1 -1 -1   -2.000    -0.638670      1.853      1.361     0.815038     0.176368  35  -1   -1.000
2WQG QA33A   Q A 13  0 -1 -1 -1    0.100     0.036157      0.004      0.064     0.860940     0.897098  42  -1   -1.000
2WQG RA34A   R A 14  0 -1 -1 -1   -0.800     0.240304      1.082      1.040     0.834101     1.074405  45  -1   -1.000
2WQG SA23A   S A 15  0 -1 -1 -1   -0.600    -0.293849      0.094      0.306     0.526998     0.233149  32  -1   -1.000
2WQG SA6A    S A 15  0 -1 -1 -1    0.100    -0.009872      0.012      0.110     0.250085     0.240213  32  -1   -1.000
2WQG SA6G    S G 15  5 -1 -1 -1   -0.200    -0.154987      0.002      0.045     0.250085     0.095098  32  -1   -1.000
2WQG TA9S    T S 16 15 -1 -1 -1    0.100     0.189359      0.008      0.089     0.754863     0.944223  30  -1   -1.000
2WQG VA10A   V A 17  0 -1 -1 -1   -0.100     0.250584      0.123      0.351     0.695037     0.945621  32  -1   -1.000
2WQG VA10G   V G 17  5 -1 -1 -1   -0.700    -0.572710      0.016      0.127     0.695037     0.122327  32  -1   -1.000
2WQG VA11A   V A 17  0 -1 -1 -1    0.400     0.142284      0.066      0.258     0.855023     0.997307  32  -1   -1.000
2WQG VA11G   V G 17  5 -1 -1 -1    0.100    -0.558285      0.433      0.658     0.855023     0.296739  32  -1   -1.000
2WQG VA24A   V A 17  0 -1 -1 -1   -0.500    -0.830395      0.109      0.330     0.525836    -0.304559  33  -1   -1.000
2WQG YA5F    Y F 19  4 -1 -1 -1   -2.400     0.416429      7.932      2.816     0.700535     1.116964  38  -1   -1.000
2ZTA EA11Q   E Q  3 13 -1 -1 -1   -0.740     0.206861      0.897      0.947     0.590251     0.797112  35  -1   -1.000
2ZTA EA20Q   E Q  3 13 -1 -1 -1    0.200     0.268083      0.005      0.068     0.733085     1.001168  37  -1   -1.000
2ZTA EA22Q   E Q  3 13 -1 -1 -1   -1.830     0.354028      4.770      2.184     0.590890     0.944917  36  -1   -1.000
2ZTA KA15A   K A  8  0 -1 -1 -1   -0.410     0.717785      1.272      1.128     0.678184     1.395968  37  -1   -1.000
2ZTA KA27A   K A  8  0 -1 -1 -1   -0.910     0.409692      1.742      1.320     0.613213     1.022905  28  -1   -1.000
2ZTA KA28A   K A  8  0 -1 -1 -1   -0.060     0.224279      0.081      0.284     0.584510     0.808788  23  -1   -1.000
2ZTA KA8A    K A  8  0 -1 -1 -1   -0.390     0.705226      1.200      1.095     0.590592     1.295818  34  -1   -1.000
2ZTA RA25A   R A 14  0 -1 -1 -1   -1.660     0.116633      3.156      1.777     0.871484     0.988117  29  -1   -1.000
3BCI EA96Q   E Q  3 13 -1 -1 -1    1.369    -0.836654      4.865      2.206     0.352705    -0.483949  40  -1   -1.000
3BCI TA153V  T V 16 17 -1 -1 -1   -1.137     1.294482      5.912      2.431     1.128001     2.422483  60  -1   -1.000
3BN0 IA20V   I V  7 17 -1 -1 -1   -1.506    -0.668200      0.702      0.838     4.833437     4.165238  65  -1   -1.000
3C2I DA156E  D E  2  3 -1 -1 -1    0.880    -0.129800      1.020      1.010     0.520600     0.390801  46  -1   -1.000
3C2I FA155S  F S  4 15 -1 -1 -1    0.430    -2.244713      7.154      2.675     2.470389     0.225676  51  -1   -1.000
3C2I LA100V  L V  9 17 -1 -1 -1    1.110    -0.504961      2.608      1.615     1.933565     1.428604  43  -1   -1.000
3C2I PA152R  P R 12 14 -1 -1 -1    1.460    -0.868387      5.421      2.328     1.197406     0.329019  45  -1   -1.000
3C2I RA106Q  R Q 14 13 -1 -1 -1    0.120    -0.638100      0.575      0.758     1.369966     0.731867  50  -1   -1.000
3C2I RA106W  R W 14 18 -1 -1 -1    0.040     0.506743      0.218      0.467     1.369966     1.876709  50  -1   -1.000
3C2I RA111G  R G 14  5 -1 -1 -1   -0.430    -0.565648      0.018      0.136     0.518846    -0.046801  24  -1   -1.000
3C2I RA133C  R C 14  1 -1 -1 -1    0.370    -1.252728      2.633      1.623     1.447467     0.194739  48  -1   -1.000
3C2I RA133H  R H 14  6 -1 -1 -1    0.240    -0.507983      0.559      0.748     1.447467     0.939485  48  -1   -1.000
3C2I SA134C  S C 15  1 -1 -1 -1    1.050    -0.646465      2.878      1.696     1.187481     0.541016  45  -1   -1.000
3C2I TA158A  T A 16  0 -1 -1 -1    0.470    -0.026712      0.247      0.497     0.689386     0.662673  44  -1   -1.000
3C2I TA158M  T M 16 10 -1 -1 -1    0.250    -1.992357      5.028      2.242     0.689386    -1.302971  44  -1   -1.000
3D2A MA134E  M E 10  3 -1 -1 -1    3.020    -0.420405     11.836      3.440     0.561918     0.141512  35  -1   -1.000
3D2A MA137P  M P 10 12 -1 -1 -1    3.340     0.425637      8.494      2.914     0.682750     1.108386  49  -1   -1.000
3D2A SA163P  S P 15 12 -1 -1 -1    2.110     0.486522      2.636      1.623     0.729320     1.215842  47  -1   -1.000
3D3B DA118A  D A  2  0 -1 -1 -1   -0.650    -0.530687      0.014      0.119     0.612063     0.081376  38  -1   -1.000
3D3B DA118E  D E  2  3 -1 -1 -1   -0.600    -0.057860      0.294      0.542     0.612063     0.554202  38  -1   -1.000
3D3B DA118K  D K  2  8 -1 -1 -1   -1.600    -0.316512      1.647      1.283     0.612063     0.295551  38  -1   -1.000
3D3B DA118N  D N  2 11 -1 -1 -1   -1.340    -0.205409      1.287      1.135     0.612063     0.406653  38  -1   -1.000
3D3B DA118R  D R  2 14 -1 -1 -1   -1.410    -0.431365      0.958      0.979     0.612063     0.180698  38  -1   -1.000
3DV0 AI131G  A G  0  5 -1 -1 -1   -1.700    -0.701030      0.998      0.999     0.937117     0.236088  37  -1   -1.000
3DV0 AI139G  A G  0  5 -1 -1 -1   -2.300    -1.271144      1.059      1.029     1.194463    -0.076681  37  -1   -1.000
3DV0 AI165G  A G  0  5 -1 -1 -1   -0.900    -0.750040      0.022      0.150     0.812628     0.062587  32  -1   -1.000
3DV0 AI168G  A G  0  5 -1 -1 -1   -0.300    -0.468994      0.029      0.169     0.487446     0.018452  25  -1   -1.000
3DV0 DI145A  D A  2  0 -1 -1 -1   -2.100    -0.214714      3.554      1.885     0.768241     0.553527  35  -1   -1.000
3DV0 DI145N  D N  2 11 -1 -1 -1   -0.900     0.199976      1.210      1.100     0.768241     0.968217  35  -1   -1.000
3DV0 DI162N  D N  2 11 -1 -1 -1   -2.000    -0.241315      3.093      1.759     0.704840     0.463525  39  -1   -1.000
3DV0 DI164A  D A  2  0 -1 -1 -1   -2.300     0.492946      7.801      2.793     0.360873     0.853819  35  -1   -1.000
3DV0 DI164G  D G  2  5 -1 -1 -1   -3.700    -0.282985     11.676      3.417     0.360873     0.077888  35  -1   -1.000
3DV0 DI164N  D N  2 11 -1 -1 -1   -1.900     0.048130      3.795      1.948     0.360873     0.409003  35  -1   -1.000
3DV0 EI141A  E A  3  0 -1 -1 -1   -0.700     0.273673      0.948      0.974     0.565157     0.838830  29  -1   -1.000
3DV0 EI141Q  E Q  3 13 -1 -1 -1   -0.400     0.154293      0.307      0.554     0.565157     0.719450  29  -1   -1.000
3DV0 II130A  I A  7  0 -1 -1 -1   -0.700    -0.402323      0.089      0.298     0.996350     0.594027  31  -1   -1.000
3DV0 II130G  I G  7  5 -1 -1 -1   -1.400    -0.798253      0.362      0.602     0.996350     0.198097  31  -1   -1.000
3DV0 II130V  I V  7 17 -1 -1 -1   -0.200     0.068152      0.072      0.268     0.996350     1.064502  31  -1   -1.000
3DV0 II146A  I A  7  0 -1 -1 -1   -2.700    -1.043671      2.743      1.656     2.298544     1.254873  39  -1   -1.000
3DV0 II146V  I V  7 17 -1 -1 -1   -1.200    -0.245722      0.911      0.954     2.298544     2.052822  39  -1   -1.000
3DV0 II163V  I V  7 17 -1 -1 -1   -0.500    -0.273623      0.051      0.226     2.868763     2.595140  38  -1   -1.000
3DV0 LI159A  L A  9  0 -1 -1 -1   -2.000    -0.293652      2.912      1.706     0.836352     0.542700  40  -1   -1.000
3DV0 LI159G  L G  9  5 -1 -1 -1   -1.900    -0.531352      1.873      1.369     0.836352     0.305000  40  -1   -1.000
3DV0 LI159V  L V  9 17 -1 -1 -1   -0.600    -0.172485      0.183      0.428     0.836352     0.663866  40  -1   -1.000
3DV0 LI167A  L A  9  0 -1 -1 -1   -1.200    -0.602126      0.357      0.598     1.038343     0.436218  29  -1   -1.000
3DV0 LI167V  L V  9 17 -1 -1 -1   -0.200    -0.143496      0.003      0.057     1.038343     0.894848  29  -1   -1.000
