1A0F SA11A   S A 15  0 -1 -1 -1   -1.800    -0.382533      2.009      1.417     1.366520     0.983987  92  -1   -1.000
1A7V AA104H  A H  0  6 -1 -1 -1   -2.690     0.117643      7.883      2.808     0.717665     0.835308  38  -1   -1.000
1A7V AA66H   A H  0  6 -1 -1 -1   -1.980     0.272087      5.072      2.252     0.395154     0.667241  49  -1   -1.000
1A7V AA91H   A H  0  6 -1 -1 -1   -1.700     0.088843      3.200      1.789     0.634854     0.723697  47  -1   -1.000
1A7V DA3H    D H  2  6 -1 -1 -1   -1.360    -0.510953      0.721      0.849     0.840058     0.329106  30  -1   -1.000
1A7V DA58H   D H  2  6 -1 -1 -1   -2.050    -0.229173      3.315      1.821     0.792645     0.563472  33  -1   -1.000
1A7V EA73H   E H  3  6 -1 -1 -1   -3.010    -0.063086      8.684      2.947     0.744026     0.680940  31  -1   -1.000
1A7V KA13H   K H  8  6 -1 -1 -1   -0.600    -0.109712      0.240      0.490     0.955758     0.846046  51  -1   -1.000
1A7V KA20H   K H  8  6 -1 -1 -1   -2.880    -0.106240      7.694      2.774     1.142865     1.036625  48  -1   -1.000
1A7V KA31H   K H  8  6 -1 -1 -1   -1.360    -0.224752      1.289      1.135     0.704380     0.479628  30  -1   -1.000
1A7V KA39H   K H  8  6 -1 -1 -1   -1.860    -0.135031      2.976      1.725     1.226833     1.091802  53  -1   -1.000
1A7V KA49H   K H  8  6 -1 -1 -1   -2.020    -0.082371      3.754      1.938     1.226900     1.144529  50  -1   -1.000
1A7V KA84H   K H  8  6 -1 -1 -1   -2.880    -0.251236      6.910      2.629     1.076432     0.825196  52  -1   -1.000
1A7V KA97H   K H  8  6 -1 -1 -1   -1.970    -0.736547      1.521      1.233     1.055293     0.318746  37  -1   -1.000
1BA3 HA461D  H D  6  2 -1 -1 -1   -1.745    -1.232420      0.263      0.513     1.430796     0.198376  46  -1   -1.000
1BA3 HA489D  H D  6  2 -1 -1 -1    0.287     0.463099      0.031      0.176     0.284195     0.747294  25  -1   -1.000
1BA3 HA489K  H K  6  8 -1 -1 -1   -0.287     0.465378      0.566      0.752     0.284195     0.749573  25  -1   -1.000
1BA3 HA489M  H M  6 10 -1 -1 -1   -0.263    -0.300150      0.001      0.037     0.284195    -0.015955  25  -1   -1.000
1BFM MA35W   M W 10 18 -1 -1 -1   -0.700    -0.863055      0.027      0.163     2.492687     1.629633  79  -1   -1.000
1BFM MA35Y   M Y 10 19 -1 -1 -1   -0.400    -0.195607      0.042      0.204     2.492687     2.297081  79  -1   -1.000
1BNL DA76A   D A  2  0 -1 -1 -1   -0.821    -1.240930      0.176      0.420     1.079571    -0.161358  56  -1   -1.000
1D5G HA71Y   H Y  6 19 -1 -1 -1   -0.040     0.615940      0.430      0.656     0.754631     1.370571  49  -1   -1.000
1D5G IA20F   I F  7  4 -1 -1 -1    0.910    -0.084144      0.988      0.994     2.546900     2.462755  64  -1   -1.000
1DIV DA23A   D A  2  0 -1 -1 -1   -0.460     0.145431      0.367      0.605     0.413172     0.558603  27  -1   -1.000
1DIV DA23N   D N  2 11 -1 -1 -1   -0.580    -0.247748      0.110      0.332     0.413172     0.165424  27  -1   -1.000
1DIV DA8N    D N  2 11 -1 -1 -1   -0.300     0.149725      0.202      0.450    -0.066133     0.083592  34  -1   -1.000
1DIV EA100A  E A  3  0 -1 -1 -1   -0.980    -0.339980      0.410      0.640     1.379157     1.039178  43  -1   -1.000
1DIV EA100G  E G  3  5 -1 -1 -1   -1.520    -1.094624      0.181      0.425     1.379157     0.284534  43  -1   -1.000
1DIV EA17Q   E Q  3 13 -1 -1 -1   -0.210     0.039305      0.062      0.249     0.610608     0.649914  45  -1   -1.000
1DIV EA38Q   E Q  3 13 -1 -1 -1   -0.560    -0.194770      0.133      0.365     1.169502     0.974733  43  -1   -1.000
1DIV EA48Q   E Q  3 13 -1 -1 -1    0.030     0.096270      0.004      0.066     0.700815     0.797085  35  -1   -1.000
1DIV EA54Q   E Q  3 13 -1 -1 -1    0.330    -0.040226      0.137      0.370     0.618400     0.578174  27  -1   -1.000
1DIV HA106Q  H Q  6 13 -1 -1 -1   -1.530    -1.140969      0.151      0.389     1.253540     0.112571  39  -1   -1.000
1DIV HA134Q  H Q  6 13 -1 -1 -1   -0.340    -0.369571      0.001      0.030     0.525818     0.156247  40  -1   -1.000
1DIV HA144Q  H Q  6 13 -1 -1 -1   -0.560     0.026220      0.344      0.586     1.259332     1.285552  55  -1   -1.000
1DIV IA115A  I A  7  0 -1 -1 -1   -3.520    -3.001611      0.269      0.518     3.598222     0.596611  60  -1   -1.000
1DIV IA121A  I A  7  0 -1 -1 -1   -2.880    -2.507966      0.138      0.372     2.934559     0.426594  53  -1   -1.000
1DIV IA4A    I A  7  0 -1 -1 -1   -2.220    -1.801029      0.176      0.419     2.629555     0.828526  51  -1   -1.000
1DIV IA4V    I V  7 17 -1 -1 -1   -0.590    -0.012702      0.333      0.577     2.629555     2.616853  51  -1   -1.000
1DIV IA79A   I A  7  0 -1 -1 -1   -3.490    -2.644407      0.715      0.846     3.717750     1.073344  54  -1   -1.000
1DIV IA93A   I A  7  0 -1 -1 -1   -3.190    -2.329759      0.740      0.860     2.885969     0.556210  55  -1   -1.000
1DIV IA98A   I A  7  0 -1 -1 -1   -4.280    -2.518427      3.103      1.762     3.756205     1.237777  64  -1   -1.000
1DIV KA10M   K M  8 10 -1 -1 -1    0.050    -1.849891      3.610      1.900    -0.024068    -1.873959  20  -1   -1.000
1DIV KA14M   K M  8 10 -1 -1 -1    0.010    -0.469703      0.230      0.480     0.058654    -0.411049  45  -1   -1.000
1DIV KA15M   K M  8 10 -1 -1 -1   -0.310    -0.226214      0.007      0.084     0.277722     0.051508  42  -1   -1.000
1DIV KA7M    K M  8 10 -1 -1 -1    0.350     0.096977      0.064      0.253     0.553222     0.650199  38  -1   -1.000
1DIV KA96A   K A  8  0 -1 -1 -1    0.610    -0.270831      0.776      0.881     1.118513     0.847681  48  -1   -1.000
1DIV KA96G   K G  8  5 -1 -1 -1   -0.200    -0.837905      0.407      0.638     1.118513     0.280608  48  -1   -1.000
1DIV LA102A  L A  9  0 -1 -1 -1   -2.370    -2.024930      0.119      0.345     3.150753     1.125823  55  -1   -1.000
1DIV LA108A  L A  9  0 -1 -1 -1   -2.330    -1.859848      0.221      0.470     2.344065     0.484217  47  -1   -1.000
1DIV LA110A  L A  9  0 -1 -1 -1   -3.210    -2.176876      1.067      1.033     2.653783     0.476907  54  -1   -1.000
1DIV LA117A  L A  9  0 -1 -1 -1   -0.820    -2.192406      1.883      1.372     2.351455     0.159049  49  -1   -1.000
1DIV LA133A  L A  9  0 -1 -1 -1   -2.940    -1.918187      1.044      1.022     2.319362     0.401175  48  -1   -1.000
1DIV LA141A  L A  9  0 -1 -1 -1   -3.560    -2.773280      0.619      0.787     4.071347     1.298067  62  -1   -1.000
1DIV LA30A   L A  9  0 -1 -1 -1   -2.760    -1.475221      1.651      1.285     2.037589     0.562369  38  -1   -1.000
1DIV LA30V   L V  9 17 -1 -1 -1   -3.620    -0.730065      8.352      2.890     2.037589     1.307524  38  -1   -1.000
1DIV LA6A    L A  9  0 -1 -1 -1   -3.100    -0.340788      7.613      2.759     0.736086     0.395298  48  -1   -1.000
1DIV LA6I    L I  9  7 -1 -1 -1   -0.130     1.278816      1.985      1.409     0.736086     2.014901  48  -1   -1.000
1DIV LA6V    L V  9 17 -1 -1 -1   -0.410     0.393020      0.645      0.803     0.736086     1.129106  48  -1   -1.000
1DIV LA72A   L A  9  0 -1 -1 -1   -3.770    -1.967302      3.250      1.803     2.966795     0.999492  56  -1   -1.000
1DIV MA1A    M A 10  0 -1 -1 -1   -1.460    -0.767893      0.479      0.692     1.253935     0.486041  33  -1   -1.000
1DIV MA1G    M G 10  5 -1 -1 -1   -2.360    -1.019392      1.797      1.341     1.253935     0.234542  33  -1   -1.000
1DIV VA129A  V A 17  0 -1 -1 -1   -1.810    -2.387503      0.334      0.578     3.401501     1.013998  58  -1   -1.000
1DIV VA131A  V A 17  0 -1 -1 -1   -1.930    -2.577014      0.419      0.647     3.720886     1.143871  61  -1   -1.000
1DIV VA137A  V A 17  0 -1 -1 -1   -2.410    -1.461817      0.899      0.948     1.759309     0.297492  38  -1   -1.000
1DIV VA143A  V A 17  0 -1 -1 -1   -3.250    -3.375593      0.016      0.126     4.266118     0.890525  66  -1   -1.000
1DIV VA145A  V A 17  0 -1 -1 -1   -1.920    -2.916424      0.993      0.996     3.707761     0.791336  52  -1   -1.000
1DIV VA21A   V A 17  0 -1 -1 -1   -2.330    -1.639747      0.476      0.690     2.332315     0.692569  37  -1   -1.000
1DIV VA21I   V I 17  7 -1 -1 -1   -0.400    -0.032636      0.135      0.367     2.332315     2.299679  37  -1   -1.000
1DIV VA21L   V L 17  9 -1 -1 -1   -1.230    -0.792877      0.191      0.437     2.332315     1.539439  37  -1   -1.000
1DIV VA3A    V A 17  0 -1 -1 -1   -2.550    -1.590486      0.921      0.960     2.529162     0.938676  46  -1   -1.000
1DIV VA3I    V I 17  7 -1 -1 -1   -0.310    -0.279193      0.001      0.031     2.529162     2.249969  46  -1   -1.000
1DIV VA3L    V L 17  9 -1 -1 -1   -2.210    -0.502868      2.914      1.707     2.529162     2.026294  46  -1   -1.000
1DXX KA18N   K N  8 11 -1 -1 -1   -3.700    -0.517551     10.128      3.182     1.190484     0.672933  44  -1   -1.000
1EKG LA198C  L C  9  1 -1 -1 -1   -1.000    -1.426390      0.182      0.426     2.276556     0.850166  44  -1   -1.000
1EKG LA200C  L C  9  1 -1 -1 -1   -2.000    -1.921209      0.006      0.079     2.685294     0.764085  52  -1   -1.000
1EKG LA203C  L C  9  1 -1 -1 -1    1.000    -1.502548      6.263      2.503     2.154903     0.652355  47  -1   -1.000
1EKG SA181F  S F 15  4 -1 -1 -1   -2.600    -0.432430      4.698      2.168     1.177794     0.745363  60  -1   -1.000
1F8I FA345A  F A  4  0 -1 -1 -1   -0.455    -3.001079      6.483      2.546     4.401793     1.400714 118  -1   -1.000
1FH5 SH18N   S N 15 11 -1 -1 -1    0.600    -1.210017      3.276      1.810     2.334226     1.124210  59  -1   -1.000
1FRD HA42R   H R  6 14 -1 -1 -1    4.000     0.647415     11.240      3.353     1.136955     1.784370  46  -1   -1.000
1FT8 IA264V  I V  7 17 -1 -1 -1   -0.640    -0.060018      0.336      0.580     2.263022     2.203004  52  -1   -1.000
1FT8 LA212V  L V  9 17 -1 -1 -1   -1.380    -0.465525      0.836      0.914     3.008769     2.543244  59  -1   -1.000
1FT8 LA238I  L I  9  7 -1 -1 -1   -0.350    -0.557519      0.043      0.208     1.202285     0.644766  36  -1   -1.000
1FT8 LA267I  L I  9  7 -1 -1 -1   -0.110    -0.143870      0.001      0.034     4.047493     3.903623  55  -1   -1.000
1FT8 LA293I  L I  9  7 -1 -1 -1   -0.800    -0.342902      0.209      0.457     4.605426     4.262525  64  -1   -1.000
1FT8 LA293V  L V  9 17 -1 -1 -1   -1.410    -1.282233      0.016      0.128     4.605426     3.323194  64  -1   -1.000
1FT8 LA315A  L A  9  0 -1 -1 -1   -1.650    -2.756863      1.225      1.107     3.830647     1.073784  59  -1   -1.000
1FT8 LA317I  L I  9  7 -1 -1 -1   -0.850    -1.208138      0.128      0.358     4.166084     2.957947  66  -1   -1.000
1FT8 LA348I  L I  9  7 -1 -1 -1   -0.530    -0.192015      0.114      0.338     4.061873     3.869858  52  -1   -1.000
1FT8 LA349I  L I  9  7 -1 -1 -1    0.050     0.371115      0.103      0.321     0.914818     1.285933  46  -1   -1.000
1FT8 MA216L  M L 10  9 -1 -1 -1    0.270     0.360339      0.008      0.090     2.519006     2.879345  66  -1   -1.000
1FT8 SA339A  S A 15  0 -1 -1 -1    0.320     0.225248      0.009      0.095     0.755952     0.981200  49  -1   -1.000
1FT8 VA287A  V A 17  0 -1 -1 -1   -0.160    -0.517036      0.127      0.357     1.406020     0.888984  58  -1   -1.000
1FXA EA94D   E D  3  2 -1 -1 -1   -1.100    -0.979788      0.014      0.120     1.233025     0.253237  53  -1   -1.000
1FXA EA94K   E K  3  8 -1 -1 -1   -0.400    -0.881639      0.232      0.482     1.233025     0.351385  53  -1   -1.000
1FXA EA94Q   E Q  3 13 -1 -1 -1    0.600    -1.086193      2.843      1.686     1.233025     0.146832  53  -1   -1.000
1FXA EA95K   E K  3  8 -1 -1 -1    1.000    -0.108724      1.229      1.109     0.773326     0.664602  38  -1   -1.000
1FXA FA65A   F A  4  0 -1 -1 -1   -1.000    -1.726733      0.528      0.727     2.276030     0.549297  44  -1   -1.000
1FXA FA65I   F I  4  7 -1 -1 -1   -0.900    -1.820441      0.847      0.920     2.276030     0.455589  44  -1   -1.000
1FXA FA65W   F W  4 18 -1 -1 -1   -0.600    -1.428657      0.687      0.829     2.276030     0.847374  44  -1   -1.000
1FXA FA65Y   F Y  4 19 -1 -1 -1   -0.500    -0.717615      0.047      0.218     2.276030     1.558415  44  -1   -1.000
1FXA RA42A   R A 14  0 -1 -1 -1   -2.400    -2.597349      0.039      0.197     2.169864    -0.427485  45  -1   -1.000
1FXA RA42H   R H 14  6 -1 -1 -1   -1.400    -1.772516      0.139      0.373     2.169864     0.397348  45  -1   -1.000
1FXA TA48A   T A 16  0 -1 -1 -1    0.100    -0.569781      0.449      0.670     1.188886     0.619105  53  -1   -1.000
1G3P AA147K  A K  0  8 -1 -1 -1   -0.287     0.346391      0.401      0.633     0.787936     1.134326  65  -1   -1.000
1G3P DA160A  D A  2  0 -1 -1 -1   -0.263    -0.834454      0.327      0.571     0.502969    -0.331485  11  -1   -1.000
1G3P DA160C  D C  2  1 -1 -1 -1   -0.096    -1.075228      0.959      0.979     0.502969    -0.572260  11  -1   -1.000
1G3P DA160E  D E  2  3 -1 -1 -1   -0.359    -0.701218      0.117      0.342     0.502969    -0.198249  11  -1   -1.000
1G3P DA160F  D F  2  4 -1 -1 -1   -0.359    -1.484870      1.268      1.126     0.502969    -0.981901  11  -1   -1.000
1G3P DA160G  D G  2  5 -1 -1 -1   -0.669    -0.386551      0.080      0.282     0.502969     0.116417  11  -1   -1.000
1G3P DA160H  D H  2  6 -1 -1 -1    0.048    -0.657949      0.498      0.706     0.502969    -0.154981  11  -1   -1.000
1G3P DA160I  D I  2  7 -1 -1 -1   -0.932    -1.172866      0.058      0.241     0.502969    -0.669898  11  -1   -1.000
1G3P DA160K  D K  2  8 -1 -1 -1   -0.335    -0.633700      0.089      0.299     0.502969    -0.130732  11  -1   -1.000
1G3P DA160L  D L  2  9 -1 -1 -1   -0.550    -1.275747      0.527      0.726     0.502969    -0.772778  11  -1   -1.000
1G3P DA160M  D M  2 10 -1 -1 -1   -0.502    -1.015006      0.263      0.513     0.502969    -0.512037  11  -1   -1.000
1G3P DA160N  D N  2 11 -1 -1 -1    0.072    -0.239140      0.097      0.311     0.502969     0.263828  11  -1   -1.000
1G3P DA160P  D P  2 12 -1 -1 -1   -0.645    -1.060003      0.172      0.415     0.502969    -0.557035  11  -1   -1.000
1G3P DA160Q  D Q  2 13 -1 -1 -1   -0.478    -0.701861      0.050      0.224     0.502969    -0.198892  11  -1   -1.000
1G3P DA160R  D R  2 14 -1 -1 -1   -0.669    -1.188952      0.270      0.520     0.502969    -0.685984  11  -1   -1.000
1G3P DA160S  D S  2 15 -1 -1 -1   -0.287    -0.311887      0.001      0.025     0.502969     0.191082  11  -1   -1.000
1G3P DA160T  D T  2 16 -1 -1 -1   -0.741    -0.574248      0.028      0.167     0.502969    -0.071280  11  -1   -1.000
1G3P DA160V  D V  2 17 -1 -1 -1   -1.123    -1.128095      0.000      0.005     0.502969    -0.625126  11  -1   -1.000
1G3P DA160W  D W  2 18 -1 -1 -1   -0.167    -1.117207      0.903      0.950     0.502969    -0.614238  11  -1   -1.000
1G3P DA160Y  D Y  2 19 -1 -1 -1   -0.072    -1.448387      1.894      1.376     0.502969    -0.945419  11  -1   -1.000
1G3P FA136V  F V  4 17 -1 -1 -1   -3.705    -0.678966      9.157      3.026     3.618161     2.939195  82  -1   -1.000
1G3P NA138G  N G 11  5 -1 -1 -1    0.765    -0.568685      1.779      1.334     1.646743     1.078058  70  -1   -1.000
1G3P NA139K  N K 11  8 -1 -1 -1   -0.430    -0.520201      0.008      0.090     1.112053     0.591852  80  -1   -1.000
1G3P NA139V  N V 11 17 -1 -1 -1   -2.032     0.750248      7.741      2.782     1.112053     1.862301  80  -1   -1.000
1G3P QA137N  Q N 13 11 -1 -1 -1   -1.793    -0.998022      0.632      0.795     1.908741     0.910718  81  -1   -1.000
1G3P QA145N  Q N 13 11 -1 -1 -1    0.263    -0.099499      0.131      0.362     1.049254     0.949755  42  -1   -1.000
1G3P RA144V  R V 14 17 -1 -1 -1    0.765     0.514725      0.063      0.250     1.314590     1.829316  54  -1   -1.000
1GLU CA500A  C A  1  0 -1 -1 -1   -1.220    -0.372304      0.719      0.848     1.309036     0.936732  65  -1   -1.000
1GUA AB118G  A G  0  5 -1 -1 -1   -1.963    -0.711186      1.567      1.252     0.747143     0.035958  49  -1   -1.000
1GUA AB118L  A L  0  9 -1 -1 -1   -1.951     0.686923      6.959      2.638     0.747143     1.434067  49  -1   -1.000
1GUA AB85G   A G  0  5 -1 -1 -1   -2.149    -0.953542      1.429      1.195     1.066827     0.113285  80  -1   -1.000
1GUA AB97G   A G  0  5 -1 -1 -1   -0.863    -0.517770      0.119      0.345     1.045160     0.527390  52  -1   -1.000
1GUA CB81A   C A  1  0 -1 -1 -1    0.283     0.123541      0.025      0.159     1.106918     1.230459  63  -1   -1.000
1GUA CB81I   C I  1  7 -1 -1 -1   -0.912    -0.066349      0.715      0.846     1.106918     1.040569  63  -1   -1.000
1GUA CB95A   C A  1  0 -1 -1 -1   -0.080    -0.732946      0.426      0.653     0.844319     0.111373  34  -1   -1.000
1GUA CB96A   C A  1  0 -1 -1 -1   -1.759    -0.217986      2.375      1.541     1.207346     0.989360  47  -1   -1.000
1GUA CB96L   C L  1  9 -1 -1 -1   -0.043     0.205438      0.062      0.248     1.207346     1.412784  47  -1   -1.000
1GUA CB96M   C M  1 10 -1 -1 -1   -0.337     0.816294      1.330      1.153     1.207346     2.023640  47  -1   -1.000
1GUA DB117A  D A  2  0 -1 -1 -1   -0.706    -1.006820      0.090      0.301     1.394446     0.387626  40  -1   -1.000
1GUA DB129A  D A  2  0 -1 -1 -1   -0.855     0.184970      1.082      1.040     0.572468     0.757439  47  -1   -1.000
1GUA DB80A   D A  2  0 -1 -1 -1   -0.493    -0.583867      0.008      0.091     1.392101     0.808234  52  -1   -1.000
1GUA EB104A  E A  3  0 -1 -1 -1    0.021    -0.168244      0.036      0.189     0.474672     0.306429  17  -1   -1.000
1GUA EB124A  E A  3  0 -1 -1 -1   -0.101     0.358144      0.211      0.459     0.812453     1.170597  53  -1   -1.000
1GUA EB125A  E A  3  0 -1 -1 -1   -0.591    -0.372208      0.048      0.219     1.120395     0.748186  57  -1   -1.000
1GUA IB58A   I A  7  0 -1 -1 -1   -3.274    -2.917038      0.127      0.357     3.784993     0.867954  61  -1   -1.000
1GUA IB58F   I F  7  4 -1 -1 -1   -1.299    -1.028760      0.073      0.270     3.784993     2.756233  61  -1   -1.000
1GUA IB58L   I L  7  9 -1 -1 -1   -0.771    -1.038589      0.072      0.268     3.784993     2.746404  61  -1   -1.000
1GUA KB109A  K A  8  0 -1 -1 -1   -0.327     0.164075      0.241      0.491     0.652005     0.816079  35  -1   -1.000
1GUA LB112A  L A  9  0 -1 -1 -1   -2.593    -1.808683      0.615      0.784     2.379605     0.570922  49  -1   -1.000
1GUA LB121A  L A  9  0 -1 -1 -1   -2.534    -1.595789      0.880      0.938     2.079817     0.484028  48  -1   -1.000
1GUA LB126A  L A  9  0 -1 -1 -1   -3.405    -2.081408      1.752      1.324     3.193892     1.112484  68  -1   -1.000
1GUA LB62A   L A  9  0 -1 -1 -1   -3.460    -2.472206      0.976      0.988     3.017866     0.545660  68  -1   -1.000
1GUA LB78A   L A  9  0 -1 -1 -1   -3.803    -1.958789      3.401      1.844     2.787614     0.828825  58  -1   -1.000
1GUA LB82A   L A  9  0 -1 -1 -1   -3.529    -2.147337      1.909      1.382     2.842188     0.694850  72  -1   -1.000
1GUA LB82I   L I  9  7 -1 -1 -1   -1.600    -0.095671      2.263      1.504     2.842188     2.746516  72  -1   -1.000
1GUA LB82V   L V  9 17 -1 -1 -1   -1.700    -0.654134      1.094      1.046     2.842188     2.188054  72  -1   -1.000
1GUA LB86A   L A  9  0 -1 -1 -1   -3.226    -1.651498      2.479      1.575     2.710508     1.059010  72  -1   -1.000
1GUA LB91A   L A  9  0 -1 -1 -1   -1.575    -1.662234      0.008      0.087     2.224556     0.562322  52  -1   -1.000
1GUA MB76A   M A 10  0 -1 -1 -1   -0.961    -0.973475      0.000      0.012     1.571069     0.597594  38  -1   -1.000
1GUA NB56M   N M 11 10 -1 -1 -1    0.271    -0.609709      0.776      0.881     1.209983     0.600274  36  -1   -1.000
1GUA NB64A   N A 11  0 -1 -1 -1   -1.140    -0.539109      0.361      0.601     0.577145     0.038036  54  -1   -1.000
1GUA PB63A   P A 12  0 -1 -1 -1   -1.708    -0.518392      1.415      1.190     1.275176     0.756784  55  -1   -1.000
1GUA PB93A   P A 12  0 -1 -1 -1   -0.082    -0.700019      0.382      0.618     1.393052     0.693033  47  -1   -1.000
1GUA QB66A   Q A 13  0 -1 -1 -1   -0.504     0.215351      0.517      0.719     0.949329     1.164681  67  -1   -1.000
1GUA RB100A  R A 14  0 -1 -1 -1   -0.693    -1.104602      0.169      0.412     1.870417     0.765815  53  -1   -1.000
1GUA RB59A   R A 14  0 -1 -1 -1    0.178    -1.189962      1.871      1.368     2.187994     0.998032  68  -1   -1.000
1GUA RB89L   R L 14  9 -1 -1 -1    1.078     1.497313      0.176      0.419     0.995381     2.492694  64  -1   -1.000
1GUA SB77A   S A 15  0 -1 -1 -1   -1.573    -0.643040      0.865      0.930     0.921615     0.278575  48  -1   -1.000
1GUA SB77T   S T 15 16 -1 -1 -1    0.581     0.120124      0.212      0.461     0.921615     1.041740  48  -1   -1.000
1GUA TB68A   T A 16  0 -1 -1 -1   -0.109    -0.217626      0.012      0.109     1.378832     1.161206  77  -1   -1.000
1GUA VB128A  V A 17  0 -1 -1 -1   -3.368    -3.301477      0.004      0.067     4.241055     0.939577  62  -1   -1.000
1GUA VB60A   V A 17  0 -1 -1 -1   -2.251    -3.432948      1.397      1.182     4.490159     1.057211  77  -1   -1.000
1GUA VB69A   V A 17  0 -1 -1 -1   -1.116    -2.401196      1.652      1.285     2.877615     0.476419  70  -1   -1.000
1GUA VB70A   V A 17  0 -1 -1 -1   -1.770    -2.560258      0.625      0.790     3.390217     0.829959  68  -1   -1.000
1GUA VB72A   V A 17  0 -1 -1 -1   -1.052    -1.726213      0.455      0.674     2.581326     0.855113  44  -1   -1.000
1GUA VB72I   V I 17  7 -1 -1 -1   -0.864    -0.504460      0.129      0.360     2.581326     2.076866  44  -1   -1.000
1GUA VB98A   V A 17  0 -1 -1 -1   -1.981    -3.036942      1.115      1.056     3.888988     0.852047  64  -1   -1.000
1GWY AA8D    A D  0  2 -1 -1 -1   -1.600     0.624071      4.946      2.224     0.672292     1.296364  46  -1   -1.000
1H0X PA18A   P A 12  0 -1 -1 -1   -1.936    -0.892081      1.090      1.044     0.716495    -0.175586  33  -1   -1.000
1H0X PA62A   P A 12  0 -1 -1 -1   -2.581    -1.607616      0.947      0.973     1.681079     0.073462  31  -1   -1.000
1HCQ CA67A   C A  1  0 -1 -1 -1   -2.090    -0.954058      1.290      1.136     1.856036     0.901978  63  -1   -1.000
1HCQ CA67S   C S  1 15 -1 -1 -1   -1.990    -1.467529      0.273      0.522     1.856036     0.388507  63  -1   -1.000
1IOJ GA15A   G A  5  0 -1 -1 -1    0.400     0.189952      0.044      0.210     0.132036     0.321988  24  -1   -1.000
1IR3 WA1175F W F 18  4 -1 -1 -1    0.600    -4.324157     24.247      4.924     6.938363     2.614206 101  -1   -1.000
1ITM CA24T   C T  1 16 -1 -1 -1   -3.300    -0.385458      8.495      2.915     0.865857     0.480398  58  -1   -1.000
1ITM CA3T    C T  1 16 -1 -1 -1   -5.000     0.110761     26.120      5.111    -0.152458    -0.041698  30  -1   -1.000
1ITM WA91S   W S 18 15 -1 -1 -1    1.400    -0.035663      2.061      1.436     0.905969     0.870306  54  -1   -1.000
1IV7 AB173C  A C  0  1 -1 -1 -1    0.500     0.263488      0.056      0.237     1.483888     1.747376  72  -1   -1.000
1IV7 FB189C  F C  4  1 -1 -1 -1   -2.500    -2.402821      0.009      0.097     3.911522     1.508701  63  -1   -1.000
1IV7 LB162C  L C  9  1 -1 -1 -1   -1.900    -1.730832      0.029      0.169     3.554983     1.824151  78  -1   -1.000
1IV9 SA76Y   S Y 15 19 -1 -1 -1    4.299     1.797978      6.255      2.501     0.902207     2.700186  55  -1   -1.000
1J8I KA25A   K A  8  0 -1 -1 -1    0.100    -0.778958      0.773      0.879     1.073645     0.294687  46  -1   -1.000
1J8I KA66A   K A  8  0 -1 -1 -1    0.100     0.195963      0.009      0.096     0.661545     0.857508  38  -1   -1.000
1J8I RA23A   R A 14  0 -1 -1 -1    0.800    -0.556578      1.840      1.357     1.262822     0.706244  41  -1   -1.000
1J8I RA35A   R A 14  0 -1 -1 -1   -0.100    -0.612784      0.263      0.513     0.800852     0.188068  32  -1   -1.000
1J8I RA43A   R A 14  0 -1 -1 -1    0.700    -0.466620      1.361      1.167     1.037141     0.570521  33  -1   -1.000
1J8I RA9A    R A 14  0 -1 -1 -1   -0.100     0.377965      0.228      0.478     0.090159     0.468124  36  -1   -1.000
1JL9 AA25C   A C  0  1 -1 -1 -1   -1.440    -0.755153      0.469      0.685     0.570972    -0.184181  12  -1   -1.000
1JLV EA64D   E D  3  2 -1 -1 -1   -1.162    -0.587609      0.330      0.574     1.779493     1.191884  98  -1   -1.000
1JLV EA64N   E N  3 11 -1 -1 -1   -2.304    -0.953306      1.824      1.351     1.779493     0.826187  98  -1   -1.000
1JLV EA64Q   E Q  3 13 -1 -1 -1   -2.302    -0.762048      2.371      1.540     1.779493     1.017445  98  -1   -1.000
1L6H FA39A   F A  4  0 -1 -1 -1   -1.697    -1.068382      0.395      0.629     1.459866     0.391484  53  -1   -1.000
1L6H YA45A   Y A 19  0 -1 -1 -1   -0.550    -0.102536      0.200      0.447     0.595530     0.492995  49  -1   -1.000
1L6H YA48A   Y A 19  0 -1 -1 -1   -1.482    -0.962155      0.270      0.520     1.136651     0.174496  44  -1   -1.000
1LVM EA106G  E G  3  5 -1 -1 -1    1.400    -0.116438      2.300      1.516     0.988350     0.871912  49  -1   -1.000
1LVM KA45F   K F  8  4 -1 -1 -1    0.430     0.671021      0.058      0.241     1.704019     2.375040  93  -1   -1.000
1LVM LA56V   L V  9 17 -1 -1 -1    0.000     0.518462      0.269      0.518     1.699523     2.217985  69  -1   -1.000
1LVM QA58F   Q F 13  4 -1 -1 -1    0.600     0.947144      0.121      0.347     1.634621     2.581765  67  -1   -1.000
1LVM SA135G  S G 15  5 -1 -1 -1    0.000     0.447497      0.200      0.447     0.257589     0.705086  40  -1   -1.000
1N18 EA100G  E G  3  5 -1 -1 -1   -2.500    -1.287951      1.469      1.212     1.397849     0.109897  55  -1   -1.000
1N18 GA85R   G R  5 14 -1 -1 -1   -1.400    -1.569592      0.029      0.170     1.587453     0.017861  82  -1   -1.000
1N18 HA46R   H R  6 14 -1 -1 -1    1.400    -0.984745      5.687      2.385     3.350394     2.365650 116  -1   -1.000
1N18 VA148I  V I 17  7 -1 -1 -1    0.100    -0.748284      0.720      0.848     3.531408     2.783124 116  -1   -1.000
1N88 FA21A   F A  4  0 -1 -1 -1   -1.390    -0.662592      0.529      0.727     1.525713     0.863121  48  -1   -1.000
1N88 IA39A   I A  7  0 -1 -1 -1   -1.390    -2.019988      0.397      0.630     3.229787     1.209800  59  -1   -1.000
1N88 IA80A   I A  7  0 -1 -1 -1   -2.790    -2.134964      0.429      0.655     2.885297     0.750333  72  -1   -1.000
1N88 IA89A   I A  7  0 -1 -1 -1   -2.350    -0.903734      2.092      1.446     1.003595     0.099861  56  -1   -1.000
1N88 IA8V    I V  7 17 -1 -1 -1   -1.520     0.008178      2.335      1.528     1.547276     1.555453  62  -1   -1.000
1N88 LA13A   L A  9  0 -1 -1 -1   -1.520    -0.883337      0.405      0.637     1.285106     0.401769  44  -1   -1.000
1N88 LA57A   L A  9  0 -1 -1 -1   -1.110     0.117092      1.506      1.227     0.634734     0.751827  48  -1   -1.000
1N88 VA12A   V A 17  0 -1 -1 -1   -1.940    -1.823447      0.014      0.117     2.294523     0.471076  58  -1   -1.000
1N88 VA30A   V A 17  0 -1 -1 -1   -2.840    -1.709597      1.278      1.130     2.547304     0.837708  58  -1   -1.000
1N88 VA43A   V A 17  0 -1 -1 -1   -2.820    -0.874503      3.785      1.945     1.758272     0.883768  62  -1   -1.000
1N88 VA49A   V A 17  0 -1 -1 -1   -2.830    -0.910563      3.684      1.919     1.661849     0.751286  47  -1   -1.000
1N88 VA51A   V A 17  0 -1 -1 -1   -3.240    -2.896232      0.118      0.344     3.531588     0.635356  54  -1   -1.000
1N88 VA54A   V A 17  0 -1 -1 -1   -3.730    -2.444830      1.652      1.285     3.430715     0.985885  62  -1   -1.000
1N88 VA81A   V A 17  0 -1 -1 -1   -2.820    -2.556556      0.069      0.263     3.736689     1.180133  72  -1   -1.000
1N88 VA83A   V A 17  0 -1 -1 -1   -3.100    -1.975684      1.264      1.124     2.928193     0.952509  49  -1   -1.000
1N88 YA18A   Y A 19  0 -1 -1 -1    0.060     0.320705      0.068      0.261     0.369252     0.689957  36  -1   -1.000
1N88 YA26A   Y A 19  0 -1 -1 -1   -4.610    -2.149251      6.055      2.461     3.257873     1.108621  71  -1   -1.000
1NM1 DA187N  D N  2 11 -1 -1 -1   -0.880    -0.248137      0.399      0.632     1.201774     0.953637  65  -1   -1.000
1NM1 DA187Y  D Y  2 19 -1 -1 -1   -1.900     0.284252      4.771      2.184     1.201774     1.486026  65  -1   -1.000
1O1U EA110A  E A  3  0 -1 -1 -1   -3.300    -0.088673     10.313      3.211     0.981693     0.893020  75  -1   -1.000
1O1U NA61A   N A 11  0 -1 -1 -1   -1.200     0.487441      2.847      1.687     0.277975     0.765416  72  -1   -1.000
1O1U QA51A   Q A 13  0 -1 -1 -1   -0.300    -0.014000      0.082      0.286     0.789191     0.775191  67  -1   -1.000
1O1U QA99A   Q A 13  0 -1 -1 -1    0.300    -0.113700      0.171      0.414     1.332680     1.218980  74  -1   -1.000
1O1U TA38A   T A 16  0 -1 -1 -1   -1.200    -0.288047      0.832      0.912     0.915094     0.627047  68  -1   -1.000
1O1U WA49Y   W Y 18 19 -1 -1 -1   -1.200     0.082621      1.645      1.283     2.022611     2.105232  74  -1   -1.000
1O6X AA31G   A G  0  5 -1 -1 -1   -1.200    -0.211098      0.978      0.989     0.705387     0.494289  36  -1   -1.000
1O6X AA50G   A G  0  5 -1 -1 -1   -1.400    -0.737983      0.438      0.662     0.979135     0.241152  56  -1   -1.000
1O6X DA38A   D A  2  0 -1 -1 -1    0.360    -0.422785      0.613      0.783     0.646461     0.223676  47  -1   -1.000
1O6X EA14A   E A  3  0 -1 -1 -1   -0.300    -0.692538      0.154      0.393     1.199757     0.507220  57  -1   -1.000
1O6X EA20G   E G  3  5 -1 -1 -1   -1.420    -0.910248      0.260      0.510     0.935732     0.025484  35  -1   -1.000
1O6X FA39L   F L  4  9 -1 -1 -1   -1.880    -0.099775      3.169      1.780     2.735183     2.635407  51  -1   -1.000
1O6X FA65A   F A  4  0 -1 -1 -1   -0.980    -0.988400      0.000      0.008     1.972953     0.984553  52  -1   -1.000
1O6X HA51A   H A  6  0 -1 -1 -1   -0.610    -0.236366      0.140      0.374     1.051857     0.815491  56  -1   -1.000
1O6X IA15V   I V  7 17 -1 -1 -1   -0.430    -0.206884      0.050      0.223     4.041692     3.834808  59  -1   -1.000
1O6X IA23V   I V  7 17 -1 -1 -1    0.420    -0.323126      0.552      0.743     2.119166     1.796041  48  -1   -1.000
1O6X IA71V   I V  7 17 -1 -1 -1   -1.310    -1.063242      0.061      0.247     2.448517     1.385275  47  -1   -1.000
1O6X IA75A   I A  7  0 -1 -1 -1   -1.310    -2.029242      0.517      0.719     2.492089     0.462847  43  -1   -1.000
1O6X KA41A   K A  8  0 -1 -1 -1   -1.980    -0.528998      2.105      1.451     0.720846     0.191848  41  -1   -1.000
1O6X LA26V   L V  9 17 -1 -1 -1   -0.970    -0.677601      0.085      0.292     2.947094     2.269494  62  -1   -1.000
1O6X NA58A   N A 11  0 -1 -1 -1   -0.080     0.115583      0.038      0.196     0.532818     0.648401  49  -1   -1.000
1O6X QA60G   Q G 13  5 -1 -1 -1   -0.490    -0.861656      0.138      0.372     0.951080     0.089424  44  -1   -1.000
1O6X VA12A   V A 17  0 -1 -1 -1   -1.100    -1.488809      0.151      0.389     2.263163     0.774354  51  -1   -1.000
1O6X VA52A   V A 17  0 -1 -1 -1   -1.080    -1.720284      0.410      0.640     2.677388     0.957104  62  -1   -1.000
1O6X VA64G   V G 17  5 -1 -1 -1   -1.100    -0.311187      0.622      0.789     0.424035     0.112848  40  -1   -1.000
1O6X YA73L   Y L 19  9 -1 -1 -1   -2.780    -1.287286      2.228      1.493     3.271478     1.984192  59  -1   -1.000
1OSI IA11V   I V  7 17 -1 -1 -1   -0.050    -3.101381      9.311      3.051     3.258747     0.157367  76  -1   -1.000
1OSI SA92F   S F 15  4 -1 -1 -1    0.390     0.526925      0.019      0.137     0.247901     0.774826  66  -1   -1.000
1OSI VA126M  V M 17 10 -1 -1 -1   -2.250    -1.972678      0.077      0.277     2.843475     0.870796  69  -1   -1.000
1OSI VA15I   V I 17  7 -1 -1 -1   -0.780    -0.504959      0.076      0.275     3.426203     2.921244  94  -1   -1.000
1PFL AA20T   A T  0 16 -1 -1 -1   -1.530    -0.032753      2.242      1.497     1.605113     1.572361  96  -1   -1.000
1PFL GA117V  G V  5 17 -1 -1 -1   -1.960     0.194098      4.640      2.154     0.193986     0.388083  36  -1   -1.000
1PFL MA113T  M T 10 16 -1 -1 -1   -3.530    -0.708757      7.959      2.821     1.209235     0.500478  91  -1   -1.000
1PFL QA138L  Q L 13  9 -1 -1 -1    1.820    -1.092768      8.484      2.913     0.367528    -0.725241  31  -1   -1.000
1PFL TA108M  T M 16 10 -1 -1 -1    0.070     0.524070      0.206      0.454     1.380850     1.904920  70  -1   -1.000
1PRE CA159S  C S  1 15 -1 -1 -1   -2.400    -0.268489      4.543      2.132     0.604035     0.335546  30  -1   -1.000
1PRG EA460K  E K  3  8 -1 -1 -1   -0.170    -0.446428      0.076      0.276     0.232238    -0.214190  40  -1   -1.000
1PRG FA360L  F L  4  9 -1 -1 -1   -0.400     0.492664      0.797      0.893     1.348817     1.841481  62  -1   -1.000
1PRG PA467L  P L 12  9 -1 -1 -1    0.110    -0.269216      0.144      0.379     1.011720     0.742504  39  -1   -1.000
1PRG QA286P  Q P 13 12 -1 -1 -1   -0.300    -2.892694      6.722      2.593     1.192937    -1.699757  74  -1   -1.000
1PRG RA288H  R H 14  6 -1 -1 -1    0.060    -0.592254      0.425      0.652     1.074249     0.481994  69  -1   -1.000
1PRG RA357A  R A 14  0 -1 -1 -1    0.190     0.678318      0.238      0.488    -0.313548     0.364770  48  -1   -1.000
1PRG VA290M  V M 17 10 -1 -1 -1    0.030    -0.127565      0.025      0.158     1.485921     1.358356  55  -1   -1.000
1R2Y RA244E  R E 14  3 -1 -1 -1   -4.200    -2.104174      4.392      2.096     1.750350    -0.353824  52  -1   -1.000
1R6R IA88N   I N  7 11 -1 -1 -1   -0.130    -2.493635      5.587      2.364     2.881018     0.387383  68  -1   -1.000
1R6R LA50S   L S  9 15 -1 -1 -1   -2.810    -1.107967      2.897      1.702     1.962083     0.854116  73  -1   -1.000
1R6R LA54S   L S  9 15 -1 -1 -1   -0.240    -1.108275      0.754      0.868     1.482823     0.374547  61  -1   -1.000
1R6R LA81N   L N  9 11 -1 -1 -1   -6.840    -2.147545     22.019      4.692     2.785504     0.637958  63  -1   -1.000
1SPD CA111S  C S  1 15 -1 -1 -1    0.800     0.476429      0.105      0.324    -0.140209     0.336220  85  -1   -1.000
1SPD CA6A    C A  1  0 -1 -1 -1    0.100    -0.579775      0.462      0.680     1.779233     1.199457 102  -1   -1.000
1X0J DA160N  D N  2 11 -1 -1 -1   -4.100    -0.683605     11.672      3.416     1.154438     0.470834  42  -1   -1.000
1X0J DA160Y  D Y  2 19 -1 -1 -1   -4.020     0.078589     16.798      4.099     1.154438     1.233028  42  -1   -1.000
1X0J DA161N  D N  2 11 -1 -1 -1   -2.210    -0.238829      3.886      1.971     0.926539     0.687711  39  -1   -1.000
1X0J DA161Y  D Y  2 19 -1 -1 -1   -3.380     0.053640     11.790      3.434     0.926539     0.980179  39  -1   -1.000
1X0J EA140K  E K  3  8 -1 -1 -1   -3.480    -0.680715      7.836      2.799     1.540659     0.859944  61  -1   -1.000
1X0J RA100L  R L 14  9 -1 -1 -1   -5.220    -0.081957     26.399      5.138     1.685936     1.603979  52  -1   -1.000
1X0J YA153H  Y H 19  6 -1 -1 -1   -6.490    -1.013784     29.989      5.476     1.844552     0.830768  75  -1   -1.000
1XWS EA124Q  E Q  3 13 -1 -1 -1   -2.900    -0.471156      5.899      2.429     0.494715     0.023559  53  -1   -1.000
1XWS EA135K  E K  3  8 -1 -1 -1   -4.590    -0.009451     20.981      4.581     0.816428     0.806977  34  -1   -1.000
1XWS EA142D  E D  3  2 -1 -1 -1   -3.220    -0.277788      8.657      2.942     1.832523     1.554736  62  -1   -1.000
1XWS YA53H   Y H 19  6 -1 -1 -1   -3.300    -2.001676      1.686      1.298     3.179093     1.177417  58  -1   -1.000
1XXN NA181R  N R 11 14 -1 -1 -1    0.358     0.353840      0.000      0.004     1.255896     1.609736  68  -1   -1.000
1XXN NA32D   N D 11  2 -1 -1 -1   -0.860    -0.470035      0.152      0.390     1.527891     1.057856  40  -1   -1.000
1XXN NA54E   N E 11  3 -1 -1 -1   -0.645    -0.223718      0.177      0.421     1.278515     1.054797  63  -1   -1.000
1XXN SA22E   S E 15  3 -1 -1 -1    0.239     0.253171      0.000      0.014     0.705050     0.958221  39  -1   -1.000
1XXN SA27E   S E 15  3 -1 -1 -1   -0.645    -0.075927      0.324      0.569     1.139697     1.063770  67  -1   -1.000
1XZO FA42W   F W  4 18 -1 -1 -1    2.870    -1.029189     15.204      3.899     2.267076     1.237886  81  -1   -1.000
1XZO WA101F  W F 18  4 -1 -1 -1   -2.890    -1.981370      0.826      0.909     3.997408     2.016038  77  -1   -1.000
1XZO WA36A   W A 18  0 -1 -1 -1   -8.930    -1.973914     48.387      6.956     3.257715     1.283801  92  -1   -1.000
1XZO WA36F   W F 18  4 -1 -1 -1   -4.250     0.300218     20.704      4.550     3.257715     3.557933  92  -1   -1.000
2ARF HA1069Q H Q  6 13 -1 -1 -1   -0.717    -0.631215      0.007      0.086    -0.042351    -0.673566  55  -1   -1.000
2BJD VA84D   V D 17  2 -1 -1 -1   -4.493    -4.736688      0.059      0.244     4.383038    -0.353650  49  -1   -1.000
2BJD VA84P   V P 17 12 -1 -1 -1   -4.517    -4.275342      0.058      0.242     4.383038     0.107696  49  -1   -1.000
2BJD YA86E   Y E 19  3 -1 -1 -1   -2.103    -2.977877      0.765      0.875     3.284925     0.307048  52  -1   -1.000
2C9Q YA79F   Y F 19  4 -1 -1 -1   -0.012    -0.890517      0.772      0.879     4.456498     3.565981  63  -1   -1.000
2C9Q YA79W   Y W 19 18 -1 -1 -1   -1.233    -1.924602      0.478      0.692     4.456498     2.531897  63  -1   -1.000
2CLR HB13F   H F  6  4 -1 -1 -1    0.120    -1.277772      1.954      1.398     1.416174     0.138402  60  -1   -1.000
2CLR HB31F   H F  6  4 -1 -1 -1    2.605     0.433768      4.714      2.171     1.747065     2.180833  65  -1   -1.000
2CLR HB51F   H F  6  4 -1 -1 -1   -1.912     1.344388     10.604      3.256     1.233231     2.577619  74  -1   -1.000
2CLR HB84A   H A  6  0 -1 -1 -1   -2.629    -1.393770      1.526      1.235     2.096741     0.702972  50  -1   -1.000
2DVV QA443H  Q H 13  6 -1 -1 -1    0.890    -0.744937      2.673      1.635     1.746146     1.001209  63  -1   -1.000
2DVV RA419W  R W 14 18 -1 -1 -1   -0.020    -0.218212      0.039      0.198     2.248336     2.030124  67  -1   -1.000
2H3F EA12A   E A  3  0 -1 -1 -1    1.070     0.168461      0.813      0.902     0.515883     0.684343  49  -1   -1.000
2HBB AA22G   A G  0  5 -1 -1 -1   -0.320    -0.323494      0.000      0.003     0.261676    -0.061818  32  -1   -1.000
2HBB AA26G   A G  0  5 -1 -1 -1   -1.790    -0.789759      1.000      1.000     0.914445     0.124686  40  -1   -1.000
2HBB AA36G   A G  0  5 -1 -1 -1   -1.550    -0.824736      0.526      0.725     1.102925     0.278189  49  -1   -1.000
2HBB AA39G   A G  0  5 -1 -1 -1   -1.590    -0.525300      1.134      1.065     0.930797     0.405496  44  -1   -1.000
2HBB AA42G   A G  0  5 -1 -1 -1   -0.330    -0.370891      0.002      0.041     0.615273     0.244382  23  -1   -1.000
2HBB AA46G   A G  0  5 -1 -1 -1   -0.550    -0.468619      0.007      0.081     0.580718     0.112099  24  -1   -1.000
2HBB AA49G   A G  0  5 -1 -1 -1   -0.220    -0.406625      0.035      0.187     0.444308     0.037683  18  -1   -1.000
2HBB DA23A   D A  2  0 -1 -1 -1   -0.030    -0.059124      0.001      0.029     0.549031     0.489907  30  -1   -1.000
2HBB DA23N   D N  2 11 -1 -1 -1   -0.790    -0.192876      0.357      0.597     0.549031     0.356155  30  -1   -1.000
2HBB DA8A    D A  2  0 -1 -1 -1   -1.300    -0.408033      0.796      0.892     1.042867     0.634834  31  -1   -1.000
2HBB DA8N    D N  2 11 -1 -1 -1   -0.380    -0.149456      0.053      0.231     1.042867     0.893411  31  -1   -1.000
2HBB EA17A   E A  3  0 -1 -1 -1   -1.690    -0.440253      1.562      1.250     1.131590     0.691337  39  -1   -1.000
2HBB EA17Q   E Q  3 13 -1 -1 -1   -0.330    -0.085424      0.060      0.245     1.131590     1.046166  39  -1   -1.000
2HBB EA38A   E A  3  0 -1 -1 -1   -0.410    -0.365784      0.002      0.044     1.225695     0.859911  47  -1   -1.000
2HBB EA38Q   E Q  3 13 -1 -1 -1   -0.680    -0.136680      0.295      0.543     1.225695     1.089015  47  -1   -1.000
2HBB EA48Q   E Q  3 13 -1 -1 -1    0.070     0.054448      0.000      0.016     0.539449     0.593897  24  -1   -1.000
2HBB FA31A   F A  4  0 -1 -1 -1   -2.840    -0.988055      3.430      1.852     1.575061     0.587006  42  -1   -1.000
2HBB FA5L    F L  4  9 -1 -1 -1   -1.150    -0.161441      0.977      0.989     2.471829     2.310388  50  -1   -1.000
2HBB GA24A   G A  5  0 -1 -1 -1    0.020     0.278041      0.067      0.258     0.357552     0.635593  29  -1   -1.000
2HBB GA34A   G A  5  0 -1 -1 -1   -1.020    -1.065498      0.002      0.045     1.004877    -0.060621  42  -1   -1.000
2HBB IA18A   I A  7  0 -1 -1 -1   -2.050    -1.889574      0.026      0.160     2.423413     0.533839  43  -1   -1.000
2HBB IA18V   I V  7 17 -1 -1 -1   -0.070    -0.490860      0.177      0.421     2.423413     1.932552  43  -1   -1.000
2HBB IA37A   I A  7  0 -1 -1 -1   -1.280    -1.815578      0.287      0.536     2.460910     0.645333  48  -1   -1.000
2HBB IA37V   I V  7 17 -1 -1 -1    0.090    -0.255835      0.120      0.346     2.460910     2.205075  48  -1   -1.000
2HBB IA4V    I V  7 17 -1 -1 -1   -0.590    -0.207448      0.146      0.383     2.611860     2.404412  50  -1   -1.000
2HBB KA10E   K E  8  3 -1 -1 -1    0.130     0.012624      0.014      0.117     0.662282     0.674906  28  -1   -1.000
2HBB KA10M   K M  8 10 -1 -1 -1    0.470    -0.377438      0.718      0.847     0.662282     0.284843  28  -1   -1.000
2HBB KA12A   K A  8  0 -1 -1 -1    0.610     0.441538      0.028      0.168    -0.042827     0.398711  38  -1   -1.000
2HBB KA12G   K G  8  5 -1 -1 -1    0.030     0.105245      0.006      0.075    -0.042827     0.062418  38  -1   -1.000
2HBB KA12M   K M  8 10 -1 -1 -1    1.800     1.053751      0.557      0.746    -0.042827     1.010924  38  -1   -1.000
2HBB KA14A   K A  8  0 -1 -1 -1   -0.730    -0.903719      0.030      0.174     1.194342     0.290624  34  -1   -1.000
2HBB KA14G   K G  8  5 -1 -1 -1   -1.300    -0.921148      0.144      0.379     1.194342     0.273194  34  -1   -1.000
2HBB KA14M   K M  8 10 -1 -1 -1   -0.340    -2.238483      3.604      1.898     1.194342    -1.044141  34  -1   -1.000
2HBB KA15G   K G  8  5 -1 -1 -1   -1.740    -0.353848      1.921      1.386     0.586690     0.232842  36  -1   -1.000
2HBB KA15M   K M  8 10 -1 -1 -1   -0.440    -0.572702      0.018      0.133     0.586690     0.013988  36  -1   -1.000
2HBB KA7M    K M  8 10 -1 -1 -1    0.210     0.067731      0.020      0.142     1.268685     1.336416  40  -1   -1.000
2HBB LA30A   L A  9  0 -1 -1 -1   -2.760    -1.706575      1.110      1.053     2.437476     0.730901  40  -1   -1.000
2HBB LA35A   L A  9  0 -1 -1 -1   -1.210    -1.118398      0.008      0.092     2.096520     0.978122  45  -1   -1.000
2HBB LA44A   L A  9  0 -1 -1 -1   -1.730    -1.029417      0.491      0.701     1.698551     0.669134  31  -1   -1.000
2HBB LA47A   L A  9  0 -1 -1 -1   -0.840    -1.068111      0.052      0.228     1.665072     0.596961  30  -1   -1.000
2HBB LA6A    L A  9  0 -1 -1 -1   -3.100    -2.018198      1.170      1.082     2.637174     0.618975  47  -1   -1.000
2HBB MA1A    M A 10  0 -1 -1 -1   -1.460    -0.607766      0.726      0.852     1.210934     0.603168  35  -1   -1.000
2HBB TA40S   T S 16 15 -1 -1 -1   -0.800     0.170061      0.941      0.970     0.781878     0.951938  33  -1   -1.000
2HBB VA21A   V A 17  0 -1 -1 -1   -2.330    -1.815695      0.265      0.514     2.475530     0.659835  39  -1   -1.000
2HBB VA3A    V A 17  0 -1 -1 -1   -2.550    -1.794988      0.570      0.755     2.609978     0.814990  47  -1   -1.000
2HBB VA9A    V A 17  0 -1 -1 -1   -1.810    -1.529575      0.079      0.280     1.950941     0.421366  36  -1   -1.000
2JIE CA170A  C A  1  0 -1 -1 -1    2.997    -2.437618     29.535      5.435     2.744331     0.306713  90  -1   -1.000
2JIE CA170Q  C Q  1 13 -1 -1 -1    2.581    -2.560268     26.433      5.141     2.744331     0.184063  90  -1   -1.000
2JIE EA157D  E D  3  2 -1 -1 -1   -2.075     0.348220      5.872      2.423     1.037131     1.385351  48  -1   -1.000
2JIE EA167A  E A  3  0 -1 -1 -1    4.247    -2.466079     45.065      6.713     3.037729     0.571650 104  -1   -1.000
2JIE EA225A  E A  3  0 -1 -1 -1   -4.360    -0.616668     14.013      3.743     1.399233     0.782565  84  -1   -1.000
2JIE EA225H  E H  3  6 -1 -1 -1   -1.515    -0.996872      0.268      0.518     1.399233     0.402360  84  -1   -1.000
2JIE EA409A  E A  3  0 -1 -1 -1    0.825    -2.170781      8.975      2.996     2.364451     0.193670  89  -1   -1.000
2JIE EA409D  E D  3  2 -1 -1 -1   -0.909    -2.452933      2.384      1.544     2.364451    -0.088482  89  -1   -1.000
2JIE EA426S  E S  3 15 -1 -1 -1    0.870    -0.195001      1.134      1.065     0.779191     0.584190  37  -1   -1.000
2JIE FA418A  F A  4  0 -1 -1 -1   -0.165    -6.814041     44.210      6.649     6.736841    -0.077200  93  -1   -1.000
2JIE HA104R  H R  6 14 -1 -1 -1    1.536     0.855975      0.462      0.680     1.156139     2.012114  54  -1   -1.000
2JIE IA247E  I E  7  3 -1 -1 -1    1.241    -1.337814      6.650      2.579     2.165041     0.827227  93  -1   -1.000
2JIE IA247N  I N  7 11 -1 -1 -1    0.974    -0.846412      3.314      1.820     2.165041     1.318629  93  -1   -1.000
2JIE LA174A  L A  9  0 -1 -1 -1   -0.790    -1.358485      0.323      0.568     2.111947     0.753462  74  -1   -1.000
2JIE LA174R  L R  9 14 -1 -1 -1    0.336    -1.043661      1.903      1.380     2.111947     1.068287  74  -1   -1.000
2JIE MA224A  M A 10  0 -1 -1 -1   -4.098    -2.280129      3.305      1.818     3.859891     1.579762  91  -1   -1.000
2JIE MA326A  M A 10  0 -1 -1 -1   -1.298    -1.400057      0.010      0.102     1.884384     0.484327  54  -1   -1.000
2JIE NA166A  N A 11  0 -1 -1 -1   -3.397    -2.326610      1.146      1.070     3.214585     0.887975 103  -1   -1.000
2JIE NA166C  N C 11  1 -1 -1 -1   -2.964    -2.433224      0.282      0.531     3.214585     0.781360 103  -1   -1.000
2JIE NA223A  N A 11  0 -1 -1 -1   -0.671    -1.590265      0.845      0.919     2.283775     0.693510  95  -1   -1.000
2JIE NA223G  N G 11  5 -1 -1 -1    3.462    -1.878522     28.521      5.341     2.283775     0.405253  95  -1   -1.000
2JIE NA223H  N H 11  6 -1 -1 -1    2.583    -0.549037      9.810      3.132     2.283775     1.734737  95  -1   -1.000
2JIE NA223R  N R 11 14 -1 -1 -1    3.976    -0.611999     21.050      4.588     2.283775     1.671776  95  -1   -1.000
2JIE NA223Y  N Y 11 19 -1 -1 -1    5.730    -1.026193     45.646      6.756     2.283775     1.257581  95  -1   -1.000
2JIE NA296A  N A 11  0 -1 -1 -1   -2.250    -2.124176      0.016      0.126     3.077983     0.953807 104  -1   -1.000
2JIE NA296C  N C 11  1 -1 -1 -1   -0.017    -1.649809      2.666      1.633     3.077983     1.428174 104  -1   -1.000
2JIE NA407A  N A 11  0 -1 -1 -1    0.464    -2.645149      9.667      3.109     2.942421     0.297272  88  -1   -1.000
2JIE NA407C  N C 11  1 -1 -1 -1    0.143    -2.529954      7.145      2.673     2.942421     0.412467  88  -1   -1.000
2JIE QA22S   Q S 13 15 -1 -1 -1   -0.209    -3.483024     10.719      3.274     3.799449     0.316426 103  -1   -1.000
2JIE RA243A  R A 14  0 -1 -1 -1   -0.166    -0.235558      0.005      0.070     1.528057     1.292498  77  -1   -1.000
2JIE RA243D  R D 14  2 -1 -1 -1    0.213    -0.791685      1.009      1.005     1.528057     0.736372  77  -1   -1.000
2JIE RA243K  R K 14  8 -1 -1 -1   -1.463    -0.222256      1.539      1.241     1.528057     1.305801  77  -1   -1.000
2JIE SA17A   S A 15  0 -1 -1 -1   -1.246     0.635275      3.539      1.881     1.462505     2.097780 108  -1   -1.000
2JIE SA19A   S A 15  0 -1 -1 -1    0.951     0.083623      0.752      0.867     1.647600     1.731223 108  -1   -1.000
2JIE SA334A  S A 15  0 -1 -1 -1   -1.454     0.426016      3.534      1.880     0.740986     1.167002  69  -1   -1.000
2JIE SA403A  S A 15  0 -1 -1 -1    0.920    -1.196184      4.478      2.116     1.651984     0.455800 113  -1   -1.000
2JIE TA18A   T A 16  0 -1 -1 -1   -0.994    -1.964882      0.943      0.971     2.506592     0.541710 107  -1   -1.000
2JIE TA221A  T A 16  0 -1 -1 -1    3.189    -0.924865     16.924      4.114     2.077514     1.152648 103  -1   -1.000
2JIE TA355A  T A 16  0 -1 -1 -1   -2.961    -2.122916      0.702      0.838     2.964407     0.841491  96  -1   -1.000
2JIE WA123F  W F 18  4 -1 -1 -1    2.190    -3.971917     37.969      6.162     7.087373     3.115456 112  -1   -1.000
2JIE WA123H  W H 18  6 -1 -1 -1    1.060    -5.837110     47.570      6.897     7.087373     1.250263 112  -1   -1.000
2JIE WA328A  W A 18  0 -1 -1 -1   -1.159    -2.338482      1.391      1.179     2.544373     0.205891  58  -1   -1.000
2JIE WA328C  W C 18  1 -1 -1 -1   -2.664    -1.926199      0.544      0.738     2.544373     0.618174  58  -1   -1.000
2JIE WA328H  W H 18  6 -1 -1 -1   -2.573    -2.030206      0.295      0.543     2.544373     0.514167  58  -1   -1.000
2JIE WA328R  W R 18 14 -1 -1 -1   -0.950    -1.922435      0.946      0.972     2.544373     0.621938  58  -1   -1.000
2JIE WA402C  W C 18  1 -1 -1 -1   -0.360    -4.068106     13.750      3.708     4.715007     0.646901 106  -1   -1.000
2JIE WA402R  W R 18 14 -1 -1 -1    2.615    -4.192364     46.340      6.807     4.715007     0.522643 106  -1   -1.000
2JIE WA412Y  W Y 18 19 -1 -1 -1    0.599    -0.499368      1.206      1.098     2.080027     1.580660  65  -1   -1.000
2JIE YA21A   Y A 19  0 -1 -1 -1   -3.443    -6.908051     12.007      3.465     7.239376     0.331324  95  -1   -1.000
2JIE YA297A  Y A 19  0 -1 -1 -1    1.072    -3.579979     21.641      4.652     4.210734     0.630754  91  -1   -1.000
2JIE YA297F  Y F 19  4 -1 -1 -1   -1.853    -1.089229      0.583      0.764     4.210734     3.121505  91  -1   -1.000
2JUC CA57D   C D  1  2 -1 -1 -1   -2.540    -0.348755      4.802      2.191     0.388895     0.040139  38  -1   -1.000
2JUC CA57S   C S  1 15 -1 -1 -1   -0.710    -0.135241      0.330      0.575     0.388895     0.253654  38  -1   -1.000
2JUC RA18A   R A 14  0 -1 -1 -1   -1.750    -0.507857      1.543      1.242     1.404156     0.896298  42  -1   -1.000
2KJ3 DA288A  D A  2  0 -1 -1 -1    1.200    -0.478657      2.818      1.679     0.493348     0.014691  64  -1   -1.000
2KJ3 EA272A  E A  3  0 -1 -1 -1    1.900    -0.763152      7.092      2.663     0.911347     0.148195  42  -1   -1.000
2KJ3 GA278A  G A  5  0 -1 -1 -1   -0.800    -0.985324      0.034      0.185     1.188001     0.202676  78  -1   -1.000
2KJ3 KA229A  K A  8  0 -1 -1 -1    1.500     0.035887      2.144      1.464     0.567417     0.603304  42  -1   -1.000
2KJ3 LA241A  L A  9  0 -1 -1 -1    1.000    -1.078626      4.321      2.079     1.861053     0.782427  59  -1   -1.000
2KJ3 SA273A  S A 15  0 -1 -1 -1    1.400     0.300159      1.210      1.100     0.565810     0.865970  56  -1   -1.000
2KJ3 VA239A  V A 17  0 -1 -1 -1    1.000    -3.015369     16.123      4.015     3.548843     0.533474  66  -1   -1.000
2KJ3 VA264A  V A 17  0 -1 -1 -1    1.000    -1.936243      8.622      2.936     2.802997     0.866754  61  -1   -1.000
2KJ3 VA267A  V A 17  0 -1 -1 -1    0.200    -2.253796      6.021      2.454     3.191317     0.937521  66  -1   -1.000
2KS4 DA9A    D A  2  0 -1 -1 -1    1.260    -0.757068      4.069      2.017     0.826416     0.069347  41  -1   -1.000
2KS4 EA2A    E A  3  0 -1 -1 -1   -0.230    -0.221421      0.000      0.009     0.346741     0.125319  47  -1   -1.000
2LTB LA558P  L P  9 12 -1 -1 -1   -1.570    -1.988094      0.175      0.418     1.518159    -0.469935  44  -1   -1.000
2LTB LA569R  L R  9 14 -1 -1 -1   -3.110    -1.648189      2.137      1.462     3.033379     1.385189  76  -1   -1.000
2LTB MA619K  M K 10  8 -1 -1 -1   -3.340    -0.194292      9.895      3.146     1.269838     1.075545  51  -1   -1.000
2LTB RA533Q  R Q 14 13 -1 -1 -1   -1.100    -0.410871      0.475      0.689     1.226390     0.815519  38  -1   -1.000
2LTB RA555Q  R Q 14 13 -1 -1 -1   -0.360    -0.303533      0.003      0.056     0.589543     0.286011  41  -1   -1.000
2LTB RA555W  R W 14 18 -1 -1 -1    1.790     0.899930      0.792      0.890     0.589543     1.489474  41  -1   -1.000
2M5S DA302A  D A  2  0 -1 -1 -1   -4.000    -0.745941     10.589      3.254     1.270010     0.524069  32  -1   -1.000
2M5S HA305A  H A  6  0 -1 -1 -1   -2.000    -0.295588      2.905      1.704     0.667493     0.371905  58  -1   -1.000
2MPC AA89T   A T  0 16 -1 -1 -1   -0.240    -0.532189      0.085      0.292     0.977044     0.444855  42  -1   -1.000
2MPC RA42A   R A 14  0 -1 -1 -1    0.620    -0.611317      1.516      1.231     1.337380     0.726063  39  -1   -1.000
2MPC RA42W   R W 14 18 -1 -1 -1    2.080    -0.250028      5.429      2.330     1.337380     1.087351  39  -1   -1.000
2N7Z PA88A   P A 12  0 -1 -1 -1   -0.600    -0.613291      0.000      0.013     1.401143     0.787852  55  -1   -1.000
2NTE IA738V  I V  7 17 -1 -1 -1   -2.000    -0.344045      2.742      1.656     3.889073     3.545028  73  -1   -1.000
2NTE RA658C  R C 14  1 -1 -1 -1   -2.300    -1.022084      1.633      1.278     1.588591     0.566507  61  -1   -1.000
2OUO AA420D  A D  0  2 -1 -1 -1    0.440    -0.022560      0.214      0.463     1.238082     1.215523  57  -1   -1.000
2PR5 AA33Y   A Y  0 19 -1 -1 -1    0.500    -0.414504      0.836      0.915     0.715084     0.300580  39  -1   -1.000
2PR5 AA81M   A M  0 10 -1 -1 -1   -0.400     0.570876      0.943      0.971     1.115118     1.685994  45  -1   -1.000
2PR5 DA109E  D E  2  3 -1 -1 -1    0.300     0.101116      0.040      0.199     0.892198     0.993314  78  -1   -1.000
2PR5 HA22K   H K  6  8 -1 -1 -1    0.300     0.230723      0.005      0.069     0.232754     0.463477  53  -1   -1.000
2PR5 HA22W   H W  6 18 -1 -1 -1    1.200    -0.832690      4.132      2.033     0.232754    -0.599936  53  -1   -1.000
2PR5 MA111F  M F 10  4 -1 -1 -1    2.900     0.500828      5.756      2.399     2.258497     2.759325  68  -1   -1.000
2PR5 NA107F  N F 11  4 -1 -1 -1    0.900     2.018590      1.251      1.119     0.746273     2.764863  85  -1   -1.000
2PR5 NA107Y  N Y 11 19 -1 -1 -1    0.800     2.620338      3.314      1.820     0.746273     3.366611  85  -1   -1.000
2PR5 NA124F  N F 11  4 -1 -1 -1    1.100     2.518395      2.012      1.418     0.989913     3.508308  77  -1   -1.000
2PR5 NA124Y  N Y 11 19 -1 -1 -1    2.600     1.838250      0.580      0.762     0.989913     2.828163  77  -1   -1.000
2PR5 TA30M   T M 16 10 -1 -1 -1    0.500     0.451204      0.002      0.049     1.728683     2.179887  77  -1   -1.000
2PR5 TA50M   T M 16 10 -1 -1 -1   -0.500     0.865045      1.863      1.365     1.417931     2.282976  61  -1   -1.000
2PR5 TA54Y   T Y 16 19 -1 -1 -1    0.200     1.099477      0.809      0.899     0.596194     1.695671  46  -1   -1.000
2PR5 VA120I  V I 17  7 -1 -1 -1    1.400     0.134228      1.602      1.266     5.111511     5.245739  94  -1   -1.000
2PR5 VA25I   V I 17  7 -1 -1 -1    0.400    -1.078880      2.187      1.479     3.267307     2.188427  84  -1   -1.000
2PR5 VA88L   V L 17  9 -1 -1 -1   -0.200    -0.876418      0.458      0.676     2.750553     1.874135  56  -1   -1.000
2PR5 VA90I   V I 17  7 -1 -1 -1   -0.700    -0.461298      0.057      0.239     3.068947     2.607649  63  -1   -1.000
2PTL AA22G   A G  0  5 -1 -1 -1   -2.430    -0.830286      2.559      1.600     1.226672     0.396385  52  -1   -1.000
2PTL AA27P   A P  0 12 -1 -1 -1    0.100     0.521164      0.177      0.421     0.504736     1.025901  28  -1   -1.000
2PTL AA27V   A V  0 17 -1 -1 -1   -0.830    -0.331393      0.249      0.499     0.504736     0.173343  28  -1   -1.000
2PTL AA34G   A G  0  5 -1 -1 -1   -2.170    -0.261700      3.642      1.908     0.476384     0.214684  49  -1   -1.000
2PTL AA34V   A V  0 17 -1 -1 -1    1.470     1.924529      0.207      0.455     0.476384     2.400913  49  -1   -1.000
2PTL AA43G   A G  0  5 -1 -1 -1   -2.540    -0.521871      4.073      2.018     0.832556     0.310686  42  -1   -1.000
2PTL AA47G   A G  0  5 -1 -1 -1   -3.100    -0.905037      4.818      2.195     0.969553     0.064516  50  -1   -1.000
2PTL AA49G   A G  0  5 -1 -1 -1   -1.320    -0.510976      0.655      0.809     0.546747     0.035771  44  -1   -1.000
2PTL AA51G   A G  0  5 -1 -1 -1   -3.120    -0.913642      4.868      2.206     1.174339     0.260697  49  -1   -1.000
2PTL AA66G   A G  0  5 -1 -1 -1   -0.490    -0.512375      0.001      0.022     0.323891    -0.188484  34  -1   -1.000
2PTL DA52A   D A  2  0 -1 -1 -1   -1.210     0.182247      1.938      1.392     0.734835     0.917082  41  -1   -1.000
2PTL DA52G   D G  2  5 -1 -1 -1   -2.140    -0.637684      2.257      1.502     0.734835     0.097151  41  -1   -1.000
2PTL DA64A   D A  2  0 -1 -1 -1   -0.200    -0.122268      0.006      0.078     0.446242     0.323973  42  -1   -1.000
2PTL EA35A   E A  3  0 -1 -1 -1   -0.590    -0.018653      0.326      0.571     0.550928     0.532275  47  -1   -1.000
2PTL EA46G   E G  3  5 -1 -1 -1   -1.190    -0.796054      0.155      0.394     0.937660     0.141607  40  -1   -1.000
2PTL EA46I   E I  3  7 -1 -1 -1   -1.080     0.412392      2.227      1.492     0.937660     1.350052  40  -1   -1.000
2PTL EA60A   E A  3  0 -1 -1 -1   -0.230    -0.657562      0.183      0.428     0.660170     0.002608  37  -1   -1.000
2PTL FA26A   F A  4  0 -1 -1 -1   -3.120    -1.483004      2.680      1.637     1.804553     0.321548  36  -1   -1.000
2PTL FA26L   F L  4  9 -1 -1 -1   -0.680    -0.617782      0.004      0.062     1.804553     1.186770  36  -1   -1.000
2PTL FA36A   F A  4  0 -1 -1 -1   -4.150    -0.177117     15.784      3.973     0.852023     0.674906  44  -1   -1.000
2PTL FA36L   F L  4  9 -1 -1 -1   -3.120    -0.199573      8.529      2.920     0.852023     0.652450  44  -1   -1.000
2PTL FA40G   F G  4  5 -1 -1 -1   -3.080     0.490270     12.747      3.570     0.022084     0.512354  34  -1   -1.000
2PTL FA40L   F L  4  9 -1 -1 -1   -0.380    -0.623034      0.059      0.243     0.022084    -0.600950  34  -1   -1.000
2PTL FA76L   F L  4  9 -1 -1 -1   -3.340    -0.716185      6.884      2.624     1.983129     1.266944  39  -1   -1.000
2PTL FA76V   F V  4 17 -1 -1 -1   -3.730    -0.299676     11.767      3.430     1.983129     1.683453  39  -1   -1.000
2PTL GA29A   G A  5  0 -1 -1 -1   -1.520    -0.845879      0.454      0.674     0.616455    -0.229424  24  -1   -1.000
2PTL GA29V   G V  5 17 -1 -1 -1   -2.530    -1.438260      1.192      1.092     0.616455    -0.821805  24  -1   -1.000
2PTL GA38A   G A  5  0 -1 -1 -1   -2.080    -0.741078      1.793      1.339     0.902865     0.161786  31  -1   -1.000
2PTL GA59A   G A  5  0 -1 -1 -1   -2.230    -0.433339      3.228      1.797     0.428749    -0.004589  31  -1   -1.000
2PTL GA69A   G A  5  0 -1 -1 -1   -2.040    -0.687219      1.830      1.353     0.545204    -0.142015  35  -1   -1.000
2PTL IA20A   I A  7  0 -1 -1 -1   -4.900    -1.590777     10.951      3.309     2.144754     0.553977  43  -1   -1.000
2PTL IA20V   I V  7 17 -1 -1 -1   -0.560     0.191956      0.565      0.752     2.144754     2.336710  43  -1   -1.000
2PTL IA25A   I A  7  0 -1 -1 -1   -1.370    -0.970197      0.160      0.400     1.478225     0.508028  42  -1   -1.000
2PTL IA25V   I V  7 17 -1 -1 -1   -0.470    -0.186812      0.080      0.283     1.478225     1.291413  42  -1   -1.000
2PTL IA74A   I A  7  0 -1 -1 -1   -4.720    -3.352482      1.870      1.368     3.699303     0.346821  53  -1   -1.000
2PTL IA74V   I V  7 17 -1 -1 -1   -1.690    -0.121143      2.461      1.569     3.699303     3.578160  53  -1   -1.000
2PTL KA21A   K A  8  0 -1 -1 -1   -0.920    -0.443199      0.227      0.477     1.185617     0.742418  49  -1   -1.000
2PTL KA37A   K A  8  0 -1 -1 -1   -0.880     0.362268      1.543      1.242    -0.045467     0.316800  37  -1   -1.000
2PTL KA42G   K G  8  5 -1 -1 -1    0.160    -0.365758      0.276      0.526     0.573355     0.207597  33  -1   -1.000
2PTL KA55A   K A  8  0 -1 -1 -1    0.580     0.122326      0.209      0.458     0.221601     0.343927  37  -1   -1.000
2PTL KA56A   K A  8  0 -1 -1 -1    0.350    -0.151527      0.252      0.502     0.452097     0.300570  29  -1   -1.000
2PTL KA68A   K A  8  0 -1 -1 -1   -0.090     0.057046      0.022      0.147    -0.099341    -0.042295  28  -1   -1.000
2PTL KA75A   K A  8  0 -1 -1 -1   -0.450    -0.123970      0.106      0.326     0.550690     0.426720  46  -1   -1.000
2PTL LA24A   L A  9  0 -1 -1 -1   -3.120    -1.235795      3.550      1.884     1.985984     0.750189  49  -1   -1.000
2PTL LA54A   L A  9  0 -1 -1 -1   -2.440    -0.848472      2.533      1.592     1.307970     0.459498  41  -1   -1.000
2PTL LA72A   L A  9  0 -1 -1 -1   -3.770    -0.772802      8.983      2.997     1.458590     0.685787  50  -1   -1.000
2PTL NA23A   N A 11  0 -1 -1 -1   -1.870    -0.494087      1.893      1.376     1.005483     0.511395  54  -1   -1.000
2PTL NA28A   N A 11  0 -1 -1 -1   -1.780    -0.425539      1.835      1.354     0.524684     0.099145  25  -1   -1.000
2PTL NA58A   N A 11  0 -1 -1 -1   -0.340     0.254349      0.353      0.594    -0.616741    -0.362392  31  -1   -1.000
2PTL NA73A   N A 11  0 -1 -1 -1   -1.730    -0.262027      2.155      1.468     0.791862     0.529836  52  -1   -1.000
2PTL SA30A   S A 15  0 -1 -1 -1   -0.300    -0.019925      0.078      0.280     0.421197     0.401272  28  -1   -1.000
2PTL SA45A   S A 15  0 -1 -1 -1    0.410     0.175477      0.055      0.235     0.530796     0.706273  44  -1   -1.000
2PTL SA45G   S G 15  5 -1 -1 -1   -0.820    -0.400048      0.176      0.420     0.530796     0.130748  44  -1   -1.000
2PTL TA19A   T A 16  0 -1 -1 -1   -1.630     0.067257      2.881      1.697     0.326198     0.393455  37  -1   -1.000
2PTL TA31A   T A 16  0 -1 -1 -1   -1.170    -0.071332      1.207      1.099     0.363851     0.292519  38  -1   -1.000
2PTL TA33A   T A 16  0 -1 -1 -1   -1.110    -0.372137      0.544      0.738     0.779628     0.407491  47  -1   -1.000
2PTL TA39A   T A 16  0 -1 -1 -1   -1.250    -0.074118      1.383      1.176     0.035410    -0.038708  31  -1   -1.000
2PTL TA44A   T A 16  0 -1 -1 -1   -1.090     0.519822      2.592      1.610     0.379492     0.899314  45  -1   -1.000
2PTL TA53G   T G 16  5 -1 -1 -1   -0.170    -0.278522      0.012      0.109     0.378053     0.099531  40  -1   -1.000
2PTL TA62A   T A 16  0 -1 -1 -1   -0.970    -0.301400      0.447      0.669     0.911791     0.610391  44  -1   -1.000
2PTL TA71A   T A 16  0 -1 -1 -1   -1.830    -0.417914      1.994      1.412     0.694845     0.276931  46  -1   -1.000
2PTL VA18A   V A 17  0 -1 -1 -1   -1.220    -1.106428      0.013      0.114     1.553915     0.447487  32  -1   -1.000
2PTL VA63A   V A 17  0 -1 -1 -1   -0.920    -2.256374      1.786      1.336     2.826827     0.570453  49  -1   -1.000
2PTL VA65A   V A 17  0 -1 -1 -1   -1.140    -0.881944      0.067      0.258     1.270096     0.388152  39  -1   -1.000
2PTL YA48A   Y A 19  0 -1 -1 -1   -2.820    -0.540395      5.197      2.280     1.177331     0.636936  51  -1   -1.000
2PTL YA50A   Y A 19  0 -1 -1 -1   -2.460    -1.399093      1.126      1.061     2.015075     0.615982  49  -1   -1.000
2PTL YA70A   Y A 19  0 -1 -1 -1   -1.660    -0.082159      2.490      1.578     0.676717     0.594558  42  -1   -1.000
2PTL YA70L   Y L 19  9 -1 -1 -1    0.430    -0.090277      0.271      0.520     0.676717     0.586439  42  -1   -1.000
2RPN EA7L    E L  3  9 -1 -1 -1    1.050     0.622269      0.183      0.428     0.607927     1.230196  40  -1   -1.000
2RPN VA21K   V K 17  8 -1 -1 -1    0.390     0.407539      0.000      0.018     0.707046     1.114585  42  -1   -1.000
2VY0 DA287A  D A  2  0 -1 -1 -1   -5.975    -1.693602     18.330      4.281     2.596027     0.902425  66  -1   -1.000
2VY0 EA53A   E A  3  0 -1 -1 -1   -6.597    -1.002860     31.294      5.594     1.381644     0.378784  61  -1   -1.000
2WQG DA15A   D A  2  0 -1 -1 -1    0.300     0.066555      0.054      0.233     0.889036     0.955591  35  -1   -1.000
2WQG DA38A   D A  2  0 -1 -1 -1    0.100     0.231456      0.017      0.131     0.472580     0.704035  46  -1   -1.000
2WQG DA39A   D A  2  0 -1 -1 -1   -2.200     0.417431      6.851      2.617     0.279233     0.696664  42  -1   -1.000
2WQG DA39N   D N  2 11 -1 -1 -1   -2.600     0.276170      8.272      2.876     0.279233     0.555404  42  -1   -1.000
2WQG EA40Q   E Q  3 13 -1 -1 -1   -0.100     0.061729      0.026      0.162     0.512341     0.574070  32  -1   -1.000
2WQG EA41G   E G  3  5 -1 -1 -1   -0.400    -0.385566      0.000      0.014     0.433877     0.048310  31  -1   -1.000
2WQG IA36A   I A  7  0 -1 -1 -1   -0.900    -0.440837      0.211      0.459     1.273057     0.832220  46  -1   -1.000
2WQG IA36V   I V  7 17 -1 -1 -1   -0.300    -0.128698      0.029      0.171     1.273057     1.144360  46  -1   -1.000
2WQG KA14A   K A  8  0 -1 -1 -1   -0.400     0.151178      0.304      0.551     0.910476     1.061654  36  -1   -1.000
2WQG KA14G   K G  8  5 -1 -1 -1   -1.900    -0.863158      1.075      1.037     0.910476     0.047318  36  -1   -1.000
2WQG KA19A   K A  8  0 -1 -1 -1   -0.300     0.006700      0.094      0.307     0.891862     0.898562  34  -1   -1.000
2WQG KA28A   K A  8  0 -1 -1 -1   -0.600     0.135421      0.541      0.735     0.208120     0.343541  36  -1   -1.000
2WQG LA13A   L A  9  0 -1 -1 -1   -0.500    -1.080950      0.338      0.581     2.449064     1.368114  38  -1   -1.000
2WQG LA16A   L A  9  0 -1 -1 -1   -1.300    -0.662790      0.406      0.637     1.449710     0.786921  39  -1   -1.000
2WQG LA8A    L A  9  0 -1 -1 -1   -2.000    -1.021465      0.958      0.979     1.669796     0.648331  33  -1   -1.000
2WQG QA12A   Q A 13  0 -1 -1 -1   -0.600    -0.111229      0.239      0.489     0.943980     0.832751  35  -1   -1.000
2WQG QA12G   Q G 13  5 -1 -1 -1   -2.000    -0.747341      1.569      1.253     0.943980     0.196639  35  -1   -1.000
2WQG QA33A   Q A 13  0 -1 -1 -1    0.100    -0.314782      0.172      0.415     1.033892     0.719110  42  -1   -1.000
2WQG RA34A   R A 14  0 -1 -1 -1   -0.800    -0.164364      0.404      0.636     1.018509     0.854144  45  -1   -1.000
2WQG SA23A   S A 15  0 -1 -1 -1   -0.600    -0.447700      0.023      0.152     0.626478     0.178778  32  -1   -1.000
2WQG SA6A    S A 15  0 -1 -1 -1    0.100    -0.110451      0.044      0.210     0.284210     0.173759  32  -1   -1.000
2WQG SA6G    S G 15  5 -1 -1 -1   -0.200    -0.195513      0.000      0.004     0.284210     0.088697  32  -1   -1.000
2WQG TA9S    T S 16 15 -1 -1 -1    0.100     0.214925      0.013      0.115     0.878501     1.093425  30  -1   -1.000
2WQG VA10A   V A 17  0 -1 -1 -1   -0.100    -0.029399      0.005      0.071     0.757386     0.727987  32  -1   -1.000
2WQG VA10G   V G 17  5 -1 -1 -1   -0.700    -0.611269      0.008      0.089     0.757386     0.146117  32  -1   -1.000
2WQG VA11A   V A 17  0 -1 -1 -1    0.400    -0.132204      0.283      0.532     0.910984     0.778780  32  -1   -1.000
2WQG VA11G   V G 17  5 -1 -1 -1    0.100    -0.578928      0.461      0.679     0.910984     0.332056  32  -1   -1.000
2WQG VA24A   V A 17  0 -1 -1 -1   -0.500    -0.736368      0.056      0.236     0.526857    -0.209511  33  -1   -1.000
2WQG YA5F    Y F 19  4 -1 -1 -1   -2.400     0.379600      7.726      2.780     0.766877     1.146478  38  -1   -1.000
2ZTA EA11Q   E Q  3 13 -1 -1 -1   -0.740    -0.001888      0.545      0.738     0.954672     0.952784  35  -1   -1.000
2ZTA EA20Q   E Q  3 13 -1 -1 -1    0.200     0.011632      0.035      0.188     1.133711     1.145343  37  -1   -1.000
2ZTA EA22Q   E Q  3 13 -1 -1 -1   -1.830     0.176581      4.026      2.007     0.899001     1.075581  36  -1   -1.000
2ZTA KA15A   K A  8  0 -1 -1 -1   -0.410     0.262219      0.452      0.672     0.846388     1.108606  37  -1   -1.000
2ZTA KA27A   K A  8  0 -1 -1 -1   -0.910     0.052440      0.926      0.962     0.711222     0.763661  28  -1   -1.000
2ZTA KA28A   K A  8  0 -1 -1 -1   -0.060    -0.071815      0.000      0.012     0.669702     0.597887  23  -1   -1.000
2ZTA KA8A    K A  8  0 -1 -1 -1   -0.390     0.312549      0.494      0.703     0.735871     1.048421  34  -1   -1.000
2ZTA RA25A   R A 14  0 -1 -1 -1   -1.660    -0.257172      1.968      1.403     1.041711     0.784539  29  -1   -1.000
3BCI EA96Q   E Q  3 13 -1 -1 -1    1.369    -1.030479      5.758      2.399     0.575519    -0.454960  40  -1   -1.000
3BCI TA153V  T V 16 17 -1 -1 -1   -1.137     1.360743      6.239      2.498     1.277556     2.638299  60  -1   -1.000
3BN0 IA20V   I V  7 17 -1 -1 -1   -1.506    -0.700939      0.648      0.805     4.911889     4.210949  65  -1   -1.000
3C2I DA156E  D E  2  3 -1 -1 -1    0.880    -0.208063      1.184      1.088     0.828596     0.620533  46  -1   -1.000
3C2I FA155S  F S  4 15 -1 -1 -1    0.430    -2.394185      7.976      2.824     2.681122     0.286936  51  -1   -1.000
3C2I LA100V  L V  9 17 -1 -1 -1    1.110    -0.587115      2.880      1.697     2.179407     1.592293  43  -1   -1.000
3C2I PA152R  P R 12 14 -1 -1 -1    1.460    -0.935742      5.740      2.396     1.343459     0.407717  45  -1   -1.000
3C2I RA106Q  R Q 14 13 -1 -1 -1    0.120    -0.805972      0.857      0.926     1.610869     0.804898  50  -1   -1.000
3C2I RA106W  R W 14 18 -1 -1 -1    0.040     0.415532      0.141      0.376     1.610869     2.026401  50  -1   -1.000
3C2I RA111G  R G 14  5 -1 -1 -1   -0.430    -0.657671      0.052      0.228     0.593915    -0.063756  24  -1   -1.000
3C2I RA133C  R C 14  1 -1 -1 -1    0.370    -1.467616      3.377      1.838     1.721758     0.254142  48  -1   -1.000
3C2I RA133H  R H 14  6 -1 -1 -1    0.240    -0.589979      0.689      0.830     1.721758     1.131780  48  -1   -1.000
3C2I SA134C  S C 15  1 -1 -1 -1    1.050    -0.729382      3.166      1.779     1.350457     0.621074  45  -1   -1.000
3C2I TA158A  T A 16  0 -1 -1 -1    0.470    -0.301590      0.595      0.772     0.845429     0.543839  44  -1   -1.000
3C2I TA158M  T M 16 10 -1 -1 -1    0.250    -2.176650      5.889      2.427     0.845429    -1.331221  44  -1   -1.000
3D2A MA134E  M E 10  3 -1 -1 -1    3.020    -0.338778     11.281      3.359     0.604857     0.266079  35  -1   -1.000
3D2A MA137P  M P 10 12 -1 -1 -1    3.340     0.461374      8.286      2.879     0.742668     1.204041  49  -1   -1.000
3D2A SA163P  S P 15 12 -1 -1 -1    2.110     0.459607      2.724      1.650     0.813054     1.272661  47  -1   -1.000
3D3B DA118A  D A  2  0 -1 -1 -1   -0.650    -0.858702      0.044      0.209     0.927601     0.068899  38  -1   -1.000
3D3B DA118E  D E  2  3 -1 -1 -1   -0.600    -0.106355      0.244      0.494     0.927601     0.821246  38  -1   -1.000
3D3B DA118K  D K  2  8 -1 -1 -1   -1.600    -0.598359      1.003      1.002     0.927601     0.329242  38  -1   -1.000
3D3B DA118N  D N  2 11 -1 -1 -1   -1.340    -0.473945      0.750      0.866     0.927601     0.453656  38  -1   -1.000
3D3B DA118R  D R  2 14 -1 -1 -1   -1.410    -0.736559      0.454      0.673     0.927601     0.191042  38  -1   -1.000
3DV0 AI131G  A G  0  5 -1 -1 -1   -1.700    -0.462326      1.532      1.238     0.734193     0.271867  37  -1   -1.000
3DV0 AI139G  A G  0  5 -1 -1 -1   -2.300    -1.027616      1.619      1.272     0.948063    -0.079553  37  -1   -1.000
3DV0 AI165G  A G  0  5 -1 -1 -1   -0.900    -0.551598      0.121      0.348     0.612892     0.061294  32  -1   -1.000
3DV0 AI168G  A G  0  5 -1 -1 -1   -0.300    -0.355775      0.003      0.056     0.376056     0.020281  25  -1   -1.000
3DV0 DI145A  D A  2  0 -1 -1 -1   -2.100    -0.764517      1.784      1.335     1.191780     0.427263  35  -1   -1.000
3DV0 DI145N  D N  2 11 -1 -1 -1   -0.900    -0.083202      0.667      0.817     1.191780     1.108578  35  -1   -1.000
3DV0 DI162N  D N  2 11 -1 -1 -1   -2.000    -0.562290      2.067      1.438     1.047330     0.485040  39  -1   -1.000
3DV0 DI164A  D A  2  0 -1 -1 -1   -2.300     0.097571      5.748      2.398     0.543911     0.641482  35  -1   -1.000
3DV0 DI164G  D G  2  5 -1 -1 -1   -3.700    -0.472732     10.415      3.227     0.543911     0.071179  35  -1   -1.000
3DV0 DI164N  D N  2 11 -1 -1 -1   -1.900    -0.093216      3.264      1.807     0.543911     0.450695  35  -1   -1.000
3DV0 EI141A  E A  3  0 -1 -1 -1   -0.700    -0.231232      0.220      0.469     0.854995     0.623763  29  -1   -1.000
3DV0 EI141Q  E Q  3 13 -1 -1 -1   -0.400    -0.050452      0.122      0.350     0.854995     0.804543  29  -1   -1.000
3DV0 II130A  I A  7  0 -1 -1 -1   -0.700    -0.571270      0.017      0.129     1.031161     0.459891  31  -1   -1.000
3DV0 II130G  I G  7  5 -1 -1 -1   -1.400    -0.820843      0.335      0.579     1.031161     0.210318  31  -1   -1.000
3DV0 II130V  I V  7 17 -1 -1 -1   -0.200     0.088055      0.083      0.288     1.031161     1.119216  31  -1   -1.000
3DV0 II146A  I A  7  0 -1 -1 -1   -2.700    -1.430944      1.611      1.269     2.378875     0.947931  39  -1   -1.000
3DV0 II146V  I V  7 17 -1 -1 -1   -1.200    -0.237886      0.926      0.962     2.378875     2.140990  39  -1   -1.000
3DV0 II163V  I V  7 17 -1 -1 -1   -0.500    -0.256573      0.059      0.243     2.889863     2.633291  38  -1   -1.000
3DV0 LI159A  L A  9  0 -1 -1 -1   -2.000    -0.493111      2.271      1.507     0.919619     0.426508  40  -1   -1.000
3DV0 LI159G  L G  9  5 -1 -1 -1   -1.900    -0.567799      1.775      1.332     0.919619     0.351820  40  -1   -1.000
3DV0 LI159V  L V  9 17 -1 -1 -1   -0.600    -0.137040      0.214      0.463     0.919619     0.782579  40  -1   -1.000
3DV0 LI167A  L A  9  0 -1 -1 -1   -1.200    -0.745748      0.206      0.454     1.079750     0.334001  29  -1   -1.000
3DV0 LI167V  L V  9 17 -1 -1 -1   -0.200    -0.146048      0.003      0.054     1.079750     0.933702  29  -1   -1.000
