1J7N AA220G    0.500 7.5 19926859 30296 2 |    0.500 7.5 19926859 30297 2 |   -0.140 7.5 19926859 30298 2 |  3 1J7N   3  0.287  0.302
1J7N AA112G    0.500 7.5 19926859 30230 2 |    0.500 7.5 19926859 30231 2 |   -0.140 7.5 19926859 30232 2 |    0.890 7.5 19926859 30233 2 |    0.140 7.5 19926859 30234 2 |  5 1J7N   5  0.378  0.351
5AZU AA82G    -3.110 7.0 16962971 20042 4 |   -1.670 7.0 16042382 22126 4 |  2 5AZU   2 -2.390  0.720
1VQB CA33M    -3.500 7.0  8378307 23022 2 |   -3.500 7.0  7547934 90119 2 |  2 1VQB   2 -3.500  0.000
1VQB CA33S    -4.200 7.0  2038057 23941 2 |   -4.300 7.0  7547934 90046 2 |  2 1VQB   2 -4.250  0.050
1A43 CA218S   -2.300 7.3 12051856 20798 2 |   -2.800 7.3 12051856 20804 2 |  2 1A43   2 -2.550  0.250
1VQB CA33V    -0.200 7.0  8378307 23023 2 |   -0.200 7.0  7547934 90106 2 |  2 1VQB   2 -0.200  0.000
1J7N DA245G    0.500 7.5 19926859 30308 2 |    0.500 7.5 19926859 30309 2 |   -0.140 7.5 19926859 30310 2 |  3 1J7N   3  0.287  0.302
1VQB DA50H    -1.500 7.0  2038057 23945 2 |   -1.600 7.0  7547934 90091 2 |  2 1VQB   2 -1.550  0.050
1Y9X EA36A    -3.610 7.0 18779322 90598 2 |   -2.220 7.0 18779322 90599 2 |  2 1Y9X   2 -2.915  0.695
1SHF EA107A   -1.270 8.0  9819209 24112 4 |   -1.080 8.0 12079394 90656 4 |  2 1SHF   2 -1.175  0.095
1B26 EA231A   -0.170 7.0 12501181 16372 6 |   -0.350 7.0 12501181 28868 6 |   -0.950 7.0 12501181 28876 6 |  3 1B26   3 -0.490  0.333
1A43 EA159D   -2.100 7.3 12051856 20800 2 |   -4.900 7.3 12051856 20806 2 |  2 1A43   2 -3.500  1.400 OVERSIGMA
1SHF EA107D    0.680 8.0  9819209 24107 4 |    0.450 8.0 12079394 90651 4 |  2 1SHF   2  0.565  0.115
1VQB EA30F     2.000 7.0  8378307 23020 2 |    2.100 7.0  2038057 23939 2 |   -2.000 7.0  7547934 90040 2 |  3 1VQB   3  0.700  1.910 OVERSIGMA
1J7N EA126G    0.500 7.5 19926859 30242 2 |    0.500 7.5 19926859 30243 2 |   -0.140 7.5 19926859 30244 2 |  3 1J7N   3  0.287  0.302
1SHF EA107H   -0.990 8.0  9819209 24110 4 |   -0.960 8.0 12079394 90654 4 |  2 1SHF   2 -0.975  0.015
1SHF EA107I   -2.710 8.0  9819209 24118 4 |   -2.840 8.0 12079394 90662 4 |  2 1SHF   2 -2.775  0.065
1SHF EA107K   -0.970 8.0  9819209 24111 4 |   -1.030 8.0 12079394 90655 4 |  2 1SHF   2 -1.000  0.030
1SHF EA107L   -3.020 8.0  9819209 24119 4 |   -2.980 8.0 12079394 90663 4 |  2 1SHF   2 -3.000  0.020
1VQB EA30M     0.700 7.0  2038057 23940 2 |    0.600 7.0  7547934 90078 2 |  2 1VQB   2  0.650  0.050
1SHF EA107P   -1.710 8.0  9819209 24116 4 |   -1.890 8.0 12079394 90659 4 |  2 1SHF   2 -1.800  0.090
1Y9X EA36Q    -2.720 7.0 18779322 90600 2 |   -1.270 7.0 18779322 90601 2 |  2 1Y9X   2 -1.995  0.725
1SHF EA107Q   -0.740 8.0  9819209 24109 4 |   -0.670 8.0 12079394 90652 4 |  2 1SHF   2 -0.705  0.035
1SHF EA107R   -3.380 8.0  9819209 24120 4 |   -2.560 8.0 12079394 90661 4 |  2 1SHF   2 -2.970  0.410
1SHF EA107S   -1.640 8.0  9819209 24113 4 |   -1.270 8.0 12079394 90657 4 |  2 1SHF   2 -1.455  0.185
1SHF EA107T   -0.600 8.0  9819209 24108 4 |   -0.680 8.0 12079394 90653 4 |  2 1SHF   2 -0.640  0.040
1SHF EA107V   -2.000 8.0  9819209 24115 4 |   -1.630 8.0 12079394 90658 4 |  2 1SHF   2 -1.815  0.185
1J7N FA221A    0.500 7.5 19926859 30305 2 |    0.500 7.5 19926859 30306 2 |   -0.140 7.5 19926859 30307 2 |  3 1J7N   3  0.287  0.302
1J7N FA247A    0.500 7.5 19926859 30314 2 |    0.500 7.5 19926859 30315 2 |   -0.140 7.5 19926859 30316 2 |  3 1J7N   3  0.287  0.302
1J7N FA217A    0.500 7.5 19926859 30293 2 |    0.500 7.5 19926859 30294 2 |   -0.140 7.5 19926859 30295 2 |  3 1J7N   3  0.287  0.302
5AZU FA110A   -5.020 7.0 16042382 22130 4 |   -3.350 7.0 15753320 91400 4 |  2 5AZU   2 -4.185  0.835
5AZU FA97A    -2.630 7.0 16042382 22128 4 |   -2.390 7.0 15753320 91398 4 |  2 5AZU   2 -2.510  0.120
5AZU FA110S   -6.400 7.5 17038664 18643 4 |   -4.600 7.2 10504393 28468 4 |   -3.700 7.2 10504393 28471 4 |   -4.400 7.5 15792978 91731 4 |  4 5AZU   4 -4.775  0.996
1A43 GA156A   -1.000 7.3 12051856 20799 2 |   -2.800 7.3 12051856 20805 2 |  2 1A43   2 -1.900  0.900
1TUP GA245S   -1.220 7.2 10654936 90796 4 |   -0.560 6.8 12600206 91275 4 |   -1.200 7.2 16754663 91778 4 |  3 1TUP   3 -0.993  0.307
1J7N HA91N     0.860 7.5 19926859 30227 2 |    0.600 7.5 19926859 30228 2 |  2 1J7N   2  0.730  0.130
2W0K HA8P     -0.800 7.5 19941869 13558 2 |   -0.600 7.5 19941869 27332 2 |  2 2W0K   2 -0.700  0.100
2W0K HA8S     -0.200 7.5 19941869 13559 2 |   -0.600 7.5 19941869 27333 2 |  2 2W0K   2 -0.400  0.200
1J7N IA154A    0.500 7.5 19926859 30269 2 |    0.500 7.5 19926859 30270 2 |   -0.140 7.5 19926859 30271 2 |  3 1J7N   3  0.287  0.302
1J7N IA39A     0.850 7.5 19926859 30209 2 |    0.600 7.5 19926859 30210 2 |  2 1J7N   2  0.725  0.125
5AZU IA81A    -1.430 7.0 16042382 22125 4 |   -2.390 7.0 16522792 22861 4 |  2 5AZU   2 -1.910  0.480
5AZU IA7A     -3.110 7.0 16962971 20040 4 |   -3.350 7.0 16042382 22117 4 |  2 5AZU   2 -3.230  0.120
4HXJ IA132A   -1.840 6.0 10542092 90741 2 |   -3.120 8.0 14556750 91137 4 |  1 1SHF 1 4HXJ MANYPDBS  2 -2.480  0.640
5AZU IA20A    -2.390 7.0 16042382 22118 4 |   -1.550 7.0 16522792 22853 4 |  2 5AZU   2 -1.970  0.420
1VQB IA47C    -5.300 7.0  8378307 23032 2 |   -5.200 7.0  2000379 25610 2 |   -5.300 7.0  7547934 90120 2 |  3 1VQB   3 -5.267  0.047
1VQB IA47F    -2.000 7.0  8378307 23033 2 |   -1.900 7.0  2000379 25614 2 |   -2.000 7.0  7547934 90113 2 |  3 1VQB   3 -1.967  0.047
1JL5 IA1309L   0.200 7.6 21764506 26006 4 |    0.700 7.6 21764506 26009 4 |  2 1JL5   2  0.450  0.250
5AZU IA7S     -6.400 7.5 17038664 18644 4 |   -3.600 7.2 10504393 28467 4 |   -3.000 7.2 10504393 28470 4 |   -3.800 7.5 15792978 91732 4 |  4 5AZU   4 -4.200  1.304 OVERSIGMA
1Y9X KA68A    -1.030 7.0 18779322 90606 2 |    0.020 7.0 18779322 90607 2 |  2 1Y9X   2 -0.505  0.525
1B26 KA193A    0.230 7.0 12501181 16373 6 |    0.350 7.0 12501181 28869 6 |    0.980 7.0 12501181 28877 6 |  3 1B26   3  0.520  0.329
1SB0 KB90H    -0.270 6.8 29890118 90209 2 |   -0.340 6.8 29890118 90211 2 |  2 1SB0   2 -0.305  0.035
1Y9X KA68L     1.670 7.0 18779322 90608 2 |    0.120 7.0 18779322 90609 2 |  2 1Y9X   2  0.895  0.775
1DXX KA18N    -3.700 7.0 25340340 12638 2 |   -3.700 7.0 25340340 12640 2 |  2 1DXX   2 -3.700  0.000
1J7N LA62A     1.390 7.5 19926859 30215 2 |    0.530 7.5 19926859 30216 2 |   -0.060 7.5 19926859 30217 2 |    3.070 7.5 19926859 30218 2 |    0.480 7.5 19926859 30219 2 |    0.800 7.5 19926859 30220 2 |  6 1J7N   6  1.035  1.007 OVERSIGMA
1J7N LA145A    0.500 7.5 19926859 30254 2 |    0.500 7.5 19926859 30255 2 |   -0.140 7.5 19926859 30256 2 |  3 1J7N   3  0.287  0.302
1J7N LA129A    0.500 7.5 19926859 30251 2 |    0.500 7.5 19926859 30252 2 |   -0.140 7.5 19926859 30253 2 |  3 1J7N   3  0.287  0.302
1J7N LA188A    0.500 7.5 19926859 30272 2 |    0.500 7.5 19926859 30273 2 |   -0.140 7.5 19926859 30274 2 |  3 1J7N   3  0.287  0.302
5AZU LA125A   -0.720 7.0 16962971 20043 4 |   -1.670 7.0 16042382 22132 4 |  2 5AZU   2 -1.195  0.475
1J7N LA174A    0.500 7.5 19926859 30281 2 |    0.500 7.5 19926859 30282 2 |   -0.140 7.5 19926859 30283 2 |  3 1J7N   3  0.287  0.302
5AZU LA50A    -1.790 7.0 16042382 22123 4 |   -1.670 7.0 15753320 91397 4 |  2 5AZU   2 -1.730  0.060
5AZU LA33A    -1.670 7.0 16042382 22121 4 |   -0.960 7.0 15753320 91395 4 |  2 5AZU   2 -1.315  0.355
1J7N MA73A     0.620 7.5 19926859 30212 2 |    0.500 7.5 19926859 30213 2 |   -0.100 7.5 19926859 30214 2 |  3 1J7N   3  0.340  0.315
1TUP NA268D    0.920 7.2  9843948 90576 4 |    1.210 7.2 10654936 90800 4 |  2 1TUP   2  1.065  0.145
2W0K PA7S     -1.500 7.5 19941869 13557 2 |   -2.600 7.5 19941869 27331 2 |  2 2W0K   2 -2.050  0.550
1B26 RA190A   -0.340 7.0 12501181 16371 6 |   -0.320 7.0 12501181 28867 6 |   -0.410 7.0 12501181 28875 6 |  3 1B26   3 -0.357  0.039
1A43 RA167A   -3.000 7.3 12051856 20801 2 |   -3.100 7.3 12051856 20807 2 |  2 1A43   2 -3.050  0.050
1VQB RA82C    -1.500 7.0  8378307 23043 2 |   -1.500 7.0  7547934 90112 2 |  2 1VQB   2 -1.500  0.000
1REI RA61N     3.900 7.5  8202506 90187 2 |   -3.500 7.5  9079368 90323 2 |  2 1REI   2  0.200  3.700 OVERSIGMA
1TUP RA248Q    0.740 6.8 12600206 91273 4 |   -1.870 7.2  1203434 91658 4 |  2 1TUP   2 -0.565  1.305 OVERSIGMA
1TUP RA249S   -1.690 7.2 10654936 90797 4 |    0.340 6.8 12600206 91274 4 |   -2.000 7.2 16754663 91780 4 |  3 1TUP   3 -1.117  1.038 OVERSIGMA
1SHF SA124A   -0.710 8.0  9819209 24126 4 |   -0.680 8.0 12079394 90667 4 |  2 1SHF   2 -0.695  0.015
1SHF SA124D   -2.020 8.0  9819209 24132 4 |   -2.000 8.0 12079394 90673 4 |  2 1SHF   2 -2.010  0.010
1SHF SA124F   -1.900 8.0  9819209 24130 4 |   -2.180 8.0 12079394 90675 4 |  2 1SHF   2 -2.040  0.140
1SHF SA124G   -1.680 8.0  9819209 24133 4 |   -2.090 8.0 12079394 90674 4 |  2 1SHF   2 -1.885  0.205
1SHF SA124H   -1.250 8.0  9819209 24125 4 |   -0.770 8.0 12079394 90668 4 |  2 1SHF   2 -1.010  0.240
1SHF SA124I   -1.410 8.0  9819209 24127 4 |   -1.100 8.0 12079394 90670 4 |  2 1SHF   2 -1.255  0.155
1SHF SA124K    0.110 8.0  9819209 24121 4 |   -0.520 8.0 12079394 90664 4 |  2 1SHF   2 -0.205  0.315
1SHF SA124L   -0.370 8.0  9819209 24124 4 |   -0.630 8.0 12079394 90666 4 |  2 1SHF   2 -0.500  0.130
1SHF SA124N   -0.730 8.0  9819209 24123 4 |   -1.420 8.0 12079394 90671 4 |  2 1SHF   2 -1.075  0.345
3R2P SA55P    -0.200 7.4 21040803 26018 2 |   -1.100 7.4 21040803 26020 2 |  2 3R2P   2 -0.650  0.450
1SHF SA124R   -0.180 8.0  9819209 24122 4 |   -0.560 8.0 12079394 90665 4 |  2 1SHF   2 -0.370  0.190
1SHF SA124T   -1.650 8.0  9819209 24129 4 |   -1.860 8.0 12079394 90672 4 |  2 1SHF   2 -1.755  0.105
1SHF SA124V   -1.100 8.0  9819209 24128 4 |   -0.830 8.0 12079394 90669 4 |  2 1SHF   2 -0.965  0.135
1SHF SA124Y   -2.270 8.0  9819209 24131 4 |   -2.290 8.0 12079394 90676 4 |  2 1SHF   2 -2.280  0.010
5AZU VA22A    -1.670 7.0 16042382 22119 4 |   -1.430 7.0 16522792 22855 4 |  2 5AZU   2 -1.550  0.120
1J7N VA147A    0.500 7.5 19926859 30263 2 |    0.500 7.5 19926859 30264 2 |   -0.140 7.5 19926859 30265 2 |  3 1J7N   3  0.287  0.302
1J7N VA119A    0.500 7.5 19926859 30239 2 |    0.500 7.5 19926859 30240 2 |   -0.140 7.5 19926859 30241 2 |  3 1J7N   3  0.287  0.302
5AZU VA95A    -0.960 7.0 16042382 22127 4 |   -0.600 7.0 15753320 91394 4 |  2 5AZU   2 -0.780  0.180
1J7N VA70A     1.210 7.5 19926859 30221 2 |    0.500 7.5 19926859 30222 2 |    0.110 7.5 19926859 30223 2 |    1.670 7.5 19926859 30224 2 |    0.750 7.5 19926859 30225 2 |    1.400 7.5 19926859 30226 2 |  6 1J7N   6  0.940  0.538
5AZU VA31A    -1.670 7.0 16042382 22120 4 |   -1.190 7.0 15753320 91396 4 |  2 5AZU   2 -1.430  0.240
1J7N VA213A    0.500 7.5 19926859 30284 2 |    0.500 7.5 19926859 30285 2 |   -0.140 7.5 19926859 30286 2 |  3 1J7N   3  0.287  0.302
1SHF VA138A   -2.070 7.0 16142914 90616 4 |   -2.130 8.0 14556750 91148 4 |  2 1SHF   2 -2.100  0.030
1TUP VA143A   -3.340 7.2 10654936 90798 4 |   -3.500 7.2 16754663 91783 4 |  2 1TUP   2 -3.420  0.080
1SHF VA138F   -0.040 7.0 16142914 90618 4 |   -0.730 8.0 14556750 91159 4 |  2 1SHF   2 -0.385  0.345
1SHF VA138L    0.040 7.0 16142914 90620 4 |   -0.120 8.0 14556750 91164 4 |  2 1SHF   2 -0.040  0.080
5AZU WA48A    -3.350 7.0 16042382 22122 4 |   -5.020 7.0 15753320 91401 4 |  2 5AZU   2 -4.185  0.835
1DFO WA385F   -2.850 7.5  8910307 90237 2 |   -1.500 7.5  8621691 90851 2 |  2 1DFO   2 -2.175  0.675
5AZU YA108A   -3.590 7.0 16042382 22129 4 |   -2.990 7.0 15753320 91399 4 |  2 5AZU   2 -3.290  0.300
1J7N YA148A    0.500 7.5 19926859 30266 2 |    0.500 7.5 19926859 30267 2 |   -0.140 7.5 19926859 30268 2 |  3 1J7N   3  0.287  0.302
