1VQB CA33M    -3.500 7.0  8378307 23022 2 |   -3.500 7.0  7547934 90119 2 |  2 1VQB   2 -3.500  0.000
1VQB CA33S    -4.200 7.0  2038057 23941 2 |   -4.300 7.0  7547934 90046 2 |  2 1VQB   2 -4.250  0.050
1A43 CA218S   -2.300 7.3 12051856 20798 2 |   -2.800 7.3 12051856 20804 2 |  2 1A43   2 -2.550  0.250
1VQB CA33V    -0.200 7.0  8378307 23023 2 |   -0.200 7.0  7547934 90106 2 |  2 1VQB   2 -0.200  0.000
1VQB DA50H    -1.500 7.0  2038057 23945 2 |   -1.600 7.0  7547934 90091 2 |  2 1VQB   2 -1.550  0.050
1Y9X EA36A    -3.610 7.0 18779322 90598 2 |   -2.220 7.0 18779322 90599 2 |  2 1Y9X   2 -2.915  0.695
1SHF EA107A   -1.270 8.0  9819209 24112 4 |   -1.080 8.0 12079394 90656 4 |  2 1SHF   2 -1.175  0.095
1B26 EA231A   -0.170 7.0 12501181 16372 6 |   -0.350 7.0 12501181 28868 6 |   -0.950 7.0 12501181 28876 6 |  3 1B26   3 -0.490  0.333
1A43 EA159D   -2.100 7.3 12051856 20800 2 |   -4.900 7.3 12051856 20806 2 |  2 1A43   2 -3.500  1.400 OVERSIGMA
1SHF EA107D    0.680 8.0  9819209 24107 4 |    0.450 8.0 12079394 90651 4 |  2 1SHF   2  0.565  0.115
1VQB EA30F     2.000 7.0  8378307 23020 2 |    2.100 7.0  2038057 23939 2 |   -2.000 7.0  7547934 90040 2 |  3 1VQB   3  0.700  1.910 OVERSIGMA
1SHF EA107H   -0.990 8.0  9819209 24110 4 |   -0.960 8.0 12079394 90654 4 |  2 1SHF   2 -0.975  0.015
1SHF EA107I   -2.710 8.0  9819209 24118 4 |   -2.840 8.0 12079394 90662 4 |  2 1SHF   2 -2.775  0.065
1SHF EA107K   -0.970 8.0  9819209 24111 4 |   -1.030 8.0 12079394 90655 4 |  2 1SHF   2 -1.000  0.030
1SHF EA107L   -3.020 8.0  9819209 24119 4 |   -2.980 8.0 12079394 90663 4 |  2 1SHF   2 -3.000  0.020
1VQB EA30M     0.700 7.0  2038057 23940 2 |    0.600 7.0  7547934 90078 2 |  2 1VQB   2  0.650  0.050
1SHF EA107P   -1.710 8.0  9819209 24116 4 |   -1.890 8.0 12079394 90659 4 |  2 1SHF   2 -1.800  0.090
1Y9X EA36Q    -2.720 7.0 18779322 90600 2 |   -1.270 7.0 18779322 90601 2 |  2 1Y9X   2 -1.995  0.725
1SHF EA107Q   -0.740 8.0  9819209 24109 4 |   -0.670 8.0 12079394 90652 4 |  2 1SHF   2 -0.705  0.035
1SHF EA107R   -3.380 8.0  9819209 24120 4 |   -2.560 8.0 12079394 90661 4 |  2 1SHF   2 -2.970  0.410
1SHF EA107S   -1.640 8.0  9819209 24113 4 |   -1.270 8.0 12079394 90657 4 |  2 1SHF   2 -1.455  0.185
1SHF EA107T   -0.600 8.0  9819209 24108 4 |   -0.680 8.0 12079394 90653 4 |  2 1SHF   2 -0.640  0.040
1SHF EA107V   -2.000 8.0  9819209 24115 4 |   -1.630 8.0 12079394 90658 4 |  2 1SHF   2 -1.815  0.185
1A43 GA156A   -1.000 7.3 12051856 20799 2 |   -2.800 7.3 12051856 20805 2 |  2 1A43   2 -1.900  0.900
2W0K HA8P     -0.800 7.5 19941869 13558 2 |   -0.600 7.5 19941869 27332 2 |  2 2W0K   2 -0.700  0.100
2W0K HA8S     -0.200 7.5 19941869 13559 2 |   -0.600 7.5 19941869 27333 2 |  2 2W0K   2 -0.400  0.200
4HXJ IA132A   -1.840 6.0 10542092 90741 2 |   -3.120 8.0 14556750 91137 4 |  1 1SHF 1 4HXJ MANYPDBS  2 -2.480  0.640
1VQB IA47C    -5.300 7.0  8378307 23032 2 |   -5.200 7.0  2000379 25610 2 |   -5.300 7.0  7547934 90120 2 |  3 1VQB   3 -5.267  0.047
1VQB IA47F    -2.000 7.0  8378307 23033 2 |   -1.900 7.0  2000379 25614 2 |   -2.000 7.0  7547934 90113 2 |  3 1VQB   3 -1.967  0.047
1Y9X KA68A    -1.030 7.0 18779322 90606 2 |    0.020 7.0 18779322 90607 2 |  2 1Y9X   2 -0.505  0.525
1B26 KA193A    0.230 7.0 12501181 16373 6 |    0.350 7.0 12501181 28869 6 |    0.980 7.0 12501181 28877 6 |  3 1B26   3  0.520  0.329
1SB0 KB90H    -0.270 6.8 29890118 90209 2 |   -0.340 6.8 29890118 90211 2 |  2 1SB0   2 -0.305  0.035
1Y9X KA68L     1.670 7.0 18779322 90608 2 |    0.120 7.0 18779322 90609 2 |  2 1Y9X   2  0.895  0.775
1DXX KA18N    -3.700 7.0 25340340 12638 2 |   -3.700 7.0 25340340 12640 2 |  2 1DXX   2 -3.700  0.000
2W0K PA7S     -1.500 7.5 19941869 13557 2 |   -2.600 7.5 19941869 27331 2 |  2 2W0K   2 -2.050  0.550
1B26 RA190A   -0.340 7.0 12501181 16371 6 |   -0.320 7.0 12501181 28867 6 |   -0.410 7.0 12501181 28875 6 |  3 1B26   3 -0.357  0.039
1A43 RA167A   -3.000 7.3 12051856 20801 2 |   -3.100 7.3 12051856 20807 2 |  2 1A43   2 -3.050  0.050
1VQB RA82C    -1.500 7.0  8378307 23043 2 |   -1.500 7.0  7547934 90112 2 |  2 1VQB   2 -1.500  0.000
1REI RA61N     3.900 7.5  8202506 90187 2 |   -3.500 7.5  9079368 90323 2 |  2 1REI   2  0.200  3.700 OVERSIGMA
1SHF SA124A   -0.710 8.0  9819209 24126 4 |   -0.680 8.0 12079394 90667 4 |  2 1SHF   2 -0.695  0.015
1SHF SA124D   -2.020 8.0  9819209 24132 4 |   -2.000 8.0 12079394 90673 4 |  2 1SHF   2 -2.010  0.010
1SHF SA124F   -1.900 8.0  9819209 24130 4 |   -2.180 8.0 12079394 90675 4 |  2 1SHF   2 -2.040  0.140
1SHF SA124G   -1.680 8.0  9819209 24133 4 |   -2.090 8.0 12079394 90674 4 |  2 1SHF   2 -1.885  0.205
1SHF SA124H   -1.250 8.0  9819209 24125 4 |   -0.770 8.0 12079394 90668 4 |  2 1SHF   2 -1.010  0.240
1SHF SA124I   -1.410 8.0  9819209 24127 4 |   -1.100 8.0 12079394 90670 4 |  2 1SHF   2 -1.255  0.155
1SHF SA124K    0.110 8.0  9819209 24121 4 |   -0.520 8.0 12079394 90664 4 |  2 1SHF   2 -0.205  0.315
1SHF SA124L   -0.370 8.0  9819209 24124 4 |   -0.630 8.0 12079394 90666 4 |  2 1SHF   2 -0.500  0.130
1SHF SA124N   -0.730 8.0  9819209 24123 4 |   -1.420 8.0 12079394 90671 4 |  2 1SHF   2 -1.075  0.345
3R2P SA55P    -0.200 7.4 21040803 26018 2 |   -1.100 7.4 21040803 26020 2 |  2 3R2P   2 -0.650  0.450
1SHF SA124R   -0.180 8.0  9819209 24122 4 |   -0.560 8.0 12079394 90665 4 |  2 1SHF   2 -0.370  0.190
1SHF SA124T   -1.650 8.0  9819209 24129 4 |   -1.860 8.0 12079394 90672 4 |  2 1SHF   2 -1.755  0.105
1SHF SA124V   -1.100 8.0  9819209 24128 4 |   -0.830 8.0 12079394 90669 4 |  2 1SHF   2 -0.965  0.135
1SHF SA124Y   -2.270 8.0  9819209 24131 4 |   -2.290 8.0 12079394 90676 4 |  2 1SHF   2 -2.280  0.010
1SHF VA138A   -2.070 7.0 16142914 90616 4 |   -2.130 8.0 14556750 91148 4 |  2 1SHF   2 -2.100  0.030
1SHF VA138F   -0.040 7.0 16142914 90618 4 |   -0.730 8.0 14556750 91159 4 |  2 1SHF   2 -0.385  0.345
1SHF VA138L    0.040 7.0 16142914 90620 4 |   -0.120 8.0 14556750 91164 4 |  2 1SHF   2 -0.040  0.080
