# COMMAND> ACDCNN_Pucci2018dirN.txt 3 4 100
# Total data entries loaded: 342
# Total Experimental Positives 89 and Negatives 253 using 0 threshold.
# Experimental Positives ratio EP/(EN+EP)= 0.260
# Total Predicted Positives 91 and Negatives 251 using 0 threshold.
# Predicted Positives ratio PP/(PN+PP)= 0.266
# Predicted data goes from -4.947001 to 2.283001 (range 7.230002) --> 100 samples taken in 0.07230002 steps.
#
#     thrP  REC|TPR PREC|PPV      FPR       SP      MCC      ACC      ERR      F05       F1       F2    dist2
    -4.947 1.000000 0.260234 1.000000 0.000000 0.000000 0.260234 0.739766 0.366507 0.412993 0.637536 1.000000
    -4.875 1.000000 0.260997 0.996047 0.003953 0.032119 0.263158 0.736842 0.367515 0.413953 0.638451 0.992110
    -4.802 1.000000 0.260997 0.996047 0.003953 0.032119 0.263158 0.736842 0.367515 0.413953 0.638451 0.992110
    -4.730 1.000000 0.260997 0.996047 0.003953 0.032119 0.263158 0.736842 0.367515 0.413953 0.638451 0.992110
    -4.658 1.000000 0.260997 0.996047 0.003953 0.032119 0.263158 0.736842 0.367515 0.413953 0.638451 0.992110
    -4.586 1.000000 0.260997 0.996047 0.003953 0.032119 0.263158 0.736842 0.367515 0.413953 0.638451 0.992110
    -4.513 1.000000 0.260997 0.996047 0.003953 0.032119 0.263158 0.736842 0.367515 0.413953 0.638451 0.992110
    -4.441 1.000000 0.260997 0.996047 0.003953 0.032119 0.263158 0.736842 0.367515 0.413953 0.638451 0.992110
    -4.369 1.000000 0.260997 0.996047 0.003953 0.032119 0.263158 0.736842 0.367515 0.413953 0.638451 0.992110
    -4.296 1.000000 0.260997 0.996047 0.003953 0.032119 0.263158 0.736842 0.367515 0.413953 0.638451 0.992110
    -4.224 1.000000 0.260997 0.996047 0.003953 0.032119 0.263158 0.736842 0.367515 0.413953 0.638451 0.992110
    -4.152 1.000000 0.260997 0.996047 0.003953 0.032119 0.263158 0.736842 0.367515 0.413953 0.638451 0.992110
    -4.079 1.000000 0.260997 0.996047 0.003953 0.032119 0.263158 0.736842 0.367515 0.413953 0.638451 0.992110
    -4.007 1.000000 0.260997 0.996047 0.003953 0.032119 0.263158 0.736842 0.367515 0.413953 0.638451 0.992110
    -3.935 1.000000 0.260997 0.996047 0.003953 0.032119 0.263158 0.736842 0.367515 0.413953 0.638451 0.992110
    -3.863 1.000000 0.260997 0.996047 0.003953 0.032119 0.263158 0.736842 0.367515 0.413953 0.638451 0.992110
    -3.790 1.000000 0.261765 0.992095 0.007905 0.045489 0.266082 0.733918 0.368530 0.414918 0.639368 0.984252
    -3.718 1.000000 0.261765 0.992095 0.007905 0.045489 0.266082 0.733918 0.368530 0.414918 0.639368 0.984252
    -3.646 1.000000 0.261765 0.992095 0.007905 0.045489 0.266082 0.733918 0.368530 0.414918 0.639368 0.984252
    -3.573 1.000000 0.261765 0.992095 0.007905 0.045489 0.266082 0.733918 0.368530 0.414918 0.639368 0.984252
    -3.501 1.000000 0.261765 0.992095 0.007905 0.045489 0.266082 0.733918 0.368530 0.414918 0.639368 0.984252
    -3.429 1.000000 0.262537 0.988142 0.011858 0.055795 0.269006 0.730994 0.369550 0.415888 0.640288 0.976425
    -3.356 1.000000 0.263314 0.984190 0.015810 0.064522 0.271930 0.728070 0.370576 0.416862 0.641210 0.968629
    -3.284 1.000000 0.263314 0.984190 0.015810 0.064522 0.271930 0.728070 0.370576 0.416862 0.641210 0.968629
    -3.212 1.000000 0.264095 0.980237 0.019763 0.072245 0.274854 0.725146 0.371608 0.417840 0.642136 0.960865
    -3.140 1.000000 0.264095 0.980237 0.019763 0.072245 0.274854 0.725146 0.371608 0.417840 0.642136 0.960865
    -3.067 1.000000 0.264881 0.976285 0.023715 0.079258 0.277778 0.722222 0.372645 0.418824 0.643064 0.953132
    -2.995 1.000000 0.264881 0.976285 0.023715 0.079258 0.277778 0.722222 0.372645 0.418824 0.643064 0.953132
    -2.923 1.000000 0.264881 0.976285 0.023715 0.079258 0.277778 0.722222 0.372645 0.418824 0.643064 0.953132
    -2.850 1.000000 0.267267 0.964427 0.035573 0.097507 0.286550 0.713450 0.375792 0.421801 0.645864 0.930119
    -2.778 1.000000 0.268072 0.960474 0.039526 0.102936 0.289474 0.710526 0.376853 0.422803 0.646802 0.922511
    -2.706 1.000000 0.268072 0.960474 0.039526 0.102936 0.289474 0.710526 0.376853 0.422803 0.646802 0.922511
    -2.633 1.000000 0.268882 0.956522 0.043478 0.108123 0.292398 0.707602 0.377919 0.423810 0.647744 0.914934
    -2.561 1.000000 0.270517 0.948617 0.051383 0.117899 0.298246 0.701754 0.380071 0.425837 0.649635 0.899873
    -2.489 1.000000 0.270517 0.948617 0.051383 0.117899 0.298246 0.701754 0.380071 0.425837 0.649635 0.899873
    -2.417 1.000000 0.270517 0.948617 0.051383 0.117899 0.298246 0.701754 0.380071 0.425837 0.649635 0.899873
    -2.344 1.000000 0.270517 0.948617 0.051383 0.117899 0.298246 0.701754 0.380071 0.425837 0.649635 0.899873
    -2.272 1.000000 0.270517 0.948617 0.051383 0.117899 0.298246 0.701754 0.380071 0.425837 0.649635 0.899873
    -2.200 1.000000 0.272171 0.940711 0.059289 0.127030 0.304094 0.695906 0.382248 0.427885 0.651537 0.884938
    -2.127 1.000000 0.273006 0.936759 0.063241 0.131397 0.307018 0.692982 0.383345 0.428916 0.652493 0.877517
    -2.055 1.000000 0.274691 0.928854 0.071146 0.139797 0.312865 0.687135 0.385560 0.430993 0.654412 0.862769
    -1.983 1.000000 0.277259 0.916996 0.083004 0.151702 0.321637 0.678363 0.388929 0.434146 0.657312 0.840882
    -1.910 1.000000 0.278997 0.909091 0.090909 0.159259 0.327485 0.672515 0.391209 0.436275 0.659259 0.826446
    -1.838 1.000000 0.279874 0.905138 0.094862 0.162940 0.330409 0.669591 0.392359 0.437346 0.660237 0.819275
    -1.766 1.000000 0.283439 0.889328 0.110672 0.177112 0.342105 0.657895 0.397026 0.441687 0.664179 0.790904
    -1.694 1.000000 0.285256 0.881423 0.118577 0.183915 0.347953 0.652047 0.399402 0.443890 0.666168 0.776906
    -1.621 1.000000 0.285256 0.881423 0.118577 0.183915 0.347953 0.652047 0.399402 0.443890 0.666168 0.776906
    -1.549 1.000000 0.287097 0.873518 0.126482 0.190559 0.353801 0.646199 0.401806 0.446115 0.668168 0.763033
    -1.477 1.000000 0.287097 0.873518 0.126482 0.190559 0.353801 0.646199 0.401806 0.446115 0.668168 0.763033
    -1.404 1.000000 0.288026 0.869565 0.130435 0.193826 0.356725 0.643275 0.403019 0.447236 0.669173 0.756144
    -1.332 1.000000 0.290850 0.857708 0.142292 0.203435 0.365497 0.634503 0.406702 0.450633 0.672205 0.735662
    -1.260 1.000000 0.290850 0.857708 0.142292 0.203435 0.365497 0.634503 0.406702 0.450633 0.672205 0.735662
    -1.187 1.000000 0.290850 0.857708 0.142292 0.203435 0.365497 0.634503 0.406702 0.450633 0.672205 0.735662
    -1.115 1.000000 0.294702 0.841897 0.158103 0.215855 0.377193 0.622807 0.411719 0.455243 0.676292 0.708791
    -1.043 1.000000 0.299663 0.822134 0.177866 0.230867 0.391813 0.608187 0.418168 0.461140 0.681470 0.675905
    -0.970 0.988764 0.304498 0.794466 0.205534 0.235579 0.409357 0.590643 0.424096 0.465608 0.682171 0.631303
    -0.898 0.988764 0.312057 0.766798 0.233202 0.256059 0.429825 0.570175 0.433854 0.474394 0.689655 0.588106
    -0.826 0.988764 0.318841 0.743083 0.256917 0.273149 0.447368 0.552632 0.442582 0.482192 0.696203 0.552299
    -0.754 0.988764 0.329588 0.707510 0.292490 0.298241 0.473684 0.526316 0.456353 0.494382 0.706260 0.500696
    -0.681 0.988764 0.333333 0.695652 0.304348 0.306506 0.482456 0.517544 0.461135 0.498584 0.709677 0.484058
    -0.609 0.988764 0.342412 0.667984 0.332016 0.325676 0.502924 0.497076 0.472695 0.508671 0.717781 0.446329
    -0.537 0.988764 0.350598 0.644269 0.355731 0.342043 0.520468 0.479532 0.483074 0.517647 0.724876 0.415209
    -0.464 0.977528 0.364017 0.600791 0.399209 0.360310 0.549708 0.450292 0.499522 0.530488 0.731092 0.361454
    -0.392 0.943820 0.366812 0.573123 0.426877 0.345795 0.561404 0.438596 0.501493 0.528302 0.717949 0.331626
    -0.320 0.932584 0.387850 0.517787 0.482213 0.376080 0.599415 0.400585 0.526984 0.547855 0.728070 0.272648
    -0.247 0.808989 0.402235 0.422925 0.577075 0.339152 0.637427 0.362573 0.536646 0.537313 0.672897 0.215351
    -0.175 0.730337 0.414013 0.363636 0.636364 0.322873 0.660819 0.339181 0.543933 0.528455 0.633528 0.204949
    -0.103 0.539326 0.448598 0.233202 0.766798 0.289686 0.707602 0.292398 0.557060 0.489796 0.518359 0.266604
    -0.031 0.438202 0.419355 0.213439 0.786561 0.221636 0.695906 0.304094 0.507592 0.428571 0.434298 0.361173
     0.042 0.426966 0.441860 0.189723 0.810277 0.239927 0.710526 0.289474 0.526559 0.434286 0.429864 0.364363
     0.114 0.404494 0.461538 0.166008 0.833992 0.249385 0.722222 0.277778 0.538653 0.431138 0.414747 0.382186
     0.186 0.235955 0.420000 0.114625 0.885375 0.150678 0.716374 0.283626 0.435986 0.302158 0.258621 0.596903
     0.259 0.191011 0.485714 0.071146 0.928854 0.173518 0.736842 0.263158 0.445415 0.274194 0.217391 0.659525
     0.331 0.123596 0.523810 0.039526 0.960474 0.153650 0.742690 0.257310 0.381503 0.200000 0.145889 0.769647
     0.403 0.101124 0.529412 0.031621 0.968379 0.140311 0.742690 0.257310 0.343949 0.169811 0.120643 0.808979
     0.476 0.089888 0.533333 0.027668 0.972332 0.133310 0.742690 0.257310 0.322148 0.153846 0.107817 0.829070
     0.548 0.089888 0.571429 0.023715 0.976285 0.146531 0.745614 0.254386 0.331034 0.155340 0.108108 0.828867
     0.620 0.078652 0.538462 0.023715 0.976285 0.126051 0.742690 0.257310 0.297872 0.137255 0.094851 0.849445
     0.692 0.056180 0.500000 0.019763 0.980237 0.094840 0.739766 0.260234 0.232558 0.101010 0.068306 0.891187
     0.765 0.056180 0.625000 0.011858 0.988142 0.128664 0.745614 0.254386 0.247934 0.103093 0.068681 0.890937
     0.837 0.056180 0.625000 0.011858 0.988142 0.128664 0.745614 0.254386 0.247934 0.103093 0.068681 0.890937
     0.909 0.056180 0.714286 0.007905 0.992095 0.149590 0.748538 0.251462 0.256410 0.104167 0.068871 0.890859
     0.982 0.056180 0.833333 0.003953 0.996047 0.174545 0.751462 0.248538 0.265487 0.105263 0.069061 0.890812
     1.054 0.044944 0.800000 0.003953 0.996047 0.149846 0.748538 0.251462 0.220183 0.085106 0.055402 0.912148
     1.126 0.044944 0.800000 0.003953 0.996047 0.149846 0.748538 0.251462 0.220183 0.085106 0.055402 0.912148
     1.199 0.044944 0.800000 0.003953 0.996047 0.149846 0.748538 0.251462 0.220183 0.085106 0.055402 0.912148
     1.271 0.033708 1.000000 0.000000 1.000000 0.158608 0.748538 0.251462 0.178218 0.065217 0.041783 0.933720
     1.343 0.033708 1.000000 0.000000 1.000000 0.158608 0.748538 0.251462 0.178218 0.065217 0.041783 0.933720
     1.415 0.033708 1.000000 0.000000 1.000000 0.158608 0.748538 0.251462 0.178218 0.065217 0.041783 0.933720
     1.488 0.022472 1.000000 0.000000 1.000000 0.129313 0.745614 0.254386 0.123711 0.043956 0.027933 0.955561
     1.560 0.022472 1.000000 0.000000 1.000000 0.129313 0.745614 0.254386 0.123711 0.043956 0.027933 0.955561
     1.632 0.022472 1.000000 0.000000 1.000000 0.129313 0.745614 0.254386 0.123711 0.043956 0.027933 0.955561
     1.705 0.011236 1.000000 0.000000 1.000000 0.091304 0.742690 0.257310 0.064516 0.022222 0.014006 0.977654
     1.777 0.011236 1.000000 0.000000 1.000000 0.091304 0.742690 0.257310 0.064516 0.022222 0.014006 0.977654
     1.849 0.011236 1.000000 0.000000 1.000000 0.091304 0.742690 0.257310 0.064516 0.022222 0.014006 0.977654
     1.922 0.011236 1.000000 0.000000 1.000000 0.091304 0.742690 0.257310 0.064516 0.022222 0.014006 0.977654
     1.994 0.011236 1.000000 0.000000 1.000000 0.091304 0.742690 0.257310 0.064516 0.022222 0.014006 0.977654
     2.066 0.011236 1.000000 0.000000 1.000000 0.091304 0.742690 0.257310 0.064516 0.022222 0.014006 0.977654
     2.138 0.011236 1.000000 0.000000 1.000000 0.091304 0.742690 0.257310 0.064516 0.022222 0.014006 0.977654
     2.211 0.011236 1.000000 0.000000 1.000000 0.091304 0.742690 0.257310 0.064516 0.022222 0.014006 0.977654
# AUC_ROC= 0.750    AUC_PRC= 0.452    Best_ROC thr= -0.175  TPR= 0.730   FPR= 0.364    BestMCC= 0.376   thr= -0.320  TPR= 0.933   FPR= 0.518  
#   AUC_R   AUC_P   THROC    Sen     Spe     BMCC    TH     Sen     Spe
#   0.750   0.452  -0.175   0.730   0.636   0.376  -0.320   0.933   0.482
