# COMMAND> Cartddg_Pucci2018dirN_th8.txt 3 4 100
# Total data entries loaded: 342
# Total Experimental Positives 89 and Negatives 253 using 0 threshold.
# Experimental Positives ratio EP/(EN+EP)= 0.260
# Total Predicted Positives 71 and Negatives 271 using 0 threshold.
# Predicted Positives ratio PP/(PN+PP)= 0.208
# Predicted data goes from -8.000001 to 6.010001 (range 14.010002) --> 100 samples taken in 0.14010002 steps.
#
#     thrP  REC|TPR PREC|PPV      FPR       SP      MCC      ACC      ERR      F05       F1       F2    dist2
    -8.000 1.000000 0.260234 1.000000 0.000000 0.000000 0.260234 0.739766 0.366507 0.412993 0.637536 1.000000
    -7.860 1.000000 0.316726 0.758893 0.241107 0.276342 0.438596 0.561404 0.440231 0.481081 0.698587 0.575919
    -7.720 1.000000 0.317857 0.754941 0.245059 0.279095 0.441520 0.558480 0.441687 0.482385 0.699686 0.569935
    -7.580 1.000000 0.318996 0.750988 0.249012 0.281840 0.444444 0.555556 0.443154 0.483696 0.700787 0.563983
    -7.440 1.000000 0.318996 0.750988 0.249012 0.281840 0.444444 0.555556 0.443154 0.483696 0.700787 0.563983
    -7.300 1.000000 0.321300 0.743083 0.256917 0.287311 0.450292 0.549708 0.446115 0.486339 0.703002 0.552172
    -7.159 1.000000 0.321300 0.743083 0.256917 0.287311 0.450292 0.549708 0.446115 0.486339 0.703002 0.552172
    -7.019 1.000000 0.323636 0.735178 0.264822 0.292756 0.456140 0.543860 0.449117 0.489011 0.705230 0.540486
    -6.879 1.000000 0.327206 0.723320 0.276680 0.300884 0.464912 0.535088 0.453696 0.493075 0.708599 0.523192
    -6.739 1.000000 0.332090 0.707510 0.292490 0.311662 0.476608 0.523392 0.459948 0.498599 0.713141 0.500570
    -6.599 0.988764 0.330827 0.703557 0.296443 0.301001 0.476608 0.523392 0.457936 0.495775 0.707395 0.495119
    -6.459 0.988764 0.333333 0.695652 0.304348 0.306506 0.482456 0.517544 0.461135 0.498584 0.709677 0.484058
    -6.319 0.988764 0.333333 0.695652 0.304348 0.306506 0.482456 0.517544 0.461135 0.498584 0.709677 0.484058
    -6.179 0.988764 0.335878 0.687747 0.312253 0.311997 0.488304 0.511696 0.464380 0.501425 0.711974 0.473122
    -6.039 0.988764 0.343750 0.664032 0.335968 0.328406 0.505848 0.494152 0.474394 0.510145 0.718954 0.441064
    -5.899 0.977528 0.342520 0.660079 0.339921 0.318619 0.505848 0.494152 0.472398 0.507289 0.713115 0.436209
    -5.758 0.977528 0.343874 0.656126 0.343874 0.321402 0.508772 0.491228 0.474114 0.508772 0.714286 0.431007
    -5.618 0.955056 0.338645 0.656126 0.343874 0.296802 0.502924 0.497076 0.466606 0.500000 0.700165 0.432522
    -5.478 0.955056 0.338645 0.656126 0.343874 0.296802 0.502924 0.497076 0.466606 0.500000 0.700165 0.432522
    -5.338 0.943820 0.338710 0.648221 0.351779 0.290515 0.505848 0.494152 0.466235 0.498516 0.695364 0.423347
    -5.198 0.943820 0.342857 0.636364 0.363636 0.299275 0.514620 0.485380 0.471469 0.502994 0.698835 0.408115
    -5.058 0.943820 0.348548 0.620553 0.379447 0.310919 0.526316 0.473684 0.478632 0.509091 0.703518 0.388243
    -4.918 0.932584 0.347280 0.616601 0.383399 0.302205 0.526316 0.473684 0.476555 0.506098 0.697479 0.384741
    -4.778 0.932584 0.347280 0.616601 0.383399 0.302205 0.526316 0.473684 0.476555 0.506098 0.697479 0.384741
    -4.638 0.910112 0.349138 0.596838 0.403162 0.294266 0.535088 0.464912 0.477876 0.504673 0.688776 0.364295
    -4.498 0.910112 0.352174 0.588933 0.411067 0.300283 0.540936 0.459064 0.481665 0.507837 0.691126 0.354922
    -4.357 0.898876 0.353982 0.577075 0.422925 0.298236 0.546784 0.453216 0.483384 0.507937 0.687285 0.343242
    -4.217 0.898876 0.363636 0.553360 0.446640 0.316470 0.564327 0.435673 0.495356 0.517799 0.694444 0.316433
    -4.077 0.876404 0.362791 0.541502 0.458498 0.304125 0.567251 0.432749 0.493151 0.513158 0.683012 0.308500
    -3.937 0.876404 0.373206 0.517787 0.482213 0.322766 0.584795 0.415205 0.505946 0.523490 0.690265 0.283379
    -3.797 0.876404 0.378641 0.505929 0.494071 0.332133 0.593567 0.406433 0.512596 0.528814 0.693950 0.271240
    -3.657 0.865169 0.386935 0.482213 0.517787 0.340650 0.608187 0.391813 0.522034 0.534722 0.693694 0.250709
    -3.517 0.865169 0.392857 0.470356 0.529644 0.350221 0.616959 0.383041 0.529210 0.540351 0.697464 0.239414
    -3.377 0.865169 0.394872 0.466403 0.533597 0.353425 0.619883 0.380117 0.531646 0.542254 0.698730 0.235711
    -3.237 0.865169 0.409574 0.438735 0.561265 0.376069 0.640351 0.359649 0.549346 0.555957 0.707721 0.210668
    -3.097 0.853933 0.410811 0.430830 0.569170 0.372533 0.643275 0.356725 0.550060 0.554745 0.702403 0.206950
    -2.956 0.853933 0.422222 0.411067 0.588933 0.389165 0.657895 0.342105 0.563659 0.565056 0.708955 0.190312
    -2.816 0.831461 0.418079 0.407115 0.592885 0.372603 0.654971 0.345029 0.557089 0.556391 0.694184 0.194148
    -2.676 0.831461 0.430233 0.387352 0.612648 0.389723 0.669591 0.330409 0.571429 0.567050 0.700758 0.178447
    -2.536 0.831461 0.440476 0.371542 0.628458 0.403652 0.681287 0.318713 0.583443 0.575875 0.706107 0.166449
    -2.396 0.831461 0.459627 0.343874 0.656126 0.428603 0.701754 0.298246 0.605730 0.592000 0.715667 0.146655
    -2.256 0.831461 0.474359 0.324111 0.675889 0.446935 0.716374 0.283626 0.622721 0.604082 0.722656 0.133453
    -2.116 0.820225 0.483444 0.308300 0.691700 0.452330 0.725146 0.274854 0.632035 0.608333 0.719921 0.127368
    -1.976 0.820225 0.500000 0.288538 0.711462 0.471636 0.739766 0.260234 0.650817 0.621277 0.727092 0.115573
    -1.836 0.820225 0.525180 0.260870 0.739130 0.499675 0.760234 0.239766 0.679070 0.640351 0.737374 0.100372
    -1.696 0.820225 0.553030 0.233202 0.766798 0.529071 0.780702 0.219298 0.709887 0.660633 0.747951 0.086702
    -1.555 0.797753 0.554688 0.225296 0.774704 0.519022 0.780702 0.219298 0.708819 0.654378 0.733471 0.091662
    -1.415 0.797753 0.563492 0.217391 0.782609 0.527888 0.786550 0.213450 0.718381 0.660465 0.736515 0.088163
    -1.275 0.775281 0.570248 0.205534 0.794466 0.522816 0.789474 0.210526 0.722513 0.657143 0.723270 0.092743
    -1.135 0.741573 0.594595 0.177866 0.822134 0.528252 0.801170 0.198830 0.742964 0.660000 0.706638 0.098421
    -0.995 0.730337 0.619048 0.158103 0.841897 0.544328 0.812865 0.187135 0.766208 0.670103 0.704989 0.097715
    -0.855 0.730337 0.643564 0.142292 0.857708 0.565583 0.824561 0.175439 0.791075 0.684211 0.711160 0.092965
    -0.715 0.719101 0.653061 0.134387 0.865613 0.567402 0.827485 0.172515 0.798337 0.684492 0.704846 0.096964
    -0.575 0.685393 0.663043 0.122530 0.877470 0.556922 0.827485 0.172515 0.800875 0.674033 0.680804 0.113991
    -0.435 0.629213 0.658824 0.114625 0.885375 0.522444 0.818713 0.181287 0.783217 0.643678 0.634921 0.150621
    -0.294 0.617978 0.679012 0.102767 0.897233 0.531713 0.824561 0.175439 0.799031 0.647059 0.629291 0.156502
    -0.154 0.617978 0.705128 0.090909 0.909091 0.551154 0.833333 0.166667 0.822943 0.658683 0.633641 0.154206
    -0.014 0.573034 0.689189 0.090909 0.909091 0.513726 0.821637 0.178363 0.794805 0.625767 0.593023 0.190565
     0.126 0.539326 0.705882 0.079051 0.920949 0.505991 0.821637 0.178363 0.797784 0.611465 0.566038 0.218470
     0.266 0.505618 0.725806 0.067194 0.932806 0.499315 0.821637 0.178363 0.801187 0.596026 0.538278 0.248929
     0.406 0.460674 0.732143 0.059289 0.940711 0.475927 0.815789 0.184211 0.785942 0.565517 0.497573 0.294387
     0.546 0.415730 0.740000 0.051383 0.948617 0.452474 0.809942 0.190058 0.768166 0.532374 0.455665 0.344011
     0.686 0.404494 0.750000 0.047431 0.952569 0.451031 0.809942 0.190058 0.768683 0.525547 0.445545 0.356877
     0.826 0.382022 0.755556 0.043478 0.956522 0.439426 0.807018 0.192982 0.758364 0.507463 0.423940 0.383787
     0.966 0.303371 0.729730 0.039526 0.960474 0.372695 0.789474 0.210526 0.683544 0.428571 0.343511 0.486855
     1.107 0.280899 0.757576 0.031621 0.968379 0.370428 0.789474 0.210526 0.678733 0.409836 0.321337 0.518106
     1.247 0.258427 0.741935 0.031621 0.968379 0.346617 0.783626 0.216374 0.647887 0.383333 0.297158 0.550930
     1.387 0.235955 0.750000 0.027668 0.972332 0.333329 0.780702 0.219298 0.626866 0.358974 0.273437 0.584530
     1.527 0.191011 0.739130 0.023715 0.976285 0.293077 0.771930 0.228070 0.563536 0.303571 0.224274 0.655025
     1.667 0.191011 0.739130 0.023715 0.976285 0.293077 0.771930 0.228070 0.563536 0.303571 0.224274 0.655025
     1.807 0.191011 0.739130 0.023715 0.976285 0.293077 0.771930 0.228070 0.563536 0.303571 0.224274 0.655025
     1.947 0.191011 0.739130 0.023715 0.976285 0.293077 0.771930 0.228070 0.563536 0.303571 0.224274 0.655025
     2.087 0.191011 0.739130 0.023715 0.976285 0.293077 0.771930 0.228070 0.563536 0.303571 0.224274 0.655025
     2.227 0.191011 0.739130 0.023715 0.976285 0.293077 0.771930 0.228070 0.563536 0.303571 0.224274 0.655025
     2.367 0.179775 0.800000 0.015810 0.984190 0.306594 0.774854 0.225146 0.568047 0.293578 0.212766 0.673019
     2.508 0.168539 0.789474 0.015810 0.984190 0.292549 0.771930 0.228070 0.545455 0.277778 0.200000 0.691577
     2.648 0.157303 0.777778 0.015810 0.984190 0.278024 0.769006 0.230994 0.521739 0.261682 0.187166 0.710388
     2.788 0.157303 0.777778 0.015810 0.984190 0.278024 0.769006 0.230994 0.521739 0.261682 0.187166 0.710388
     2.928 0.146067 0.764706 0.015810 0.984190 0.262961 0.766082 0.233918 0.496815 0.245283 0.174263 0.729451
     3.068 0.112360 0.769231 0.011858 0.988142 0.230600 0.760234 0.239766 0.425532 0.196078 0.135501 0.788046
     3.208 0.089888 0.727273 0.011858 0.988142 0.194047 0.754386 0.245614 0.360902 0.160000 0.108992 0.828445
     3.348 0.078652 0.700000 0.011858 0.988142 0.173950 0.751462 0.248538 0.325581 0.141414 0.095628 0.849023
     3.488 0.078652 0.700000 0.011858 0.988142 0.173950 0.751462 0.248538 0.325581 0.141414 0.095628 0.849023
     3.628 0.056180 0.714286 0.007905 0.992095 0.149590 0.748538 0.251462 0.256410 0.104167 0.068871 0.890859
     3.768 0.056180 0.714286 0.007905 0.992095 0.149590 0.748538 0.251462 0.256410 0.104167 0.068871 0.890859
     3.909 0.056180 0.714286 0.007905 0.992095 0.149590 0.748538 0.251462 0.256410 0.104167 0.068871 0.890859
     4.049 0.044944 0.800000 0.003953 0.996047 0.149846 0.748538 0.251462 0.220183 0.085106 0.055402 0.912148
     4.189 0.044944 0.800000 0.003953 0.996047 0.149846 0.748538 0.251462 0.220183 0.085106 0.055402 0.912148
     4.329 0.044944 0.800000 0.003953 0.996047 0.149846 0.748538 0.251462 0.220183 0.085106 0.055402 0.912148
     4.469 0.033708 0.750000 0.003953 0.996047 0.121431 0.745614 0.254386 0.171429 0.064516 0.041667 0.933736
     4.609 0.033708 0.750000 0.003953 0.996047 0.121431 0.745614 0.254386 0.171429 0.064516 0.041667 0.933736
     4.749 0.022472 0.666667 0.003953 0.996047 0.087141 0.742690 0.257310 0.118812 0.043478 0.027855 0.955577
     4.889 0.022472 1.000000 0.000000 1.000000 0.129313 0.745614 0.254386 0.123711 0.043956 0.027933 0.955561
     5.029 0.022472 1.000000 0.000000 1.000000 0.129313 0.745614 0.254386 0.123711 0.043956 0.027933 0.955561
     5.169 0.022472 1.000000 0.000000 1.000000 0.129313 0.745614 0.254386 0.123711 0.043956 0.027933 0.955561
     5.310 0.022472 1.000000 0.000000 1.000000 0.129313 0.745614 0.254386 0.123711 0.043956 0.027933 0.955561
     5.450 0.022472 1.000000 0.000000 1.000000 0.129313 0.745614 0.254386 0.123711 0.043956 0.027933 0.955561
     5.590 0.022472 1.000000 0.000000 1.000000 0.129313 0.745614 0.254386 0.123711 0.043956 0.027933 0.955561
     5.730 0.011236 1.000000 0.000000 1.000000 0.091304 0.742690 0.257310 0.064516 0.022222 0.014006 0.977654
     5.870 0.011236 1.000000 0.000000 1.000000 0.091304 0.742690 0.257310 0.064516 0.022222 0.014006 0.977654
# AUC_ROC= 0.843    AUC_PRC= 0.643    Best_ROC thr= -1.696  TPR= 0.820   FPR= 0.233    BestMCC= 0.567   thr= -0.715  TPR= 0.719   FPR= 0.134  
#   AUC_R   AUC_P   THROC    Sen     Spe     BMCC    TH     Sen     Spe
#   0.843   0.643  -1.696   0.820   0.767   0.567  -0.715   0.719   0.866
