# COMMAND> Dynamut_Pucci2018N.txt 3 4 100
# Total data entries loaded: 684
# Total Experimental Positives 342 and Negatives 342 using 0 threshold.
# Experimental Positives ratio EP/(EN+EP)= 0.500
# Total Predicted Positives 112 and Negatives 572 using 0 threshold.
# Predicted Positives ratio PP/(PN+PP)= 0.164
# Predicted data goes from -3.944001 to 1.571001 (range 5.515002) --> 100 samples taken in 0.05515002 steps.
#
#     thrP  REC|TPR PREC|PPV      FPR       SP      MCC      ACC      ERR      F05       F1       F2    dist2
    -3.944 1.000000 0.500000 1.000000 0.000000 0.000000 0.500000 0.500000 0.666667 0.666667 0.833333 1.000000
    -3.889 1.000000 0.500732 0.997076 0.002924 0.038264 0.501462 0.498538 0.667534 0.667317 0.833740 0.994161
    -3.834 1.000000 0.501466 0.994152 0.005848 0.054153 0.502924 0.497076 0.668404 0.667969 0.834146 0.988338
    -3.779 0.997076 0.501471 0.991228 0.008772 0.038348 0.502924 0.497076 0.668191 0.667319 0.832520 0.982542
    -3.723 0.997076 0.502950 0.985380 0.014620 0.062715 0.505848 0.494152 0.669941 0.668627 0.833333 0.970983
    -3.668 0.997076 0.502950 0.985380 0.014620 0.062715 0.505848 0.494152 0.669941 0.668627 0.833333 0.970983
    -3.613 0.997076 0.505185 0.976608 0.023392 0.089810 0.510234 0.489766 0.672584 0.670600 0.834557 0.953772
    -3.558 0.997076 0.505185 0.976608 0.023392 0.089810 0.510234 0.489766 0.672584 0.670600 0.834557 0.953772
    -3.503 0.997076 0.506686 0.970760 0.029240 0.104602 0.513158 0.486842 0.674357 0.671921 0.835375 0.942384
    -3.448 0.997076 0.507440 0.967836 0.032164 0.111359 0.514620 0.485380 0.675248 0.672584 0.835784 0.936716
    -3.393 0.991228 0.507485 0.961988 0.038012 0.096728 0.514620 0.485380 0.674851 0.671287 0.832515 0.925498
    -3.337 0.991228 0.508246 0.959064 0.040936 0.103301 0.516082 0.483918 0.675748 0.671952 0.832924 0.919881
    -3.282 0.991228 0.509009 0.956140 0.043860 0.109599 0.517544 0.482456 0.676647 0.672619 0.833333 0.914281
    -3.227 0.991228 0.509009 0.956140 0.043860 0.109599 0.517544 0.482456 0.676647 0.672619 0.833333 0.914281
    -3.172 0.991228 0.510542 0.950292 0.049708 0.121487 0.520468 0.479532 0.678452 0.673956 0.834154 0.903133
    -3.117 0.991228 0.510542 0.950292 0.049708 0.121487 0.520468 0.479532 0.678452 0.673956 0.834154 0.903133
    -3.062 0.988304 0.509804 0.950292 0.049708 0.110173 0.519006 0.480994 0.677355 0.672637 0.832102 0.903192
    -3.006 0.988304 0.511346 0.944444 0.055556 0.121654 0.521930 0.478070 0.679169 0.673978 0.832923 0.892112
    -2.951 0.988304 0.511346 0.944444 0.055556 0.121654 0.521930 0.478070 0.679169 0.673978 0.832923 0.892112
    -2.896 0.988304 0.512898 0.938596 0.061404 0.132445 0.524854 0.475146 0.680994 0.675325 0.833744 0.881100
    -2.841 0.988304 0.512898 0.938596 0.061404 0.132445 0.524854 0.475146 0.680994 0.675325 0.833744 0.881100
    -2.786 0.988304 0.514460 0.932749 0.067251 0.142656 0.527778 0.472222 0.682828 0.676677 0.834568 0.870157
    -2.731 0.988304 0.514460 0.932749 0.067251 0.142656 0.527778 0.472222 0.682828 0.676677 0.834568 0.870157
    -2.676 0.988304 0.516031 0.926901 0.073099 0.152370 0.530702 0.469298 0.684673 0.678034 0.835393 0.859281
    -2.620 0.988304 0.517611 0.921053 0.078947 0.161655 0.533626 0.466374 0.686527 0.679397 0.836220 0.848475
    -2.565 0.985380 0.516871 0.921053 0.078947 0.152308 0.532164 0.467836 0.685424 0.678068 0.834158 0.848552
    -2.510 0.982456 0.516923 0.918129 0.081871 0.147988 0.532164 0.467836 0.685248 0.677419 0.832507 0.843268
    -2.455 0.982456 0.520124 0.906433 0.093567 0.165945 0.538012 0.461988 0.688995 0.680162 0.834161 0.821928
    -2.400 0.982456 0.521739 0.900585 0.099415 0.174456 0.540936 0.459064 0.690884 0.681542 0.834990 0.811361
    -2.345 0.979532 0.525078 0.885965 0.114035 0.186793 0.546784 0.453216 0.694540 0.683673 0.834995 0.785353
    -2.290 0.979532 0.525903 0.883041 0.116959 0.190720 0.548246 0.451754 0.695502 0.684372 0.835411 0.780180
    -2.234 0.976608 0.526814 0.877193 0.122807 0.190963 0.549708 0.450292 0.696317 0.684426 0.834166 0.770015
    -2.179 0.973684 0.530255 0.862573 0.137427 0.202633 0.555556 0.444444 0.700070 0.686598 0.834168 0.744725
    -2.124 0.967836 0.534733 0.842105 0.157895 0.214371 0.562865 0.437135 0.704755 0.688866 0.832914 0.710176
    -2.069 0.961988 0.536705 0.830409 0.169591 0.215701 0.565789 0.434211 0.706514 0.689005 0.830389 0.691025
    -2.014 0.959064 0.538588 0.821637 0.178363 0.219917 0.568713 0.431287 0.708423 0.689800 0.829540 0.676764
    -1.959 0.953216 0.537954 0.818713 0.181287 0.211580 0.567251 0.432749 0.707158 0.687764 0.825735 0.672480
    -1.903 0.950292 0.543478 0.798246 0.201754 0.229300 0.576023 0.423977 0.713241 0.691489 0.826551 0.639667
    -1.848 0.944444 0.547458 0.780702 0.219298 0.237792 0.581871 0.418129 0.717246 0.693133 0.824821 0.612582
    -1.793 0.932749 0.544369 0.780702 0.219298 0.216991 0.576023 0.423977 0.712584 0.687500 0.816274 0.614018
    -1.738 0.929825 0.545455 0.774854 0.225146 0.218414 0.577485 0.422515 0.713538 0.687568 0.814967 0.605323
    -1.683 0.915205 0.545296 0.763158 0.236842 0.206943 0.576023 0.423977 0.711903 0.683406 0.805870 0.589600
    -1.628 0.900585 0.543210 0.757310 0.242690 0.190244 0.571637 0.428363 0.708046 0.677668 0.795866 0.583402
    -1.573 0.894737 0.545455 0.745614 0.254386 0.194149 0.574561 0.425439 0.709977 0.677741 0.793157 0.567021
    -1.517 0.894737 0.550360 0.730994 0.269006 0.209916 0.581871 0.418129 0.715511 0.681514 0.795218 0.545433
    -1.462 0.883041 0.552102 0.716374 0.283626 0.208219 0.583333 0.416667 0.716206 0.679415 0.788512 0.526872
    -1.407 0.868421 0.557223 0.690058 0.309942 0.215019 0.589181 0.410819 0.720291 0.678857 0.781168 0.493494
    -1.352 0.865497 0.560606 0.678363 0.321637 0.222998 0.593567 0.406433 0.723716 0.680460 0.780591 0.478267
    -1.297 0.853801 0.561538 0.666667 0.333333 0.219158 0.593567 0.406433 0.723369 0.677494 0.773305 0.465819
    -1.242 0.836257 0.564103 0.646199 0.353801 0.216982 0.595029 0.404971 0.724051 0.673734 0.762667 0.444385
    -1.187 0.827485 0.572874 0.616959 0.383041 0.235013 0.605263 0.394737 0.732528 0.677033 0.759936 0.410400
    -1.131 0.809942 0.573499 0.602339 0.397661 0.227870 0.603801 0.396199 0.730871 0.671515 0.748244 0.398935
    -1.076 0.780702 0.570513 0.587719 0.412281 0.207584 0.596491 0.403509 0.723577 0.659259 0.727124 0.393506
    -1.021 0.757310 0.567982 0.576023 0.423977 0.192283 0.590643 0.409357 0.717452 0.649123 0.709978 0.390701
    -0.966 0.739766 0.567265 0.564327 0.435673 0.184160 0.587719 0.412281 0.714017 0.642132 0.697354 0.386187
    -0.911 0.716374 0.565820 0.549708 0.450292 0.172900 0.583333 0.416667 0.708775 0.632258 0.680178 0.382622
    -0.856 0.687135 0.560859 0.538012 0.461988 0.153052 0.574561 0.425439 0.698712 0.617608 0.657527 0.387341
    -0.800 0.660819 0.559406 0.520468 0.479532 0.142716 0.570175 0.429825 0.692543 0.605898 0.637698 0.385931
    -0.745 0.649123 0.560606 0.508772 0.491228 0.142134 0.570175 0.429825 0.691589 0.601626 0.629252 0.381964
    -0.690 0.625731 0.569149 0.473684 0.526316 0.152804 0.576023 0.423977 0.695558 0.596100 0.613532 0.364454
    -0.635 0.581871 0.563739 0.450292 0.549708 0.131647 0.565789 0.434211 0.680730 0.572662 0.578152 0.377595
    -0.580 0.555556 0.560472 0.435673 0.564327 0.119888 0.559942 0.440058 0.671378 0.558003 0.556532 0.387341
    -0.525 0.514620 0.564103 0.397661 0.602339 0.117412 0.558480 0.441520 0.664151 0.538226 0.523810 0.393728
    -0.470 0.488304 0.569966 0.368421 0.631579 0.121133 0.559942 0.440058 0.661823 0.525984 0.502709 0.397567
    -0.414 0.461988 0.580882 0.333333 0.666667 0.131438 0.564327 0.435673 0.662937 0.514658 0.481707 0.400568
    -0.359 0.421053 0.580645 0.304094 0.695906 0.121644 0.558480 0.441520 0.647676 0.488136 0.445545 0.427653
    -0.304 0.388889 0.593750 0.266082 0.733918 0.130842 0.561404 0.438596 0.644588 0.469965 0.417714 0.444256
    -0.249 0.345029 0.605128 0.225146 0.774854 0.132774 0.559942 0.440058 0.631016 0.439479 0.377479 0.479678
    -0.194 0.315789 0.627907 0.187135 0.812865 0.148270 0.564327 0.435673 0.629126 0.420233 0.350649 0.503163
    -0.139 0.283626 0.629870 0.166667 0.833333 0.140011 0.558480 0.441520 0.607516 0.391129 0.318660 0.540970
    -0.083 0.245614 0.608696 0.157895 0.842105 0.109291 0.543860 0.456140 0.563758 0.350000 0.278884 0.594029
    -0.028 0.222222 0.633333 0.128655 0.871345 0.123004 0.546784 0.453216 0.554745 0.329004 0.255376 0.621490
     0.027 0.204678 0.660377 0.105263 0.894737 0.137361 0.549708 0.450292 0.548303 0.312500 0.237449 0.643617
     0.082 0.181287 0.696629 0.078947 0.921053 0.152095 0.551170 0.448830 0.532951 0.287703 0.212766 0.676524
     0.137 0.154971 0.706667 0.064327 0.935673 0.145052 0.545322 0.454678 0.495327 0.254197 0.183645 0.718212
     0.192 0.149123 0.728571 0.055556 0.944444 0.154354 0.546784 0.453216 0.491961 0.247573 0.177330 0.727078
     0.247 0.134503 0.730159 0.049708 0.950292 0.146616 0.542398 0.457602 0.464646 0.227160 0.160727 0.751556
     0.303 0.111111 0.730769 0.040936 0.959064 0.132389 0.535088 0.464912 0.414545 0.192893 0.133803 0.791799
     0.358 0.087719 0.681818 0.040936 0.959064 0.095346 0.523392 0.476608 0.347490 0.155440 0.106232 0.833932
     0.413 0.084795 0.725000 0.032164 0.967836 0.112150 0.526316 0.473684 0.346614 0.151832 0.102983 0.838634
     0.468 0.081871 0.736842 0.029240 0.970760 0.114885 0.526316 0.473684 0.340081 0.147368 0.099573 0.843815
     0.523 0.076023 0.787879 0.020468 0.979532 0.129630 0.527778 0.472222 0.329114 0.138667 0.092791 0.854152
     0.578 0.073099 0.806452 0.017544 0.982456 0.133541 0.527778 0.472222 0.321888 0.134048 0.089350 0.859452
     0.633 0.073099 0.806452 0.017544 0.982456 0.133541 0.527778 0.472222 0.321888 0.134048 0.089350 0.859452
     0.689 0.067251 0.793103 0.017544 0.982456 0.123347 0.524854 0.475146 0.301310 0.123989 0.082319 0.870328
     0.744 0.064327 0.846154 0.011696 0.988304 0.137617 0.526316 0.473684 0.295964 0.119565 0.078910 0.875620
     0.799 0.061404 0.875000 0.008772 0.991228 0.143019 0.526316 0.473684 0.287671 0.114754 0.075431 0.881040
     0.854 0.055556 0.950000 0.002924 0.997076 0.156197 0.526316 0.473684 0.270142 0.104972 0.068444 0.891984
     0.909 0.043860 0.937500 0.002924 0.997076 0.135419 0.520468 0.479532 0.221675 0.083799 0.054191 0.914213
     0.964 0.038012 0.928571 0.002924 0.997076 0.123902 0.517544 0.482456 0.195980 0.073034 0.047033 0.925430
     1.020 0.035088 0.923077 0.002924 0.997076 0.117777 0.516082 0.483918 0.182741 0.067606 0.043447 0.931064
     1.075 0.023392 0.888889 0.002924 0.997076 0.089810 0.510234 0.489766 0.126984 0.045584 0.029049 0.953772
     1.130 0.017544 1.000000 0.000000 1.000000 0.094072 0.508772 0.491228 0.098361 0.034483 0.021834 0.965220
     1.185 0.017544 1.000000 0.000000 1.000000 0.094072 0.508772 0.491228 0.098361 0.034483 0.021834 0.965220
     1.240 0.011696 1.000000 0.000000 1.000000 0.076696 0.505848 0.494152 0.067039 0.023121 0.014577 0.976745
     1.295 0.008772 1.000000 0.000000 1.000000 0.066372 0.504386 0.495614 0.050847 0.017391 0.010941 0.982533
     1.350 0.005848 1.000000 0.000000 1.000000 0.054153 0.502924 0.497076 0.034286 0.011628 0.007299 0.988338
     1.406 0.005848 1.000000 0.000000 1.000000 0.054153 0.502924 0.497076 0.034286 0.011628 0.007299 0.988338
     1.461 0.002924 1.000000 0.000000 1.000000 0.038264 0.501462 0.498538 0.017341 0.005831 0.003652 0.994161
     1.516 0.002924 1.000000 0.000000 1.000000 0.038264 0.501462 0.498538 0.017341 0.005831 0.003652 0.994161
# AUC_ROC= 0.623    AUC_PRC= 0.616    Best_ROC thr= -0.690  TPR= 0.626   FPR= 0.474    BestMCC= 0.238   thr= -1.848  TPR= 0.944   FPR= 0.781  
#   AUC_R   AUC_P   THROC    Sen     Spe     BMCC    TH     Sen     Spe
#   0.623   0.616  -0.690   0.626   0.526   0.238  -1.848   0.944   0.219
