# COMMAND> PopMs_Pucci2018N.txt 3 4 100
# Total data entries loaded: 684
# Total Experimental Positives 342 and Negatives 342 using 0 threshold.
# Experimental Positives ratio EP/(EN+EP)= 0.500
# Total Predicted Positives 329 and Negatives 355 using 0 threshold.
# Predicted Positives ratio PP/(PN+PP)= 0.481
# Predicted data goes from -2.760001 to 2.170001 (range 4.930002) --> 100 samples taken in 0.04930002 steps.
#
#     thrP  REC|TPR PREC|PPV      FPR       SP      MCC      ACC      ERR      F05       F1       F2    dist2
    -2.760 1.000000 0.500000 1.000000 0.000000 0.000000 0.500000 0.500000 0.666667 0.666667 0.833333 1.000000
    -2.711 1.000000 0.500732 0.997076 0.002924 0.038264 0.501462 0.498538 0.667534 0.667317 0.833740 0.994161
    -2.661 1.000000 0.500732 0.997076 0.002924 0.038264 0.501462 0.498538 0.667534 0.667317 0.833740 0.994161
    -2.612 1.000000 0.500732 0.997076 0.002924 0.038264 0.501462 0.498538 0.667534 0.667317 0.833740 0.994161
    -2.563 1.000000 0.500732 0.997076 0.002924 0.038264 0.501462 0.498538 0.667534 0.667317 0.833740 0.994161
    -2.514 1.000000 0.500732 0.997076 0.002924 0.038264 0.501462 0.498538 0.667534 0.667317 0.833740 0.994161
    -2.464 1.000000 0.501466 0.994152 0.005848 0.054153 0.502924 0.497076 0.668404 0.667969 0.834146 0.988338
    -2.415 1.000000 0.502941 0.988304 0.011696 0.076696 0.505848 0.494152 0.670150 0.669276 0.834961 0.976745
    -2.366 1.000000 0.502941 0.988304 0.011696 0.076696 0.505848 0.494152 0.670150 0.669276 0.834961 0.976745
    -2.316 1.000000 0.503682 0.985380 0.014620 0.085812 0.507310 0.492690 0.671027 0.669931 0.835369 0.970974
    -2.267 1.000000 0.503682 0.985380 0.014620 0.085812 0.507310 0.492690 0.671027 0.669931 0.835369 0.970974
    -2.218 1.000000 0.503682 0.985380 0.014620 0.085812 0.507310 0.492690 0.671027 0.669931 0.835369 0.970974
    -2.168 1.000000 0.503682 0.985380 0.014620 0.085812 0.507310 0.492690 0.671027 0.669931 0.835369 0.970974
    -2.119 1.000000 0.504425 0.982456 0.017544 0.094072 0.508772 0.491228 0.671906 0.670588 0.835777 0.965220
    -2.070 1.000000 0.504425 0.982456 0.017544 0.094072 0.508772 0.491228 0.671906 0.670588 0.835777 0.965220
    -2.021 1.000000 0.505170 0.979532 0.020468 0.101684 0.510234 0.489766 0.672787 0.671246 0.836186 0.959483
    -1.971 0.997076 0.504438 0.979532 0.020468 0.081589 0.508772 0.491228 0.671701 0.669941 0.834149 0.959492
    -1.922 0.997076 0.504438 0.979532 0.020468 0.081589 0.508772 0.491228 0.671701 0.669941 0.834149 0.959492
    -1.873 0.994152 0.503704 0.979532 0.020468 0.064150 0.507310 0.492690 0.670611 0.668633 0.832110 0.959517
    -1.823 0.994152 0.503704 0.979532 0.020468 0.064150 0.507310 0.492690 0.670611 0.668633 0.832110 0.959517
    -1.774 0.994152 0.503704 0.979532 0.020468 0.064150 0.507310 0.492690 0.670611 0.668633 0.832110 0.959517
    -1.725 0.994152 0.503704 0.979532 0.020468 0.064150 0.507310 0.492690 0.670611 0.668633 0.832110 0.959517
    -1.675 0.994152 0.503704 0.979532 0.020468 0.064150 0.507310 0.492690 0.670611 0.668633 0.832110 0.959517
    -1.626 0.991228 0.502967 0.979532 0.020468 0.048723 0.505848 0.494152 0.669519 0.667323 0.830069 0.959560
    -1.577 0.988304 0.502229 0.979532 0.020468 0.034867 0.504386 0.495614 0.668425 0.666010 0.828025 0.959620
    -1.528 0.988304 0.505988 0.964912 0.035088 0.077382 0.511696 0.488304 0.672860 0.669307 0.830059 0.931193
    -1.478 0.988304 0.509036 0.953216 0.046784 0.104132 0.517544 0.482456 0.676451 0.671968 0.831693 0.908758
    -1.429 0.988304 0.510574 0.947368 0.052632 0.116008 0.520468 0.479532 0.678261 0.673307 0.832512 0.897644
    -1.380 0.988304 0.512121 0.941520 0.058480 0.127128 0.523392 0.476608 0.680080 0.674651 0.833333 0.886598
    -1.330 0.988304 0.512898 0.938596 0.061404 0.132445 0.524854 0.475146 0.680994 0.675325 0.833744 0.881100
    -1.281 0.988304 0.516031 0.926901 0.073099 0.152370 0.530702 0.469298 0.684673 0.678034 0.835393 0.859281
    -1.232 0.988304 0.520801 0.909357 0.090643 0.179146 0.539474 0.460526 0.690265 0.682139 0.837878 0.827066
    -1.182 0.979532 0.520995 0.900585 0.099415 0.166290 0.539474 0.460526 0.689774 0.680203 0.832919 0.811472
    -1.133 0.973684 0.524409 0.883041 0.116959 0.175742 0.545322 0.454678 0.693269 0.681679 0.831253 0.780454
    -1.084 0.973684 0.526066 0.877193 0.122807 0.183665 0.548246 0.451754 0.695198 0.683077 0.832084 0.770160
    -1.035 0.970760 0.531200 0.856725 0.143275 0.203095 0.557018 0.442982 0.700915 0.686660 0.832915 0.734833
    -0.985 0.967836 0.532154 0.850877 0.149123 0.203690 0.558480 0.441520 0.701767 0.686722 0.831658 0.725027
    -0.936 0.964912 0.533118 0.845029 0.154971 0.204400 0.559942 0.440058 0.702626 0.686785 0.830398 0.715306
    -0.887 0.961988 0.535831 0.833333 0.166667 0.212236 0.564327 0.435673 0.705504 0.688285 0.829970 0.695889
    -0.837 0.956140 0.536066 0.827485 0.172515 0.207096 0.564327 0.435673 0.705248 0.686975 0.826593 0.686656
    -0.788 0.950292 0.540765 0.807018 0.192982 0.219392 0.571637 0.428363 0.710124 0.689290 0.825292 0.653748
    -0.739 0.941520 0.545763 0.783626 0.216374 0.229300 0.578947 0.421053 0.715026 0.690987 0.822268 0.617489
    -0.689 0.941520 0.552316 0.763158 0.236842 0.251382 0.589181 0.410819 0.722513 0.696216 0.825218 0.585830
    -0.640 0.938596 0.556326 0.748538 0.251462 0.261597 0.595029 0.404971 0.726792 0.698585 0.825193 0.564080
    -0.591 0.929825 0.562832 0.722222 0.277778 0.273817 0.603801 0.396199 0.733282 0.701213 0.822556 0.526530
    -0.542 0.929825 0.568873 0.704678 0.295322 0.291293 0.612573 0.387427 0.740109 0.705882 0.825117 0.501496
    -0.492 0.923977 0.577697 0.675439 0.324561 0.310502 0.624269 0.375731 0.749407 0.710911 0.825065 0.461997
    -0.443 0.915205 0.581784 0.657895 0.342105 0.313989 0.628655 0.371345 0.753007 0.711364 0.821091 0.440016
    -0.394 0.900585 0.586667 0.634503 0.365497 0.314966 0.633041 0.366959 0.756757 0.710496 0.813524 0.412477
    -0.344 0.877193 0.604839 0.573099 0.426901 0.340576 0.652047 0.347953 0.773861 0.715990 0.804721 0.343525
    -0.295 0.859649 0.620253 0.526316 0.473684 0.361332 0.666667 0.333333 0.788204 0.720588 0.798046 0.296707
    -0.246 0.833333 0.631929 0.485380 0.514620 0.367097 0.673977 0.326023 0.796831 0.718789 0.783397 0.263372
    -0.196 0.809942 0.639723 0.456140 0.543860 0.367033 0.676901 0.323099 0.801350 0.714839 0.769017 0.244186
    -0.147 0.774854 0.652709 0.412281 0.587719 0.369093 0.681287 0.318713 0.808749 0.708556 0.746900 0.220666
    -0.098 0.742690 0.668421 0.368421 0.631579 0.376601 0.687135 0.312865 0.818475 0.703601 0.726545 0.201942
    -0.048 0.695906 0.676136 0.333333 0.666667 0.362728 0.681287 0.318713 0.816000 0.685879 0.691860 0.203584
     0.001 0.669591 0.696049 0.292398 0.707602 0.377466 0.688596 0.311404 0.828709 0.682563 0.674720 0.194667
     0.050 0.634503 0.713816 0.254386 0.745614 0.382485 0.690058 0.309942 0.835687 0.671827 0.648923 0.198300
     0.099 0.605263 0.721254 0.233918 0.766082 0.376242 0.685673 0.314327 0.833557 0.658188 0.625378 0.210535
     0.149 0.558480 0.743191 0.192982 0.807018 0.377337 0.682749 0.317251 0.836496 0.637730 0.587692 0.232183
     0.198 0.535088 0.756198 0.172515 0.827485 0.379143 0.681287 0.318713 0.838168 0.626712 0.568323 0.245905
     0.247 0.497076 0.783410 0.137427 0.862573 0.386382 0.679825 0.320175 0.842975 0.608229 0.536278 0.271819
     0.297 0.447368 0.805263 0.108187 0.891813 0.378632 0.669591 0.330409 0.833031 0.575188 0.491014 0.317106
     0.346 0.397661 0.795322 0.102339 0.897661 0.341008 0.647661 0.352339 0.795322 0.530214 0.441845 0.373286
     0.395 0.368421 0.807692 0.087719 0.912281 0.334497 0.640351 0.359649 0.782609 0.506024 0.413386 0.406587
     0.445 0.339181 0.816901 0.076023 0.923977 0.324413 0.631579 0.368421 0.764835 0.479339 0.384106 0.442461
     0.494 0.307018 0.807692 0.073099 0.926901 0.298101 0.616959 0.383041 0.730858 0.444915 0.350467 0.485568
     0.543 0.277778 0.811966 0.064327 0.935673 0.283425 0.606725 0.393275 0.703704 0.413943 0.319865 0.525743
     0.592 0.242690 0.805825 0.058480 0.941520 0.257534 0.592105 0.407895 0.660477 0.373034 0.282121 0.576938
     0.642 0.219298 0.833333 0.043860 0.956140 0.259500 0.587719 0.412281 0.641026 0.347222 0.257202 0.611419
     0.691 0.207602 0.845238 0.038012 0.961988 0.258353 0.584795 0.415205 0.628319 0.333333 0.244490 0.629339
     0.740 0.184211 0.840000 0.035088 0.964912 0.238633 0.574561 0.425439 0.588785 0.302158 0.218295 0.666744
     0.790 0.169591 0.840580 0.032164 0.967836 0.228158 0.568713 0.431287 0.563107 0.282238 0.201809 0.690614
     0.839 0.152047 0.838710 0.029240 0.970760 0.213874 0.561404 0.438596 0.528814 0.257426 0.181818 0.719880
     0.888 0.125731 0.811321 0.029240 0.970760 0.180452 0.548246 0.451754 0.465704 0.217722 0.151302 0.765201
     0.938 0.116959 0.816327 0.026316 0.973684 0.175742 0.545322 0.454678 0.446097 0.204604 0.141143 0.780454
     0.987 0.111111 0.808511 0.026316 0.973684 0.167602 0.542398 0.457602 0.430189 0.195373 0.134276 0.790816
     1.036 0.105263 0.818182 0.023392 0.976608 0.166856 0.540936 0.459064 0.416988 0.186528 0.127479 0.801101
     1.085 0.087719 0.833333 0.017544 0.982456 0.157135 0.535088 0.464912 0.370370 0.158730 0.106838 0.832564
     1.135 0.076023 0.866667 0.011696 0.988304 0.157063 0.532164 0.467836 0.337662 0.139785 0.092990 0.853870
     1.184 0.064327 0.846154 0.011696 0.988304 0.137617 0.526316 0.473684 0.295964 0.119565 0.078910 0.875620
     1.233 0.058480 0.833333 0.011696 0.988304 0.127128 0.523392 0.476608 0.273973 0.109290 0.071839 0.886598
     1.283 0.055556 0.826087 0.011696 0.988304 0.121654 0.521930 0.478070 0.262673 0.104110 0.068296 0.892112
     1.332 0.052632 0.857143 0.008772 0.991228 0.127123 0.521930 0.478070 0.253521 0.099174 0.064795 0.897584
     1.381 0.049708 0.850000 0.008772 0.991228 0.121487 0.520468 0.479532 0.241706 0.093923 0.061239 0.903133
     1.431 0.032164 0.785714 0.008772 0.991228 0.082602 0.511696 0.488304 0.165829 0.061798 0.039797 0.936784
     1.480 0.032164 0.785714 0.008772 0.991228 0.082602 0.511696 0.488304 0.165829 0.061798 0.039797 0.936784
     1.529 0.029240 0.769231 0.008772 0.991228 0.074949 0.510234 0.489766 0.152284 0.056338 0.036206 0.942452
     1.578 0.029240 0.769231 0.008772 0.991228 0.074949 0.510234 0.489766 0.152284 0.056338 0.036206 0.942452
     1.628 0.026316 0.750000 0.008772 0.991228 0.066815 0.508772 0.491228 0.138462 0.050847 0.032609 0.948138
     1.677 0.023392 0.888889 0.002924 0.997076 0.089810 0.510234 0.489766 0.126984 0.045584 0.029049 0.953772
     1.726 0.020468 0.875000 0.002924 0.997076 0.081589 0.508772 0.491228 0.112299 0.040000 0.025436 0.959492
     1.776 0.020468 1.000000 0.000000 1.000000 0.101684 0.510234 0.489766 0.113514 0.040115 0.025455 0.959483
     1.825 0.020468 1.000000 0.000000 1.000000 0.101684 0.510234 0.489766 0.113514 0.040115 0.025455 0.959483
     1.874 0.014620 1.000000 0.000000 1.000000 0.085812 0.507310 0.492690 0.082873 0.028818 0.018208 0.970974
     1.924 0.014620 1.000000 0.000000 1.000000 0.085812 0.507310 0.492690 0.082873 0.028818 0.018208 0.970974
     1.973 0.008772 1.000000 0.000000 1.000000 0.066372 0.504386 0.495614 0.050847 0.017391 0.010941 0.982533
     2.022 0.005848 1.000000 0.000000 1.000000 0.054153 0.502924 0.497076 0.034286 0.011628 0.007299 0.988338
     2.071 0.005848 1.000000 0.000000 1.000000 0.054153 0.502924 0.497076 0.034286 0.011628 0.007299 0.988338
     2.121 0.005848 1.000000 0.000000 1.000000 0.054153 0.502924 0.497076 0.034286 0.011628 0.007299 0.988338
# AUC_ROC= 0.754    AUC_PRC= 0.734    Best_ROC thr= 0.001   TPR= 0.670   FPR= 0.292    BestMCC= 0.386   thr= 0.247   TPR= 0.497   FPR= 0.137  
#   AUC_R   AUC_P   THROC    Sen     Spe     BMCC    TH     Sen     Spe
#   0.754   0.734   0.001   0.670   0.708   0.386   0.247   0.497   0.863
