# COMMAND> TherNet_Pucci2018dirN.txt 3 4 100
# Total data entries loaded: 342
# Total Experimental Positives 89 and Negatives 253 using 0 threshold.
# Experimental Positives ratio EP/(EN+EP)= 0.260
# Total Predicted Positives 123 and Negatives 219 using 0 threshold.
# Predicted Positives ratio PP/(PN+PP)= 0.360
# Predicted data goes from -3.090001 to 2.410001 (range 5.500002) --> 100 samples taken in 0.05500002 steps.
#
#     thrP  REC|TPR PREC|PPV      FPR       SP      MCC      ACC      ERR      F05       F1       F2    dist2
    -3.090 1.000000 0.260234 1.000000 0.000000 0.000000 0.260234 0.739766 0.366507 0.412993 0.637536 1.000000
    -3.035 1.000000 0.260997 0.996047 0.003953 0.032119 0.263158 0.736842 0.367515 0.413953 0.638451 0.992110
    -2.980 1.000000 0.260997 0.996047 0.003953 0.032119 0.263158 0.736842 0.367515 0.413953 0.638451 0.992110
    -2.925 1.000000 0.260997 0.996047 0.003953 0.032119 0.263158 0.736842 0.367515 0.413953 0.638451 0.992110
    -2.870 1.000000 0.260997 0.996047 0.003953 0.032119 0.263158 0.736842 0.367515 0.413953 0.638451 0.992110
    -2.815 1.000000 0.261765 0.992095 0.007905 0.045489 0.266082 0.733918 0.368530 0.414918 0.639368 0.984252
    -2.760 1.000000 0.261765 0.992095 0.007905 0.045489 0.266082 0.733918 0.368530 0.414918 0.639368 0.984252
    -2.705 1.000000 0.262537 0.988142 0.011858 0.055795 0.269006 0.730994 0.369550 0.415888 0.640288 0.976425
    -2.650 1.000000 0.263314 0.984190 0.015810 0.064522 0.271930 0.728070 0.370576 0.416862 0.641210 0.968629
    -2.595 1.000000 0.264095 0.980237 0.019763 0.072245 0.274854 0.725146 0.371608 0.417840 0.642136 0.960865
    -2.540 1.000000 0.264095 0.980237 0.019763 0.072245 0.274854 0.725146 0.371608 0.417840 0.642136 0.960865
    -2.485 1.000000 0.264095 0.980237 0.019763 0.072245 0.274854 0.725146 0.371608 0.417840 0.642136 0.960865
    -2.430 1.000000 0.264881 0.976285 0.023715 0.079258 0.277778 0.722222 0.372645 0.418824 0.643064 0.953132
    -2.375 1.000000 0.264881 0.976285 0.023715 0.079258 0.277778 0.722222 0.372645 0.418824 0.643064 0.953132
    -2.320 1.000000 0.265672 0.972332 0.027668 0.085736 0.280702 0.719298 0.373688 0.419811 0.643994 0.945430
    -2.265 1.000000 0.266467 0.968379 0.031621 0.091792 0.283626 0.716374 0.374737 0.420804 0.644928 0.937759
    -2.210 1.000000 0.268072 0.960474 0.039526 0.102936 0.289474 0.710526 0.376853 0.422803 0.646802 0.922511
    -2.155 1.000000 0.269697 0.952569 0.047431 0.113102 0.295322 0.704678 0.378992 0.424821 0.648688 0.907388
    -2.100 1.000000 0.269697 0.952569 0.047431 0.113102 0.295322 0.704678 0.378992 0.424821 0.648688 0.907388
    -2.045 1.000000 0.270517 0.948617 0.051383 0.117899 0.298246 0.701754 0.380071 0.425837 0.649635 0.899873
    -1.990 1.000000 0.271341 0.944664 0.055336 0.122535 0.301170 0.698830 0.381156 0.426859 0.650585 0.892390
    -1.935 0.988764 0.272446 0.928854 0.071146 0.114757 0.309942 0.690058 0.382332 0.427184 0.648012 0.862896
    -1.880 0.988764 0.272446 0.928854 0.071146 0.114757 0.309942 0.690058 0.382332 0.427184 0.648012 0.862896
    -1.825 0.988764 0.276730 0.909091 0.090909 0.136851 0.324561 0.675439 0.387950 0.432432 0.652819 0.826573
    -1.770 0.988764 0.277603 0.905138 0.094862 0.140960 0.327485 0.672515 0.389094 0.433498 0.653789 0.819402
    -1.715 0.988764 0.278481 0.901186 0.098814 0.144984 0.330409 0.669591 0.390244 0.434568 0.654762 0.812262
    -1.660 0.988764 0.279365 0.897233 0.102767 0.148931 0.333333 0.666667 0.391401 0.435644 0.655738 0.805154
    -1.605 0.988764 0.281150 0.889328 0.110672 0.156613 0.339181 0.660819 0.393736 0.437811 0.657698 0.791031
    -1.550 0.988764 0.282958 0.881423 0.118577 0.164044 0.345029 0.654971 0.396099 0.440000 0.659670 0.777033
    -1.495 0.988764 0.284790 0.873518 0.126482 0.171256 0.350877 0.649123 0.398491 0.442211 0.661654 0.763160
    -1.440 0.977528 0.282468 0.873518 0.126482 0.152516 0.347953 0.652047 0.395155 0.438287 0.655120 0.763538
    -1.385 0.977528 0.284314 0.865613 0.134387 0.160005 0.353801 0.646199 0.397563 0.440506 0.657100 0.749790
    -1.330 0.977528 0.287129 0.853755 0.146245 0.170855 0.362573 0.637427 0.401230 0.443878 0.660091 0.729402
    -1.275 0.977528 0.289037 0.845850 0.154150 0.177867 0.368421 0.631579 0.403712 0.446154 0.662100 0.715967
    -1.220 0.977528 0.290970 0.837945 0.162055 0.184722 0.374269 0.625731 0.406226 0.448454 0.664122 0.702656
    -1.165 0.977528 0.292929 0.830040 0.169960 0.191438 0.380117 0.619883 0.408771 0.450777 0.666156 0.689471
    -1.110 0.955056 0.288136 0.830040 0.169960 0.159317 0.374269 0.625731 0.401891 0.442708 0.652842 0.690986
    -1.055 0.955056 0.291096 0.818182 0.181818 0.169981 0.383041 0.616959 0.405728 0.446194 0.655864 0.671441
    -1.000 0.955056 0.291096 0.818182 0.181818 0.169981 0.383041 0.616959 0.405728 0.446194 0.655864 0.671441
    -0.945 0.943820 0.292683 0.802372 0.197628 0.168940 0.391813 0.608187 0.407437 0.446809 0.653188 0.646956
    -0.890 0.943820 0.296820 0.786561 0.213439 0.182621 0.403509 0.596491 0.412776 0.451613 0.657277 0.621835
    -0.835 0.943820 0.302158 0.766798 0.233202 0.199145 0.418129 0.581871 0.419650 0.457766 0.662461 0.591136
    -0.780 0.943820 0.307692 0.747036 0.252964 0.215150 0.432749 0.567251 0.426757 0.464088 0.667727 0.561218
    -0.725 0.932584 0.310861 0.727273 0.272727 0.217712 0.444444 0.555556 0.430424 0.466292 0.666132 0.533471
    -0.670 0.932584 0.319231 0.699605 0.300395 0.239430 0.464912 0.535088 0.441098 0.475645 0.673701 0.493992
    -0.615 0.932584 0.322957 0.687747 0.312253 0.248575 0.473684 0.526316 0.445837 0.479769 0.676998 0.477541
    -0.560 0.921348 0.325397 0.671937 0.328063 0.248514 0.482456 0.517544 0.448496 0.480938 0.674342 0.457685
    -0.505 0.921348 0.337449 0.636364 0.363636 0.275712 0.508772 0.491228 0.463713 0.493976 0.684474 0.411145
    -0.450 0.921348 0.345992 0.612648 0.387352 0.293645 0.526316 0.473684 0.474446 0.503067 0.691400 0.381524
    -0.395 0.921348 0.354978 0.588933 0.411067 0.311508 0.543860 0.456140 0.485686 0.512500 0.698467 0.353028
    -0.340 0.898876 0.365297 0.549407 0.450593 0.319514 0.567251 0.432749 0.497409 0.519481 0.695652 0.312074
    -0.285 0.865169 0.363208 0.533597 0.466403 0.299704 0.570175 0.429825 0.493063 0.511628 0.677817 0.302905
    -0.230 0.808989 0.361809 0.501976 0.498024 0.273097 0.578947 0.421053 0.488136 0.500000 0.648649 0.288465
    -0.175 0.764045 0.361702 0.474308 0.525692 0.255517 0.587719 0.412281 0.485137 0.490975 0.625000 0.280643
    -0.120 0.707865 0.368421 0.426877 0.573123 0.246574 0.608187 0.391813 0.489004 0.484615 0.597723 0.267567
    -0.065 0.674157 0.389610 0.371542 0.628458 0.266875 0.640351 0.359649 0.510638 0.493827 0.588235 0.244217
    -0.010 0.617978 0.426357 0.292490 0.707510 0.294649 0.684211 0.315789 0.545455 0.504587 0.567010 0.231492
     0.045 0.505618 0.420561 0.245059 0.754941 0.246567 0.690058 0.309942 0.522244 0.459184 0.485961 0.304468
     0.100 0.404494 0.444444 0.177866 0.822134 0.233888 0.713450 0.286550 0.523002 0.423529 0.411899 0.386263
     0.155 0.348315 0.424658 0.166008 0.833992 0.195218 0.707602 0.292398 0.488189 0.382716 0.361305 0.452252
     0.210 0.280899 0.454545 0.118577 0.881423 0.193870 0.725146 0.274854 0.485437 0.347222 0.304136 0.531167
     0.265 0.269663 0.489796 0.098814 0.901186 0.213961 0.736842 0.263158 0.505263 0.347826 0.296296 0.543157
     0.320 0.224719 0.465116 0.090909 0.909091 0.177082 0.730994 0.269006 0.459770 0.303030 0.250627 0.609325
     0.375 0.168539 0.416667 0.083004 0.916996 0.122289 0.722222 0.277778 0.386266 0.240000 0.191327 0.698217
     0.430 0.157303 0.466667 0.063241 0.936759 0.145892 0.733918 0.266082 0.401914 0.235294 0.181347 0.714137
     0.485 0.146067 0.464286 0.059289 0.940711 0.138875 0.733918 0.266082 0.388060 0.222222 0.169271 0.732716
     0.540 0.134831 0.480000 0.051383 0.948617 0.140660 0.736842 0.263158 0.380952 0.210526 0.157480 0.751157
     0.595 0.112360 0.476190 0.043478 0.956522 0.125891 0.736842 0.263158 0.346821 0.181818 0.132626 0.789796
     0.650 0.112360 0.500000 0.039526 0.960474 0.136190 0.739766 0.260234 0.355030 0.183486 0.132979 0.789468
     0.705 0.089888 0.444444 0.039526 0.960474 0.098958 0.733918 0.266082 0.298137 0.149533 0.106952 0.829867
     0.760 0.056180 0.357143 0.035573 0.964427 0.045631 0.728070 0.271930 0.206897 0.097087 0.067568 0.892062
     0.815 0.056180 0.384615 0.031621 0.968379 0.056351 0.730994 0.269006 0.212766 0.098039 0.067751 0.891796
     0.870 0.056180 0.384615 0.031621 0.968379 0.056351 0.730994 0.269006 0.212766 0.098039 0.067751 0.891796
     0.925 0.056180 0.454545 0.023715 0.976285 0.080733 0.736842 0.263158 0.225564 0.100000 0.068120 0.891359
     0.980 0.056180 0.454545 0.023715 0.976285 0.080733 0.736842 0.263158 0.225564 0.100000 0.068120 0.891359
     1.035 0.056180 0.454545 0.023715 0.976285 0.080733 0.736842 0.263158 0.225564 0.100000 0.068120 0.891359
     1.090 0.056180 0.500000 0.019763 0.980237 0.094840 0.739766 0.260234 0.232558 0.101010 0.068306 0.891187
     1.145 0.056180 0.500000 0.019763 0.980237 0.094840 0.739766 0.260234 0.232558 0.101010 0.068306 0.891187
     1.200 0.044944 0.444444 0.019763 0.980237 0.069022 0.736842 0.263158 0.192000 0.081633 0.054795 0.912523
     1.255 0.044944 0.444444 0.019763 0.980237 0.069022 0.736842 0.263158 0.192000 0.081633 0.054795 0.912523
     1.310 0.033708 0.375000 0.019763 0.980237 0.040481 0.733918 0.266082 0.148760 0.061856 0.041209 0.934111
     1.365 0.033708 0.428571 0.015810 0.984190 0.055460 0.736842 0.263158 0.153846 0.062500 0.041322 0.933970
     1.420 0.033708 0.600000 0.007905 0.992095 0.094324 0.742690 0.257310 0.165138 0.063830 0.041551 0.933783
     1.475 0.033708 0.600000 0.007905 0.992095 0.094324 0.742690 0.257310 0.165138 0.063830 0.041551 0.933783
     1.530 0.033708 0.600000 0.007905 0.992095 0.094324 0.742690 0.257310 0.165138 0.063830 0.041551 0.933783
     1.585 0.033708 0.600000 0.007905 0.992095 0.094324 0.742690 0.257310 0.165138 0.063830 0.041551 0.933783
     1.640 0.033708 0.600000 0.007905 0.992095 0.094324 0.742690 0.257310 0.165138 0.063830 0.041551 0.933783
     1.695 0.033708 0.750000 0.003953 0.996047 0.121431 0.745614 0.254386 0.171429 0.064516 0.041667 0.933736
     1.750 0.022472 0.666667 0.003953 0.996047 0.087141 0.742690 0.257310 0.118812 0.043478 0.027855 0.955577
     1.805 0.022472 0.666667 0.003953 0.996047 0.087141 0.742690 0.257310 0.118812 0.043478 0.027855 0.955577
     1.860 0.022472 0.666667 0.003953 0.996047 0.087141 0.742690 0.257310 0.118812 0.043478 0.027855 0.955577
     1.915 0.022472 0.666667 0.003953 0.996047 0.087141 0.742690 0.257310 0.118812 0.043478 0.027855 0.955577
     1.970 0.022472 0.666667 0.003953 0.996047 0.087141 0.742690 0.257310 0.118812 0.043478 0.027855 0.955577
     2.025 0.011236 0.500000 0.003953 0.996047 0.041912 0.739766 0.260234 0.061856 0.021978 0.013966 0.977670
     2.080 0.000000 0.000000 0.003953 0.996047 -0.032119 0.736842 0.263158 0.000000 0.000000 0.000000 1.000016
     2.135 0.000000 0.000000 0.003953 0.996047 -0.032119 0.736842 0.263158 0.000000 0.000000 0.000000 1.000016
     2.190 0.000000 0.000000 0.003953 0.996047 -0.032119 0.736842 0.263158 0.000000 0.000000 0.000000 1.000016
     2.245 0.000000 0.000000 0.003953 0.996047 -0.032119 0.736842 0.263158 0.000000 0.000000 0.000000 1.000016
     2.300 0.000000 0.000000 0.003953 0.996047 -0.032119 0.736842 0.263158 0.000000 0.000000 0.000000 1.000016
     2.355 0.000000 0.000000 0.003953 0.996047 -0.032119 0.736842 0.263158 0.000000 0.000000 0.000000 1.000016
# AUC_ROC= 0.709    AUC_PRC= 0.411    Best_ROC thr= -0.010  TPR= 0.618   FPR= 0.292    BestMCC= 0.320   thr= -0.340  TPR= 0.899   FPR= 0.549  
#   AUC_R   AUC_P   THROC    Sen     Spe     BMCC    TH     Sen     Spe
#   0.709   0.411  -0.010   0.618   0.708   0.320  -0.340   0.899   0.451
