# COMMAND> ACDCNN_Pucci2018revN.txt 3 4 100
# Total data entries loaded: 352
# Total Experimental Positives 261 and Negatives 91 using 0 threshold.
# Experimental Positives ratio EP/(EN+EP)= 0.741
# Total Predicted Positives 259 and Negatives 93 using 0 threshold.
# Predicted Positives ratio PP/(PN+PP)= 0.736
# Predicted data goes from -2.604001 to 4.180001 (range 6.784002) --> 100 samples taken in 0.06784002 steps.
#
#     thrP  REC|TPR PREC|PPV      FPR       SP      MCC      ACC      ERR      F05       F1       F2    dist2
    -2.604 1.000000 0.741477 1.000000 0.000000 0.000000 0.741477 0.258523 0.938286 0.851550 0.934814 1.000000
    -2.536 1.000000 0.743590 0.989011 0.010989 0.090395 0.744318 0.255682 0.940541 0.852941 0.935484 0.978143
    -2.468 1.000000 0.743590 0.989011 0.010989 0.090395 0.744318 0.255682 0.940541 0.852941 0.935484 0.978143
    -2.400 1.000000 0.743590 0.989011 0.010989 0.090395 0.744318 0.255682 0.940541 0.852941 0.935484 0.978143
    -2.333 1.000000 0.743590 0.989011 0.010989 0.090395 0.744318 0.255682 0.940541 0.852941 0.935484 0.978143
    -2.265 1.000000 0.743590 0.989011 0.010989 0.090395 0.744318 0.255682 0.940541 0.852941 0.935484 0.978143
    -2.197 1.000000 0.743590 0.989011 0.010989 0.090395 0.744318 0.255682 0.940541 0.852941 0.935484 0.978143
    -2.129 1.000000 0.743590 0.989011 0.010989 0.090395 0.744318 0.255682 0.940541 0.852941 0.935484 0.978143
    -2.061 1.000000 0.745714 0.978022 0.021978 0.128021 0.747159 0.252841 0.942806 0.854337 0.936155 0.956527
    -1.993 1.000000 0.745714 0.978022 0.021978 0.128021 0.747159 0.252841 0.942806 0.854337 0.936155 0.956527
    -1.926 1.000000 0.745714 0.978022 0.021978 0.128021 0.747159 0.252841 0.942806 0.854337 0.936155 0.956527
    -1.858 1.000000 0.745714 0.978022 0.021978 0.128021 0.747159 0.252841 0.942806 0.854337 0.936155 0.956527
    -1.790 1.000000 0.750000 0.956044 0.043956 0.181568 0.752841 0.247159 0.947368 0.857143 0.937500 0.914020
    -1.722 1.000000 0.750000 0.956044 0.043956 0.181568 0.752841 0.247159 0.947368 0.857143 0.937500 0.914020
    -1.654 1.000000 0.750000 0.956044 0.043956 0.181568 0.752841 0.247159 0.947368 0.857143 0.937500 0.914020
    -1.586 1.000000 0.750000 0.956044 0.043956 0.181568 0.752841 0.247159 0.947368 0.857143 0.937500 0.914020
    -1.519 1.000000 0.750000 0.956044 0.043956 0.181568 0.752841 0.247159 0.947368 0.857143 0.937500 0.914020
    -1.451 0.996169 0.749280 0.956044 0.043956 0.148458 0.750000 0.250000 0.946028 0.855263 0.934579 0.914035
    -1.383 0.992337 0.748555 0.956044 0.043956 0.122759 0.747159 0.252841 0.944681 0.853377 0.931655 0.914079
    -1.315 0.992337 0.748555 0.956044 0.043956 0.122759 0.747159 0.252841 0.944681 0.853377 0.931655 0.914079
    -1.247 0.992337 0.748555 0.956044 0.043956 0.122759 0.747159 0.252841 0.944681 0.853377 0.931655 0.914079
    -1.179 0.992337 0.748555 0.956044 0.043956 0.122759 0.747159 0.252841 0.944681 0.853377 0.931655 0.914079
    -1.112 0.992337 0.748555 0.956044 0.043956 0.122759 0.747159 0.252841 0.944681 0.853377 0.931655 0.914079
    -1.044 0.992337 0.748555 0.956044 0.043956 0.122759 0.747159 0.252841 0.944681 0.853377 0.931655 0.914079
    -0.976 0.992337 0.750725 0.945055 0.054945 0.148279 0.750000 0.250000 0.946984 0.854785 0.932325 0.893188
    -0.908 0.992337 0.750725 0.945055 0.054945 0.148279 0.750000 0.250000 0.946984 0.854785 0.932325 0.893188
    -0.840 0.992337 0.750725 0.945055 0.054945 0.148279 0.750000 0.250000 0.946984 0.854785 0.932325 0.893188
    -0.772 0.992337 0.750725 0.945055 0.054945 0.148279 0.750000 0.250000 0.946984 0.854785 0.932325 0.893188
    -0.704 0.977011 0.752212 0.923077 0.076923 0.125209 0.744318 0.255682 0.946197 0.850000 0.921909 0.852599
    -0.637 0.977011 0.752212 0.923077 0.076923 0.125209 0.744318 0.255682 0.946197 0.850000 0.921909 0.852599
    -0.569 0.973180 0.751479 0.923077 0.076923 0.112249 0.741477 0.258523 0.944823 0.848080 0.918958 0.852790
    -0.501 0.973180 0.753709 0.912088 0.087912 0.132424 0.744318 0.255682 0.947172 0.849498 0.919623 0.832624
    -0.433 0.965517 0.754491 0.901099 0.098901 0.128039 0.741477 0.258523 0.946775 0.847059 0.914369 0.813168
    -0.365 0.961686 0.756024 0.890110 0.109890 0.135370 0.741477 0.258523 0.947766 0.846543 0.912064 0.793764
    -0.297 0.934866 0.760125 0.846154 0.153846 0.137054 0.732955 0.267045 0.947573 0.838488 0.893773 0.720219
    -0.230 0.915709 0.770968 0.780220 0.219780 0.182995 0.735795 0.264205 0.955363 0.837128 0.882570 0.615848
    -0.162 0.869732 0.777397 0.714286 0.285714 0.180990 0.718750 0.281250 0.953114 0.820976 0.849551 0.527174
    -0.094 0.823755 0.802239 0.582418 0.417582 0.247890 0.718750 0.281250 0.967742 0.812854 0.819360 0.370273
    -0.026 0.804598 0.801527 0.571429 0.428571 0.234013 0.707386 0.292614 0.962567 0.803059 0.803982 0.364713
     0.042 0.785441 0.810277 0.527473 0.472527 0.251205 0.704545 0.295455 0.966222 0.797665 0.790285 0.324263
     0.110 0.766284 0.826446 0.461538 0.538462 0.287855 0.707386 0.292614 0.976404 0.795229 0.777605 0.267641
     0.177 0.651341 0.876289 0.263736 0.736264 0.341193 0.673295 0.326705 0.983607 0.747253 0.686591 0.191120
     0.245 0.578544 0.898810 0.186813 0.813187 0.343372 0.639205 0.360795 0.971061 0.703963 0.622937 0.212524
     0.313 0.501916 0.949275 0.076923 0.923077 0.381132 0.610795 0.389205 0.966790 0.656642 0.554146 0.254005
     0.381 0.440613 0.974576 0.032967 0.967033 0.378073 0.576705 0.423295 0.941337 0.606860 0.494836 0.314001
     0.449 0.417625 0.990909 0.010989 0.989011 0.384098 0.565341 0.434659 0.932953 0.587601 0.472270 0.339282
     0.517 0.363985 0.989583 0.010989 0.989011 0.347020 0.525568 0.474432 0.883721 0.532213 0.416667 0.404636
     0.584 0.325670 0.988372 0.010989 0.989011 0.320643 0.497159 0.502841 0.842975 0.489914 0.376106 0.454841
     0.652 0.302682 0.987500 0.010989 0.989011 0.304746 0.480114 0.519886 0.815835 0.463343 0.351423 0.486373
     0.720 0.279693 0.986486 0.010989 0.989011 0.288720 0.463068 0.536932 0.786355 0.435821 0.326476 0.518962
     0.788 0.264368 0.985714 0.010989 0.989011 0.277931 0.451705 0.548295 0.765250 0.416918 0.309695 0.541275
     0.856 0.218391 0.982759 0.010989 0.989011 0.244774 0.417614 0.582386 0.693712 0.357367 0.258621 0.611034
     0.924 0.195402 0.980769 0.010989 0.989011 0.227547 0.400568 0.599432 0.652452 0.325879 0.232664 0.647498
     0.992 0.187739 0.980000 0.010989 0.989011 0.221673 0.394886 0.605114 0.637744 0.315113 0.223949 0.659888
     1.059 0.168582 0.977778 0.010989 0.989011 0.206635 0.380682 0.619318 0.598639 0.287582 0.202020 0.691376
     1.127 0.157088 1.000000 0.000000 1.000000 0.214394 0.375000 0.625000 0.578824 0.271523 0.188940 0.710500
     1.195 0.145594 1.000000 0.000000 1.000000 0.205413 0.366477 0.633523 0.552058 0.254181 0.175601 0.730010
     1.263 0.141762 1.000000 0.000000 1.000000 0.202370 0.363636 0.636364 0.542787 0.248322 0.171138 0.736572
     1.331 0.134100 1.000000 0.000000 1.000000 0.196203 0.357955 0.642045 0.523691 0.236486 0.162187 0.749783
     1.399 0.126437 1.000000 0.000000 1.000000 0.189916 0.352273 0.647727 0.503817 0.224490 0.153203 0.763113
     1.466 0.114943 1.000000 0.000000 1.000000 0.180233 0.343750 0.656250 0.472441 0.206186 0.139665 0.783327
     1.534 0.091954 1.000000 0.000000 1.000000 0.159724 0.326705 0.673295 0.403361 0.168421 0.112360 0.824547
     1.602 0.091954 1.000000 0.000000 1.000000 0.159724 0.326705 0.673295 0.403361 0.168421 0.112360 0.824547
     1.670 0.088123 1.000000 0.000000 1.000000 0.156123 0.323864 0.676136 0.390935 0.161972 0.107779 0.831520
     1.738 0.080460 1.000000 0.000000 1.000000 0.148729 0.318182 0.681818 0.365217 0.148936 0.098592 0.845554
     1.806 0.072797 1.000000 0.000000 1.000000 0.141044 0.312500 0.687500 0.338279 0.135714 0.089370 0.859706
     1.873 0.068966 1.000000 0.000000 1.000000 0.137077 0.309659 0.690341 0.324324 0.129032 0.084746 0.866825
     1.941 0.068966 1.000000 0.000000 1.000000 0.137077 0.309659 0.690341 0.324324 0.129032 0.084746 0.866825
     2.009 0.057471 1.000000 0.000000 1.000000 0.124575 0.301136 0.698864 0.280374 0.108696 0.070822 0.888360
     2.077 0.057471 1.000000 0.000000 1.000000 0.124575 0.301136 0.698864 0.280374 0.108696 0.070822 0.888360
     2.145 0.053640 1.000000 0.000000 1.000000 0.120173 0.298295 0.701705 0.264984 0.101818 0.066163 0.895598
     2.213 0.049808 1.000000 0.000000 1.000000 0.115630 0.295455 0.704545 0.249201 0.094891 0.061495 0.902864
     2.280 0.045977 1.000000 0.000000 1.000000 0.110931 0.292614 0.707386 0.233010 0.087912 0.056818 0.910160
     2.348 0.045977 1.000000 0.000000 1.000000 0.110931 0.292614 0.707386 0.233010 0.087912 0.056818 0.910160
     2.416 0.042146 1.000000 0.000000 1.000000 0.106052 0.289773 0.710227 0.216393 0.080882 0.052133 0.917485
     2.484 0.042146 1.000000 0.000000 1.000000 0.106052 0.289773 0.710227 0.216393 0.080882 0.052133 0.917485
     2.552 0.034483 1.000000 0.000000 1.000000 0.095648 0.284091 0.715909 0.181818 0.066667 0.042735 0.932224
     2.620 0.026820 1.000000 0.000000 1.000000 0.084109 0.278409 0.721591 0.145329 0.052239 0.033302 0.947079
     2.688 0.026820 1.000000 0.000000 1.000000 0.084109 0.278409 0.721591 0.145329 0.052239 0.033302 0.947079
     2.755 0.022989 1.000000 0.000000 1.000000 0.077757 0.275568 0.724432 0.126316 0.044944 0.028571 0.954551
     2.823 0.022989 1.000000 0.000000 1.000000 0.077757 0.275568 0.724432 0.126316 0.044944 0.028571 0.954551
     2.891 0.019157 1.000000 0.000000 1.000000 0.070880 0.272727 0.727273 0.106762 0.037594 0.023832 0.962053
     2.959 0.019157 1.000000 0.000000 1.000000 0.070880 0.272727 0.727273 0.106762 0.037594 0.023832 0.962053
     3.027 0.007663 1.000000 0.000000 1.000000 0.044636 0.264205 0.735795 0.044610 0.015209 0.009560 0.984733
     3.095 0.003831 1.000000 0.000000 1.000000 0.031517 0.261364 0.738636 0.022642 0.007634 0.004785 0.992352
     3.162 0.003831 1.000000 0.000000 1.000000 0.031517 0.261364 0.738636 0.022642 0.007634 0.004785 0.992352
     3.230 0.003831 1.000000 0.000000 1.000000 0.031517 0.261364 0.738636 0.022642 0.007634 0.004785 0.992352
     3.298 0.003831 1.000000 0.000000 1.000000 0.031517 0.261364 0.738636 0.022642 0.007634 0.004785 0.992352
     3.366 0.003831 1.000000 0.000000 1.000000 0.031517 0.261364 0.738636 0.022642 0.007634 0.004785 0.992352
     3.434 0.003831 1.000000 0.000000 1.000000 0.031517 0.261364 0.738636 0.022642 0.007634 0.004785 0.992352
     3.502 0.003831 1.000000 0.000000 1.000000 0.031517 0.261364 0.738636 0.022642 0.007634 0.004785 0.992352
     3.569 0.003831 1.000000 0.000000 1.000000 0.031517 0.261364 0.738636 0.022642 0.007634 0.004785 0.992352
     3.637 0.003831 1.000000 0.000000 1.000000 0.031517 0.261364 0.738636 0.022642 0.007634 0.004785 0.992352
     3.705 0.003831 1.000000 0.000000 1.000000 0.031517 0.261364 0.738636 0.022642 0.007634 0.004785 0.992352
     3.773 0.003831 1.000000 0.000000 1.000000 0.031517 0.261364 0.738636 0.022642 0.007634 0.004785 0.992352
     3.841 0.003831 1.000000 0.000000 1.000000 0.031517 0.261364 0.738636 0.022642 0.007634 0.004785 0.992352
     3.909 0.003831 1.000000 0.000000 1.000000 0.031517 0.261364 0.738636 0.022642 0.007634 0.004785 0.992352
     3.976 0.003831 1.000000 0.000000 1.000000 0.031517 0.261364 0.738636 0.022642 0.007634 0.004785 0.992352
     4.044 0.003831 1.000000 0.000000 1.000000 0.031517 0.261364 0.738636 0.022642 0.007634 0.004785 0.992352
     4.112 0.003831 1.000000 0.000000 1.000000 0.031517 0.261364 0.738636 0.022642 0.007634 0.004785 0.992352
# AUC_ROC= 0.756    AUC_PRC= 0.907    Best_ROC thr= 0.177   TPR= 0.651   FPR= 0.264    BestMCC= 0.384   thr= 0.449   TPR= 0.418   FPR= 0.011  
#   AUC_R   AUC_P   THROC    Sen     Spe     BMCC    TH     Sen     Spe
#   0.756   0.907   0.177   0.651   0.736   0.384   0.449   0.418   0.989
