# COMMAND> ACDCNN_Pucci2018dirN.txt 3 4 100
# Total data entries loaded: 352
# Total Experimental Positives 91 and Negatives 261 using 0 threshold.
# Experimental Positives ratio EP/(EN+EP)= 0.259
# Total Predicted Positives 92 and Negatives 260 using 0 threshold.
# Predicted Positives ratio PP/(PN+PP)= 0.261
# Predicted data goes from -4.947001 to 2.283001 (range 7.230002) --> 100 samples taken in 0.07230002 steps.
#
#     thrP  REC|TPR PREC|PPV      FPR       SP      MCC      ACC      ERR      F05       F1       F2    dist2
    -4.947 1.000000 0.258523 1.000000 0.000000 0.000000 0.258523 0.741477 0.364243 0.410835 0.635475 1.000000
    -4.875 1.000000 0.259259 0.996169 0.003831 0.031517 0.261364 0.738636 0.365217 0.411765 0.636364 0.992352
    -4.802 1.000000 0.259259 0.996169 0.003831 0.031517 0.261364 0.738636 0.365217 0.411765 0.636364 0.992352
    -4.730 1.000000 0.259259 0.996169 0.003831 0.031517 0.261364 0.738636 0.365217 0.411765 0.636364 0.992352
    -4.658 1.000000 0.259259 0.996169 0.003831 0.031517 0.261364 0.738636 0.365217 0.411765 0.636364 0.992352
    -4.586 1.000000 0.259259 0.996169 0.003831 0.031517 0.261364 0.738636 0.365217 0.411765 0.636364 0.992352
    -4.513 1.000000 0.259259 0.996169 0.003831 0.031517 0.261364 0.738636 0.365217 0.411765 0.636364 0.992352
    -4.441 1.000000 0.259259 0.996169 0.003831 0.031517 0.261364 0.738636 0.365217 0.411765 0.636364 0.992352
    -4.369 1.000000 0.259259 0.996169 0.003831 0.031517 0.261364 0.738636 0.365217 0.411765 0.636364 0.992352
    -4.296 1.000000 0.259259 0.996169 0.003831 0.031517 0.261364 0.738636 0.365217 0.411765 0.636364 0.992352
    -4.224 1.000000 0.259259 0.996169 0.003831 0.031517 0.261364 0.738636 0.365217 0.411765 0.636364 0.992352
    -4.152 1.000000 0.259259 0.996169 0.003831 0.031517 0.261364 0.738636 0.365217 0.411765 0.636364 0.992352
    -4.079 1.000000 0.259259 0.996169 0.003831 0.031517 0.261364 0.738636 0.365217 0.411765 0.636364 0.992352
    -4.007 1.000000 0.259259 0.996169 0.003831 0.031517 0.261364 0.738636 0.365217 0.411765 0.636364 0.992352
    -3.935 1.000000 0.259259 0.996169 0.003831 0.031517 0.261364 0.738636 0.365217 0.411765 0.636364 0.992352
    -3.863 1.000000 0.259259 0.996169 0.003831 0.031517 0.261364 0.738636 0.365217 0.411765 0.636364 0.992352
    -3.790 1.000000 0.260000 0.992337 0.007663 0.044636 0.264205 0.735795 0.366197 0.412698 0.637255 0.984733
    -3.718 1.000000 0.260000 0.992337 0.007663 0.044636 0.264205 0.735795 0.366197 0.412698 0.637255 0.984733
    -3.646 1.000000 0.260000 0.992337 0.007663 0.044636 0.264205 0.735795 0.366197 0.412698 0.637255 0.984733
    -3.573 1.000000 0.260000 0.992337 0.007663 0.044636 0.264205 0.735795 0.366197 0.412698 0.637255 0.984733
    -3.501 1.000000 0.260000 0.992337 0.007663 0.044636 0.264205 0.735795 0.366197 0.412698 0.637255 0.984733
    -3.429 1.000000 0.260745 0.988506 0.011494 0.054745 0.267045 0.732955 0.367182 0.413636 0.638149 0.977144
    -3.356 1.000000 0.261494 0.984674 0.015326 0.063305 0.269886 0.730114 0.368173 0.414579 0.639045 0.969584
    -3.284 1.000000 0.261494 0.984674 0.015326 0.063305 0.269886 0.730114 0.368173 0.414579 0.639045 0.969584
    -3.212 1.000000 0.263006 0.977011 0.022989 0.077757 0.275568 0.724432 0.370169 0.416476 0.640845 0.954551
    -3.140 1.000000 0.263006 0.977011 0.022989 0.077757 0.275568 0.724432 0.370169 0.416476 0.640845 0.954551
    -3.067 1.000000 0.263768 0.973180 0.026820 0.084109 0.278409 0.721591 0.371176 0.417431 0.641749 0.947079
    -2.995 1.000000 0.263768 0.973180 0.026820 0.084109 0.278409 0.721591 0.371176 0.417431 0.641749 0.947079
    -2.923 1.000000 0.263768 0.973180 0.026820 0.084109 0.278409 0.721591 0.371176 0.417431 0.641749 0.947079
    -2.850 1.000000 0.266082 0.961686 0.038314 0.100969 0.286932 0.713068 0.374229 0.420323 0.644476 0.924840
    -2.778 1.000000 0.266862 0.957854 0.042146 0.106052 0.289773 0.710227 0.375258 0.421296 0.645390 0.917485
    -2.706 1.000000 0.266862 0.957854 0.042146 0.106052 0.289773 0.710227 0.375258 0.421296 0.645390 0.917485
    -2.633 1.000000 0.267647 0.954023 0.045977 0.110931 0.292614 0.707386 0.376292 0.422274 0.646307 0.910160
    -2.561 1.000000 0.269231 0.946360 0.053640 0.120173 0.298295 0.701705 0.378378 0.424242 0.648148 0.895598
    -2.489 1.000000 0.269231 0.946360 0.053640 0.120173 0.298295 0.701705 0.378378 0.424242 0.648148 0.895598
    -2.417 1.000000 0.269231 0.946360 0.053640 0.120173 0.298295 0.701705 0.378378 0.424242 0.648148 0.895598
    -2.344 1.000000 0.270030 0.942529 0.057471 0.124575 0.301136 0.698864 0.379430 0.425234 0.649073 0.888360
    -2.272 1.000000 0.270030 0.942529 0.057471 0.124575 0.301136 0.698864 0.379430 0.425234 0.649073 0.888360
    -2.200 1.000000 0.271642 0.934866 0.065134 0.133016 0.306818 0.693182 0.381551 0.427230 0.650930 0.873974
    -2.127 1.000000 0.272455 0.931034 0.068966 0.137077 0.309659 0.690341 0.382621 0.428235 0.651862 0.866825
    -2.055 1.000000 0.274096 0.923372 0.076628 0.144926 0.315341 0.684659 0.384778 0.430260 0.653736 0.852615
    -1.983 1.000000 0.276596 0.911877 0.088123 0.156123 0.323864 0.676136 0.388060 0.433333 0.656566 0.831520
    -1.910 1.000000 0.278287 0.904215 0.095785 0.163266 0.329545 0.670455 0.390279 0.435407 0.658466 0.817604
    -1.838 1.000000 0.279141 0.900383 0.099617 0.166755 0.332386 0.667614 0.391398 0.436451 0.659420 0.810690
    -1.766 1.000000 0.282609 0.885057 0.114943 0.180233 0.343750 0.656250 0.395939 0.440678 0.663265 0.783327
    -1.694 1.000000 0.284375 0.877395 0.122605 0.186724 0.349432 0.650568 0.398249 0.442822 0.665205 0.769821
    -1.621 1.000000 0.284375 0.877395 0.122605 0.186724 0.349432 0.650568 0.398249 0.442822 0.665205 0.769821
    -1.549 1.000000 0.286164 0.869732 0.130268 0.193075 0.355114 0.644886 0.400587 0.444988 0.667155 0.756433
    -1.477 1.000000 0.286164 0.869732 0.130268 0.193075 0.355114 0.644886 0.400587 0.444988 0.667155 0.756433
    -1.404 1.000000 0.287066 0.865900 0.134100 0.196203 0.357955 0.642045 0.401766 0.446078 0.668135 0.749783
    -1.332 1.000000 0.289809 0.854406 0.145594 0.205413 0.366477 0.633523 0.405345 0.449383 0.671091 0.730010
    -1.260 1.000000 0.289809 0.854406 0.145594 0.205413 0.366477 0.633523 0.405345 0.449383 0.671091 0.730010
    -1.187 1.000000 0.289809 0.854406 0.145594 0.205413 0.366477 0.633523 0.405345 0.449383 0.671091 0.730010
    -1.115 1.000000 0.293548 0.839080 0.160920 0.217342 0.377841 0.622159 0.410218 0.453865 0.675074 0.704056
    -1.043 1.000000 0.298361 0.819923 0.180077 0.231793 0.392045 0.607955 0.416476 0.459596 0.680120 0.672274
    -0.970 0.989011 0.304054 0.789272 0.210728 0.239091 0.411932 0.588068 0.423529 0.465116 0.681818 0.623071
    -0.898 0.989011 0.311419 0.762452 0.237548 0.258763 0.431818 0.568182 0.433039 0.473684 0.689127 0.581454
    -0.826 0.989011 0.318021 0.739464 0.260536 0.275218 0.448864 0.551136 0.441537 0.481283 0.695518 0.546927
    -0.754 0.989011 0.330882 0.697318 0.302682 0.304746 0.480114 0.519886 0.458015 0.495868 0.707547 0.486373
    -0.681 0.989011 0.334572 0.685824 0.314176 0.312706 0.488636 0.511364 0.462725 0.500000 0.710900 0.470475
    -0.609 0.989011 0.344828 0.655172 0.344828 0.333839 0.511364 0.488636 0.475771 0.511364 0.720000 0.429372
    -0.537 0.989011 0.352941 0.632184 0.367816 0.349657 0.528409 0.471591 0.486049 0.520231 0.726979 0.399777
    -0.464 0.978022 0.366255 0.590038 0.409962 0.367399 0.556818 0.443182 0.502352 0.532934 0.733114 0.348628
    -0.392 0.945055 0.370690 0.559387 0.440613 0.356221 0.571023 0.428977 0.506379 0.532508 0.721477 0.315933
    -0.320 0.934066 0.391705 0.505747 0.494253 0.385666 0.607955 0.392045 0.531804 0.551948 0.731497 0.260127
    -0.247 0.813187 0.406593 0.413793 0.586207 0.349931 0.644886 0.355114 0.542125 0.542125 0.677656 0.206124
    -0.175 0.725275 0.417722 0.352490 0.647510 0.328148 0.667614 0.332386 0.547718 0.530120 0.632184 0.199723
    -0.103 0.538462 0.453704 0.226054 0.773946 0.296590 0.713068 0.286932 0.562141 0.492462 0.519068 0.264118
    -0.031 0.439560 0.425532 0.206897 0.793103 0.230248 0.701705 0.298295 0.513919 0.432432 0.436681 0.356899
     0.042 0.428571 0.448276 0.183908 0.816092 0.248329 0.715909 0.284091 0.533030 0.438202 0.432373 0.360353
     0.114 0.406593 0.468354 0.160920 0.839080 0.257813 0.727273 0.272727 0.545455 0.435294 0.417607 0.378026
     0.186 0.241758 0.431373 0.111111 0.888889 0.162507 0.721591 0.278409 0.447458 0.309859 0.265060 0.587276
     0.259 0.197802 0.500000 0.068966 0.931034 0.186160 0.741477 0.258523 0.459574 0.283465 0.225000 0.648278
     0.331 0.131868 0.545455 0.038314 0.961686 0.169213 0.747159 0.252841 0.402235 0.212389 0.155440 0.755121
     0.403 0.098901 0.529412 0.030651 0.969349 0.139378 0.744318 0.255682 0.339623 0.166667 0.118110 0.812919
     0.476 0.087912 0.533333 0.026820 0.973180 0.132424 0.744318 0.255682 0.317881 0.150943 0.105541 0.832624
     0.548 0.087912 0.571429 0.022989 0.977011 0.145452 0.747159 0.252841 0.326531 0.152381 0.105820 0.832433
     0.620 0.076923 0.538462 0.022989 0.977011 0.125209 0.744318 0.255682 0.293706 0.134615 0.092838 0.852599
     0.692 0.054945 0.500000 0.019157 0.980843 0.094312 0.741477 0.258523 0.229008 0.099010 0.066845 0.893496
     0.765 0.054945 0.625000 0.011494 0.988506 0.127648 0.747159 0.252841 0.243902 0.101010 0.067204 0.893261
     0.837 0.054945 0.625000 0.011494 0.988506 0.127648 0.747159 0.252841 0.243902 0.101010 0.067204 0.893261
     0.909 0.054945 0.714286 0.007663 0.992337 0.148279 0.750000 0.250000 0.252101 0.102041 0.067385 0.893188
     0.982 0.054945 0.833333 0.003831 0.996169 0.172888 0.752841 0.247159 0.260870 0.103093 0.067568 0.893144
     1.054 0.043956 0.800000 0.003831 0.996169 0.148458 0.750000 0.250000 0.216216 0.083333 0.054201 0.914035
     1.126 0.043956 0.800000 0.003831 0.996169 0.148458 0.750000 0.250000 0.216216 0.083333 0.054201 0.914035
     1.199 0.043956 0.800000 0.003831 0.996169 0.148458 0.750000 0.250000 0.216216 0.083333 0.054201 0.914035
     1.271 0.032967 1.000000 0.000000 1.000000 0.157017 0.750000 0.250000 0.174757 0.063830 0.040872 0.935153
     1.343 0.032967 1.000000 0.000000 1.000000 0.157017 0.750000 0.250000 0.174757 0.063830 0.040872 0.935153
     1.415 0.032967 1.000000 0.000000 1.000000 0.157017 0.750000 0.250000 0.174757 0.063830 0.040872 0.935153
     1.488 0.021978 1.000000 0.000000 1.000000 0.128021 0.747159 0.252841 0.121212 0.043011 0.027322 0.956527
     1.560 0.021978 1.000000 0.000000 1.000000 0.128021 0.747159 0.252841 0.121212 0.043011 0.027322 0.956527
     1.632 0.021978 1.000000 0.000000 1.000000 0.128021 0.747159 0.252841 0.121212 0.043011 0.027322 0.956527
     1.705 0.010989 1.000000 0.000000 1.000000 0.090395 0.744318 0.255682 0.063158 0.021739 0.013699 0.978143
     1.777 0.010989 1.000000 0.000000 1.000000 0.090395 0.744318 0.255682 0.063158 0.021739 0.013699 0.978143
     1.849 0.010989 1.000000 0.000000 1.000000 0.090395 0.744318 0.255682 0.063158 0.021739 0.013699 0.978143
     1.922 0.010989 1.000000 0.000000 1.000000 0.090395 0.744318 0.255682 0.063158 0.021739 0.013699 0.978143
     1.994 0.010989 1.000000 0.000000 1.000000 0.090395 0.744318 0.255682 0.063158 0.021739 0.013699 0.978143
     2.066 0.010989 1.000000 0.000000 1.000000 0.090395 0.744318 0.255682 0.063158 0.021739 0.013699 0.978143
     2.138 0.010989 1.000000 0.000000 1.000000 0.090395 0.744318 0.255682 0.063158 0.021739 0.013699 0.978143
     2.211 0.010989 1.000000 0.000000 1.000000 0.090395 0.744318 0.255682 0.063158 0.021739 0.013699 0.978143
# AUC_ROC= 0.757    AUC_PRC= 0.459    Best_ROC thr= -0.175  TPR= 0.725   FPR= 0.352    BestMCC= 0.386   thr= -0.320  TPR= 0.934   FPR= 0.506  
#   AUC_R   AUC_P   THROC    Sen     Spe     BMCC    TH     Sen     Spe
#   0.757   0.459  -0.175   0.725   0.648   0.386  -0.320   0.934   0.494
