# COMMAND> Cartddg_Pucci2018dirN_th8.txt 3 4 100
# Total data entries loaded: 352
# Total Experimental Positives 88 and Negatives 264 using 0 threshold.
# Experimental Positives ratio EP/(EN+EP)= 0.250
# Total Predicted Positives 72 and Negatives 280 using 0 threshold.
# Predicted Positives ratio PP/(PN+PP)= 0.205
# Predicted data goes from -8.000001 to 6.010001 (range 14.010002) --> 100 samples taken in 0.14010002 steps.
#
#     thrP  REC|TPR PREC|PPV      FPR       SP      MCC      ACC      ERR      F05       F1       F2    dist2
    -8.000 1.000000 0.250000 1.000000 0.000000 0.000000 0.250000 0.750000 0.352941 0.400000 0.625000 1.000000
    -7.860 1.000000 0.308772 0.746212 0.253788 0.279933 0.440341 0.559659 0.429967 0.471850 0.690738 0.556833
    -7.720 0.988636 0.307420 0.742424 0.257576 0.268556 0.440341 0.559659 0.427869 0.469003 0.685039 0.551323
    -7.580 0.988636 0.308511 0.738636 0.261364 0.271213 0.443182 0.556818 0.429276 0.470270 0.686120 0.545713
    -7.440 0.988636 0.308511 0.738636 0.261364 0.271213 0.443182 0.556818 0.429276 0.470270 0.686120 0.545713
    -7.300 0.988636 0.310714 0.731061 0.268939 0.276505 0.448864 0.551136 0.432119 0.472826 0.688291 0.534579
    -7.159 0.988636 0.310714 0.731061 0.268939 0.276505 0.448864 0.551136 0.432119 0.472826 0.688291 0.534579
    -7.019 0.988636 0.312950 0.723485 0.276515 0.281773 0.454545 0.545455 0.435000 0.475410 0.690476 0.523559
    -6.879 0.988636 0.317518 0.708333 0.291667 0.292246 0.465909 0.534091 0.440878 0.480663 0.694888 0.501865
    -6.739 0.988636 0.322222 0.693182 0.306818 0.302653 0.477273 0.522727 0.446918 0.486034 0.699357 0.480630
    -6.599 0.977273 0.320896 0.689394 0.310606 0.292446 0.477273 0.522727 0.444828 0.483146 0.693548 0.475781
    -6.459 0.977273 0.323308 0.681818 0.318182 0.297745 0.482955 0.517045 0.447917 0.485876 0.695793 0.465393
    -6.319 0.977273 0.323308 0.681818 0.318182 0.297745 0.482955 0.517045 0.447917 0.485876 0.695793 0.465393
    -6.179 0.977273 0.325758 0.674242 0.325758 0.303030 0.488636 0.511364 0.451049 0.488636 0.698052 0.455119
    -6.039 0.977273 0.333333 0.651515 0.348485 0.318834 0.505682 0.494318 0.460714 0.497110 0.704918 0.424989
    -5.899 0.977273 0.335938 0.643939 0.356061 0.324091 0.511364 0.488636 0.464029 0.500000 0.707237 0.415174
    -5.758 0.977273 0.337255 0.640152 0.359848 0.326718 0.514205 0.485795 0.465704 0.501458 0.708402 0.410310
    -5.618 0.954545 0.333333 0.636364 0.363636 0.305505 0.511364 0.488636 0.459854 0.494118 0.695364 0.407025
    -5.478 0.954545 0.333333 0.636364 0.363636 0.305505 0.511364 0.488636 0.459854 0.494118 0.695364 0.407025
    -5.338 0.943182 0.333333 0.628788 0.371212 0.299226 0.514205 0.485795 0.459410 0.492582 0.690516 0.398603
    -5.198 0.943182 0.337398 0.617424 0.382576 0.307480 0.522727 0.477273 0.464552 0.497006 0.693980 0.384441
    -5.058 0.943182 0.342975 0.602273 0.397727 0.318477 0.534091 0.465909 0.471591 0.503030 0.698653 0.365961
    -4.918 0.931818 0.341667 0.598485 0.401515 0.309890 0.534091 0.465909 0.469466 0.500000 0.692568 0.362833
    -4.778 0.931818 0.341667 0.598485 0.401515 0.309890 0.534091 0.465909 0.469466 0.500000 0.692568 0.362833
    -4.638 0.909091 0.343348 0.579545 0.420455 0.301653 0.542614 0.457386 0.470588 0.498442 0.683761 0.344137
    -4.498 0.909091 0.346320 0.571970 0.428030 0.307348 0.548295 0.451705 0.474308 0.501567 0.686106 0.335414
    -4.357 0.897727 0.348018 0.560606 0.439394 0.305043 0.553977 0.446023 0.475904 0.501587 0.682211 0.324739
    -4.217 0.897727 0.357466 0.537879 0.462121 0.322353 0.571023 0.428977 0.487654 0.511327 0.689354 0.299773
    -4.077 0.875000 0.356481 0.526515 0.473485 0.309907 0.573864 0.426136 0.485294 0.506579 0.677817 0.292843
    -3.937 0.863636 0.361905 0.507576 0.492424 0.314278 0.585227 0.414773 0.491379 0.510067 0.676157 0.276228
    -3.797 0.863636 0.367150 0.496212 0.503788 0.323253 0.593750 0.406250 0.497817 0.515254 0.679785 0.264822
    -3.657 0.852273 0.375000 0.473485 0.526515 0.331133 0.607955 0.392045 0.506757 0.520833 0.679348 0.246011
    -3.517 0.852273 0.380711 0.462121 0.537879 0.340312 0.616477 0.383523 0.513699 0.526316 0.683060 0.235379
    -3.377 0.852273 0.382653 0.458333 0.541667 0.343386 0.619318 0.380682 0.516055 0.528169 0.684307 0.231893
    -3.237 0.840909 0.391534 0.435606 0.564394 0.351964 0.633523 0.366477 0.526066 0.534296 0.683919 0.215063
    -3.097 0.829545 0.392473 0.428030 0.571970 0.348285 0.636364 0.363636 0.526442 0.532847 0.678439 0.212265
    -2.956 0.829545 0.403315 0.409091 0.590909 0.364271 0.650568 0.349432 0.539409 0.542751 0.684803 0.196410
    -2.816 0.818182 0.404494 0.401515 0.598485 0.360867 0.653409 0.346591 0.540000 0.541353 0.679245 0.194272
    -2.676 0.818182 0.416185 0.382576 0.617424 0.377301 0.667614 0.332386 0.553846 0.551724 0.685714 0.179422
    -2.536 0.818182 0.426036 0.367424 0.632576 0.390677 0.678977 0.321023 0.565445 0.560311 0.690979 0.168058
    -2.396 0.818182 0.444444 0.340909 0.659091 0.414644 0.698864 0.301136 0.586957 0.576000 0.700389 0.149277
    -2.256 0.818182 0.458599 0.321970 0.678030 0.432258 0.713068 0.286932 0.603352 0.587755 0.707269 0.136722
    -2.116 0.806818 0.467105 0.306818 0.693182 0.437096 0.721591 0.278409 0.612069 0.591667 0.704365 0.131457
    -1.976 0.806818 0.482993 0.287879 0.712121 0.455643 0.735795 0.264205 0.630178 0.604255 0.711423 0.120193
    -1.836 0.806818 0.507143 0.261364 0.738636 0.482581 0.755682 0.244318 0.657407 0.622807 0.721545 0.105630
    -1.696 0.806818 0.533835 0.234848 0.765152 0.510821 0.775568 0.224432 0.687097 0.642534 0.731959 0.092473
    -1.555 0.784091 0.534884 0.227273 0.772727 0.500391 0.775568 0.224432 0.685430 0.635945 0.717256 0.098270
    -1.415 0.784091 0.543307 0.219697 0.780303 0.508900 0.781250 0.218750 0.694631 0.641860 0.720251 0.094883
    -1.275 0.761364 0.549180 0.208333 0.791667 0.503209 0.784091 0.215909 0.697917 0.638095 0.706751 0.100350
    -1.135 0.738636 0.580357 0.178030 0.821970 0.521178 0.801136 0.198864 0.727612 0.650000 0.700431 0.100006
    -0.995 0.738636 0.613208 0.155303 0.844697 0.550604 0.818182 0.181818 0.761719 0.670103 0.709607 0.092430
    -0.855 0.738636 0.637255 0.140152 0.859848 0.571250 0.829545 0.170455 0.786290 0.684211 0.715859 0.087953
    -0.715 0.727273 0.646465 0.132576 0.867424 0.572745 0.832386 0.167614 0.793388 0.684492 0.709534 0.091956
    -0.575 0.715909 0.677419 0.113636 0.886364 0.591487 0.843750 0.156250 0.821739 0.696133 0.707865 0.093621
    -0.435 0.659091 0.674419 0.106061 0.893939 0.557317 0.835227 0.164773 0.805556 0.666667 0.662100 0.127468
    -0.294 0.636364 0.682927 0.098485 0.901515 0.550984 0.835227 0.164773 0.807692 0.658824 0.645161 0.141931
    -0.154 0.636364 0.708861 0.087121 0.912879 0.570049 0.843750 0.156250 0.831683 0.670659 0.649652 0.139822
    -0.014 0.590909 0.693333 0.087121 0.912879 0.532746 0.832386 0.167614 0.804124 0.638037 0.608899 0.174945
     0.126 0.556818 0.720588 0.071970 0.928030 0.531785 0.835227 0.164773 0.816667 0.628205 0.583333 0.201590
     0.266 0.522727 0.741935 0.060606 0.939394 0.525296 0.835227 0.164773 0.821429 0.613333 0.555556 0.231462
     0.406 0.477273 0.750000 0.053030 0.946970 0.502247 0.829545 0.170455 0.807692 0.583333 0.514706 0.276056
     0.546 0.420455 0.740000 0.049242 0.950758 0.460444 0.818182 0.181818 0.770833 0.536232 0.460199 0.338298
     0.686 0.409091 0.750000 0.045455 0.954545 0.458831 0.818182 0.181818 0.771429 0.529412 0.450000 0.351240
     0.826 0.386364 0.755556 0.041667 0.958333 0.446998 0.815341 0.184659 0.761194 0.511278 0.428212 0.378286
     0.966 0.306818 0.729730 0.037879 0.962121 0.379701 0.798295 0.201705 0.686441 0.432000 0.347044 0.481936
     1.107 0.284091 0.757576 0.030303 0.969697 0.377018 0.798295 0.201705 0.681818 0.413223 0.324675 0.513444
     1.247 0.261364 0.741935 0.030303 0.969697 0.353050 0.792614 0.207386 0.650943 0.386555 0.300261 0.546502
     1.387 0.238636 0.750000 0.026515 0.973485 0.339450 0.789773 0.210227 0.630000 0.362069 0.276316 0.580378
     1.527 0.193182 0.739130 0.022727 0.977273 0.298669 0.781250 0.218750 0.566667 0.306306 0.226667 0.651472
     1.667 0.193182 0.739130 0.022727 0.977273 0.298669 0.781250 0.218750 0.566667 0.306306 0.226667 0.651472
     1.807 0.193182 0.739130 0.022727 0.977273 0.298669 0.781250 0.218750 0.566667 0.306306 0.226667 0.651472
     1.947 0.193182 0.739130 0.022727 0.977273 0.298669 0.781250 0.218750 0.566667 0.306306 0.226667 0.651472
     2.087 0.193182 0.739130 0.022727 0.977273 0.298669 0.781250 0.218750 0.566667 0.306306 0.226667 0.651472
     2.227 0.193182 0.739130 0.022727 0.977273 0.298669 0.781250 0.218750 0.566667 0.306306 0.226667 0.651472
     2.367 0.181818 0.800000 0.015152 0.984848 0.311751 0.784091 0.215909 0.571429 0.296296 0.215054 0.669651
     2.508 0.170455 0.789474 0.015152 0.984848 0.297594 0.781250 0.218750 0.548780 0.280374 0.202156 0.688375
     2.648 0.159091 0.777778 0.015152 0.984848 0.282952 0.778409 0.221591 0.525000 0.264151 0.189189 0.707358
     2.788 0.159091 0.777778 0.015152 0.984848 0.282952 0.778409 0.221591 0.525000 0.264151 0.189189 0.707358
     2.928 0.147727 0.764706 0.015152 0.984848 0.267769 0.775568 0.224432 0.500000 0.247619 0.176152 0.726598
     3.068 0.113636 0.769231 0.011364 0.988636 0.234818 0.769886 0.230114 0.428571 0.198020 0.136986 0.785770
     3.208 0.090909 0.727273 0.011364 0.988636 0.197964 0.764205 0.235795 0.363636 0.161616 0.110193 0.826575
     3.348 0.079545 0.700000 0.011364 0.988636 0.177705 0.761364 0.238636 0.328125 0.142857 0.096685 0.847366
     3.488 0.079545 0.700000 0.011364 0.988636 0.177705 0.761364 0.238636 0.328125 0.142857 0.096685 0.847366
     3.628 0.056818 0.714286 0.007576 0.992424 0.152730 0.758523 0.241477 0.258621 0.105263 0.069638 0.889649
     3.768 0.056818 0.714286 0.007576 0.992424 0.152730 0.758523 0.241477 0.258621 0.105263 0.069638 0.889649
     3.909 0.056818 0.714286 0.007576 0.992424 0.152730 0.758523 0.241477 0.258621 0.105263 0.069638 0.889649
     4.049 0.045455 0.800000 0.003788 0.996212 0.152469 0.758523 0.241477 0.222222 0.086022 0.056022 0.911171
     4.189 0.045455 0.800000 0.003788 0.996212 0.152469 0.758523 0.241477 0.222222 0.086022 0.056022 0.911171
     4.329 0.045455 0.800000 0.003788 0.996212 0.152469 0.758523 0.241477 0.222222 0.086022 0.056022 0.911171
     4.469 0.034091 0.750000 0.003788 0.996212 0.123797 0.755682 0.244318 0.173077 0.065217 0.042135 0.932995
     4.609 0.034091 0.750000 0.003788 0.996212 0.123797 0.755682 0.244318 0.173077 0.065217 0.042135 0.932995
     4.749 0.022727 0.666667 0.003788 0.996212 0.089215 0.752841 0.247159 0.120000 0.043956 0.028169 0.955076
     4.889 0.022727 1.000000 0.000000 1.000000 0.130931 0.755682 0.244318 0.125000 0.044444 0.028249 0.955062
     5.029 0.022727 1.000000 0.000000 1.000000 0.130931 0.755682 0.244318 0.125000 0.044444 0.028249 0.955062
     5.169 0.022727 1.000000 0.000000 1.000000 0.130931 0.755682 0.244318 0.125000 0.044444 0.028249 0.955062
     5.310 0.022727 1.000000 0.000000 1.000000 0.130931 0.755682 0.244318 0.125000 0.044444 0.028249 0.955062
     5.450 0.022727 1.000000 0.000000 1.000000 0.130931 0.755682 0.244318 0.125000 0.044444 0.028249 0.955062
     5.590 0.022727 1.000000 0.000000 1.000000 0.130931 0.755682 0.244318 0.125000 0.044444 0.028249 0.955062
     5.730 0.011364 1.000000 0.000000 1.000000 0.092450 0.752841 0.247159 0.065217 0.022472 0.014164 0.977402
     5.870 0.011364 1.000000 0.000000 1.000000 0.092450 0.752841 0.247159 0.065217 0.022472 0.014164 0.977402
# AUC_ROC= 0.843    AUC_PRC= 0.641    Best_ROC thr= -0.855  TPR= 0.739   FPR= 0.140    BestMCC= 0.591   thr= -0.575  TPR= 0.716   FPR= 0.114  
#   AUC_R   AUC_P   THROC    Sen     Spe     BMCC    TH     Sen     Spe
#   0.843   0.641  -0.855   0.739   0.860   0.591  -0.575   0.716   0.886
