# COMMAND> Cartddg_Pucci2018revN_th8.txt 3 4 100
# Total data entries loaded: 342
# Total Experimental Positives 253 and Negatives 89 using 0 threshold.
# Experimental Positives ratio EP/(EN+EP)= 0.740
# Total Predicted Positives 169 and Negatives 173 using 0 threshold.
# Predicted Positives ratio PP/(PN+PP)= 0.494
# Predicted data goes from -8.000001 to 11.780001 (range 19.780002) --> 100 samples taken in 0.19780002 steps.
#
#     thrP  REC|TPR PREC|PPV      FPR       SP      MCC      ACC      ERR      F05       F1       F2    dist2
    -8.000 1.000000 0.739766 1.000000 0.000000 0.000000 0.739766 0.260234 0.936459 0.850420 0.934269 1.000000
    -7.802 0.972332 0.752294 0.910112 0.089888 0.133310 0.742690 0.257310 0.945548 0.848276 0.918596 0.829070
    -7.604 0.972332 0.752294 0.910112 0.089888 0.133310 0.742690 0.257310 0.945548 0.848276 0.918596 0.829070
    -7.407 0.972332 0.752294 0.910112 0.089888 0.133310 0.742690 0.257310 0.945548 0.848276 0.918596 0.829070
    -7.209 0.972332 0.752294 0.910112 0.089888 0.133310 0.742690 0.257310 0.945548 0.848276 0.918596 0.829070
    -7.011 0.968379 0.751534 0.910112 0.089888 0.121063 0.739766 0.260234 0.944123 0.846287 0.915546 0.829304
    -6.813 0.964427 0.755418 0.887640 0.112360 0.147083 0.742690 0.257310 0.947573 0.847222 0.913858 0.789171
    -6.615 0.956522 0.756250 0.876404 0.123596 0.143283 0.739766 0.260234 0.947162 0.844677 0.908408 0.769975
    -6.418 0.956522 0.758621 0.865169 0.134831 0.160037 0.742690 0.257310 0.949640 0.846154 0.909091 0.750407
    -6.220 0.948617 0.757098 0.865169 0.134831 0.140660 0.736842 0.263158 0.946746 0.842105 0.902935 0.751157
    -6.022 0.944664 0.756329 0.865169 0.134831 0.131604 0.733918 0.266082 0.945287 0.840070 0.899849 0.751579
    -5.824 0.932806 0.756410 0.853933 0.146067 0.122335 0.728070 0.271930 0.943371 0.835398 0.891239 0.733716
    -5.626 0.928854 0.755627 0.853933 0.146067 0.114498 0.725146 0.274854 0.941884 0.833333 0.888133 0.734263
    -5.429 0.916996 0.758170 0.831461 0.168539 0.122289 0.722222 0.277778 0.942451 0.830054 0.880121 0.698217
    -5.231 0.913043 0.759868 0.820225 0.179775 0.129587 0.722222 0.277778 0.943499 0.829443 0.877660 0.680330
    -5.033 0.913043 0.762376 0.808989 0.191011 0.143636 0.725146 0.274854 0.946075 0.830935 0.878327 0.662024
    -4.835 0.905138 0.760797 0.808989 0.191011 0.129876 0.719298 0.280702 0.943034 0.826715 0.872049 0.663462
    -4.637 0.901186 0.765101 0.786517 0.213483 0.150268 0.722222 0.277778 0.946713 0.827586 0.870229 0.628373
    -4.440 0.897233 0.769492 0.764045 0.235955 0.169731 0.725146 0.274854 0.950454 0.828467 0.868401 0.594326
    -4.242 0.897233 0.774744 0.741573 0.258427 0.194940 0.730994 0.269006 0.955789 0.831502 0.869732 0.560492
    -4.044 0.897233 0.777397 0.730337 0.269663 0.207265 0.733918 0.266082 0.958480 0.833028 0.870399 0.543953
    -3.846 0.885375 0.775087 0.730337 0.269663 0.187978 0.725146 0.274854 0.953868 0.826568 0.860876 0.546531
    -3.648 0.873518 0.778169 0.707865 0.292135 0.193678 0.722222 0.277778 0.954644 0.823091 0.852623 0.517071
    -3.451 0.861660 0.775801 0.707865 0.292135 0.176270 0.713450 0.286550 0.949891 0.816479 0.843001 0.520211
    -3.253 0.861660 0.784173 0.674157 0.325843 0.210936 0.722222 0.277778 0.958242 0.821092 0.844961 0.473626
    -3.055 0.849802 0.793358 0.629213 0.370787 0.238630 0.725146 0.274854 0.964847 0.820611 0.837880 0.418469
    -2.857 0.841897 0.794776 0.617978 0.382022 0.238597 0.722222 0.277778 0.964528 0.817658 0.832031 0.406893
    -2.659 0.826087 0.791667 0.617978 0.382022 0.217619 0.710526 0.289474 0.957983 0.808511 0.818966 0.412142
    -2.462 0.822134 0.800000 0.584270 0.415730 0.244451 0.716374 0.283626 0.965197 0.810916 0.817610 0.373007
    -2.264 0.810277 0.800781 0.573034 0.426966 0.239927 0.710526 0.289474 0.963195 0.805501 0.808360 0.364363
    -2.066 0.798419 0.804781 0.550562 0.449438 0.246093 0.707602 0.292398 0.964200 0.801587 0.799683 0.343753
    -1.868 0.782609 0.804878 0.539326 0.460674 0.237555 0.698830 0.301170 0.960388 0.793587 0.786963 0.338131
    -1.670 0.766798 0.811715 0.505618 0.494382 0.249792 0.695906 0.304094 0.962779 0.788618 0.775380 0.310033
    -1.473 0.747036 0.814655 0.483146 0.516854 0.247877 0.687135 0.312865 0.960203 0.779381 0.759646 0.297421
    -1.275 0.739130 0.816594 0.471910 0.528090 0.249269 0.684211 0.315789 0.959795 0.775934 0.753425 0.290752
    -1.077 0.731225 0.822222 0.449438 0.550562 0.260611 0.684211 0.315789 0.962706 0.774059 0.747777 0.274235
    -0.879 0.711462 0.841121 0.382022 0.617978 0.298689 0.687135 0.312865 0.973850 0.770878 0.734095 0.229195
    -0.681 0.683794 0.835749 0.382022 0.617978 0.270883 0.666667 0.333333 0.960222 0.752174 0.709598 0.245927
    -0.484 0.660079 0.860825 0.303371 0.696629 0.315891 0.669591 0.330409 0.973761 0.747204 0.692371 0.207580
    -0.286 0.632411 0.874317 0.258427 0.741573 0.328991 0.660819 0.339181 0.974619 0.733945 0.669456 0.201906
    -0.088 0.604743 0.874286 0.247191 0.752809 0.313847 0.643275 0.356725 0.963274 0.714953 0.644482 0.217331
     0.110 0.581028 0.890909 0.202247 0.797753 0.332594 0.637427 0.362573 0.966046 0.703349 0.624469 0.216442
     0.308 0.561265 0.910256 0.157303 0.842697 0.355858 0.634503 0.365497 0.971494 0.694377 0.607877 0.217233
     0.505 0.509881 0.941606 0.089888 0.910112 0.376063 0.614035 0.385965 0.966292 0.661538 0.561358 0.248296
     0.703 0.490119 0.946565 0.078652 0.921348 0.371376 0.602339 0.397661 0.957529 0.645833 0.542432 0.266165
     0.901 0.474308 0.944882 0.078652 0.921348 0.359296 0.590643 0.409357 0.946124 0.631579 0.526778 0.282538
     1.099 0.446640 0.957627 0.056180 0.943820 0.360386 0.576023 0.423977 0.935172 0.609164 0.500000 0.309363
     1.297 0.426877 0.964286 0.044944 0.955056 0.357084 0.564327 0.435673 0.924394 0.591781 0.480427 0.330489
     1.494 0.407115 0.962617 0.044944 0.955056 0.342723 0.549708 0.450292 0.907489 0.572222 0.460232 0.353533
     1.692 0.371542 0.969072 0.033708 0.966292 0.328843 0.526316 0.473684 0.879875 0.537143 0.423805 0.396096
     1.890 0.355731 0.978261 0.022472 0.977528 0.329742 0.517544 0.482456 0.869565 0.521739 0.407609 0.415587
     2.088 0.324111 0.976190 0.022472 0.977528 0.307463 0.494152 0.505848 0.835314 0.486647 0.374088 0.457331
     2.286 0.296443 0.974026 0.022472 0.977528 0.287800 0.473684 0.526316 0.802139 0.454545 0.344353 0.495498
     2.483 0.252964 0.969697 0.022472 0.977528 0.256263 0.441520 0.558480 0.742747 0.401254 0.296846 0.558567
     2.681 0.245059 0.968750 0.022472 0.977528 0.250405 0.435673 0.564327 0.730845 0.391167 0.288104 0.570440
     2.879 0.233202 0.967213 0.022472 0.977528 0.241525 0.426901 0.573099 0.712274 0.375796 0.274930 0.588485
     3.077 0.213439 0.964286 0.022472 0.977528 0.226431 0.412281 0.587719 0.679245 0.349515 0.252809 0.619184
     3.275 0.189723 0.960000 0.022472 0.977528 0.207706 0.394737 0.605263 0.635762 0.316832 0.225989 0.657053
     3.472 0.177866 0.957447 0.022472 0.977528 0.198029 0.385965 0.614035 0.612245 0.300000 0.212465 0.676410
     3.670 0.166008 0.954545 0.022472 0.977528 0.188097 0.377193 0.622807 0.587413 0.282828 0.198864 0.696048
     3.868 0.154150 0.951220 0.022472 0.977528 0.177867 0.368421 0.631579 0.561151 0.265306 0.185185 0.715967
     4.066 0.146245 0.973684 0.011236 0.988764 0.188491 0.365497 0.634503 0.548148 0.254296 0.176190 0.729024
     4.264 0.142292 0.972973 0.011236 0.988764 0.185124 0.362573 0.637427 0.538653 0.248276 0.171592 0.735788
     4.461 0.130435 0.970588 0.011236 0.988764 0.174788 0.353801 0.646199 0.508997 0.229965 0.157744 0.756270
     4.659 0.118577 0.967742 0.011236 0.988764 0.164044 0.345029 0.654971 0.477454 0.211268 0.143816 0.777033
     4.857 0.106719 0.964286 0.011236 0.988764 0.152806 0.336257 0.663743 0.443836 0.192171 0.129808 0.798077
     5.055 0.102767 0.962963 0.011236 0.988764 0.148931 0.333333 0.666667 0.432133 0.185714 0.125120 0.805154
     5.253 0.090909 0.958333 0.011236 0.988764 0.136851 0.324561 0.675439 0.395415 0.166065 0.111004 0.826573
     5.450 0.086957 0.956522 0.011236 0.988764 0.132651 0.321637 0.678363 0.382609 0.159420 0.106280 0.833775
     5.648 0.075099 0.950000 0.011236 0.988764 0.119415 0.312865 0.687135 0.342342 0.139194 0.092054 0.855568
     5.846 0.075099 0.950000 0.011236 0.988764 0.119415 0.312865 0.687135 0.342342 0.139194 0.092054 0.855568
     6.044 0.059289 0.937500 0.011236 0.988764 0.099840 0.301170 0.698830 0.283912 0.111524 0.072957 0.885064
     6.242 0.059289 0.937500 0.011236 0.988764 0.099840 0.301170 0.698830 0.283912 0.111524 0.072957 0.885064
     6.439 0.059289 0.937500 0.011236 0.988764 0.099840 0.301170 0.698830 0.283912 0.111524 0.072957 0.885064
     6.637 0.059289 0.937500 0.011236 0.988764 0.099840 0.301170 0.698830 0.283912 0.111524 0.072957 0.885064
     6.835 0.059289 0.937500 0.011236 0.988764 0.099840 0.301170 0.698830 0.283912 0.111524 0.072957 0.885064
     7.033 0.051383 0.928571 0.011236 0.988764 0.088902 0.295322 0.704678 0.252427 0.097378 0.063353 0.900000
     7.231 0.047431 0.923077 0.011236 0.988764 0.083049 0.292398 0.707602 0.236066 0.090226 0.058537 0.907514
     7.428 0.043478 0.916667 0.011236 0.988764 0.076884 0.289474 0.710526 0.219269 0.083019 0.053711 0.915060
     7.626 0.039526 0.909091 0.011236 0.988764 0.070352 0.286550 0.713450 0.202020 0.075758 0.048876 0.922637
     7.824 0.039526 0.909091 0.011236 0.988764 0.070352 0.286550 0.713450 0.202020 0.075758 0.048876 0.922637
     8.022 0.035573 0.900000 0.011236 0.988764 0.063381 0.283626 0.716374 0.184300 0.068441 0.044031 0.930245
     8.220 0.027668 0.875000 0.011236 0.988764 0.047701 0.277778 0.722222 0.147368 0.053640 0.034314 0.945556
     8.417 0.023715 0.857143 0.011236 0.988764 0.038670 0.274854 0.725146 0.128114 0.046154 0.029441 0.953258
     8.615 0.023715 0.857143 0.011236 0.988764 0.038670 0.274854 0.725146 0.128114 0.046154 0.029441 0.953258
     8.813 0.023715 0.857143 0.011236 0.988764 0.038670 0.274854 0.725146 0.128114 0.046154 0.029441 0.953258
     9.011 0.015810 1.000000 0.000000 1.000000 0.064522 0.271930 0.728070 0.089219 0.031128 0.019685 0.968629
     9.209 0.015810 1.000000 0.000000 1.000000 0.064522 0.271930 0.728070 0.089219 0.031128 0.019685 0.968629
     9.406 0.011858 1.000000 0.000000 1.000000 0.055795 0.269006 0.730994 0.067925 0.023438 0.014778 0.976425
     9.604 0.011858 1.000000 0.000000 1.000000 0.055795 0.269006 0.730994 0.067925 0.023438 0.014778 0.976425
     9.802 0.011858 1.000000 0.000000 1.000000 0.055795 0.269006 0.730994 0.067925 0.023438 0.014778 0.976425
    10.000 0.007905 1.000000 0.000000 1.000000 0.045489 0.266082 0.733918 0.045977 0.015686 0.009862 0.984252
    10.198 0.007905 1.000000 0.000000 1.000000 0.045489 0.266082 0.733918 0.045977 0.015686 0.009862 0.984252
    10.395 0.007905 1.000000 0.000000 1.000000 0.045489 0.266082 0.733918 0.045977 0.015686 0.009862 0.984252
    10.593 0.007905 1.000000 0.000000 1.000000 0.045489 0.266082 0.733918 0.045977 0.015686 0.009862 0.984252
    10.791 0.007905 1.000000 0.000000 1.000000 0.045489 0.266082 0.733918 0.045977 0.015686 0.009862 0.984252
    10.989 0.003953 1.000000 0.000000 1.000000 0.032119 0.263158 0.736842 0.023346 0.007874 0.004936 0.992110
    11.187 0.003953 1.000000 0.000000 1.000000 0.032119 0.263158 0.736842 0.023346 0.007874 0.004936 0.992110
    11.384 0.003953 1.000000 0.000000 1.000000 0.032119 0.263158 0.736842 0.023346 0.007874 0.004936 0.992110
    11.582 0.003953 1.000000 0.000000 1.000000 0.032119 0.263158 0.736842 0.023346 0.007874 0.004936 0.992110
# AUC_ROC= 0.740    AUC_PRC= 0.890    Best_ROC thr= -0.286  TPR= 0.632   FPR= 0.258    BestMCC= 0.376   thr= 0.505   TPR= 0.510   FPR= 0.090  
#   AUC_R   AUC_P   THROC    Sen     Spe     BMCC    TH     Sen     Spe
#   0.740   0.890  -0.286   0.632   0.742   0.376   0.505   0.510   0.910
