# COMMAND> Dynamut2_Pucci2018revN.txt 3 4 100
# Total data entries loaded: 342
# Total Experimental Positives 253 and Negatives 89 using 0 threshold.
# Experimental Positives ratio EP/(EN+EP)= 0.740
# Total Predicted Positives 66 and Negatives 276 using 0 threshold.
# Predicted Positives ratio PP/(PN+PP)= 0.193
# Predicted data goes from -3.816001 to 1.264001 (range 5.080002) --> 100 samples taken in 0.05080002 steps.
#
#     thrP  REC|TPR PREC|PPV      FPR       SP      MCC      ACC      ERR      F05       F1       F2    dist2
    -3.816 1.000000 0.739766 1.000000 0.000000 0.000000 0.739766 0.260234 0.936459 0.850420 0.934269 1.000000
    -3.765 0.996047 0.739003 1.000000 0.000000 -0.032119 0.736842 0.263158 0.935065 0.848485 0.931264 1.000016
    -3.714 0.996047 0.741176 0.988764 0.011236 0.041912 0.739766 0.260234 0.937384 0.849916 0.931953 0.977670
    -3.664 0.996047 0.741176 0.988764 0.011236 0.041912 0.739766 0.260234 0.937384 0.849916 0.931953 0.977670
    -3.613 0.996047 0.741176 0.988764 0.011236 0.041912 0.739766 0.260234 0.937384 0.849916 0.931953 0.977670
    -3.562 0.996047 0.741176 0.988764 0.011236 0.041912 0.739766 0.260234 0.937384 0.849916 0.931953 0.977670
    -3.511 0.996047 0.741176 0.988764 0.011236 0.041912 0.739766 0.260234 0.937384 0.849916 0.931953 0.977670
    -3.460 0.996047 0.741176 0.988764 0.011236 0.041912 0.739766 0.260234 0.937384 0.849916 0.931953 0.977670
    -3.410 0.992095 0.740413 0.988764 0.011236 0.015673 0.736842 0.263158 0.935985 0.847973 0.928942 0.977717
    -3.359 0.988142 0.739645 0.988764 0.011236 -0.002537 0.733918 0.266082 0.934579 0.846024 0.925926 0.977795
    -3.308 0.988142 0.739645 0.988764 0.011236 -0.002537 0.733918 0.266082 0.934579 0.846024 0.925926 0.977795
    -3.257 0.988142 0.739645 0.988764 0.011236 -0.002537 0.733918 0.266082 0.934579 0.846024 0.925926 0.977795
    -3.206 0.988142 0.739645 0.988764 0.011236 -0.002537 0.733918 0.266082 0.934579 0.846024 0.925926 0.977795
    -3.156 0.988142 0.739645 0.988764 0.011236 -0.002537 0.733918 0.266082 0.934579 0.846024 0.925926 0.977795
    -3.105 0.988142 0.739645 0.988764 0.011236 -0.002537 0.733918 0.266082 0.934579 0.846024 0.925926 0.977795
    -3.054 0.984190 0.738872 0.988764 0.011236 -0.016722 0.730994 0.269006 0.933167 0.844068 0.922906 0.977904
    -3.003 0.984190 0.738872 0.988764 0.011236 -0.016722 0.730994 0.269006 0.933167 0.844068 0.922906 0.977904
    -2.952 0.984190 0.738872 0.988764 0.011236 -0.016722 0.730994 0.269006 0.933167 0.844068 0.922906 0.977904
    -2.902 0.984190 0.741071 0.977528 0.022472 0.022263 0.733918 0.266082 0.935504 0.845501 0.923591 0.955811
    -2.851 0.984190 0.741071 0.977528 0.022472 0.022263 0.733918 0.266082 0.935504 0.845501 0.923591 0.955811
    -2.800 0.984190 0.741071 0.977528 0.022472 0.022263 0.733918 0.266082 0.935504 0.845501 0.923591 0.955811
    -2.749 0.984190 0.741071 0.977528 0.022472 0.022263 0.733918 0.266082 0.935504 0.845501 0.923591 0.955811
    -2.698 0.984190 0.743284 0.966292 0.033708 0.055460 0.736842 0.263158 0.937853 0.846939 0.924276 0.933970
    -2.648 0.984190 0.743284 0.966292 0.033708 0.055460 0.736842 0.263158 0.937853 0.846939 0.924276 0.933970
    -2.597 0.984190 0.743284 0.966292 0.033708 0.055460 0.736842 0.263158 0.937853 0.846939 0.924276 0.933970
    -2.546 0.980237 0.744745 0.955056 0.044944 0.069022 0.736842 0.263158 0.938801 0.846416 0.921933 0.912523
    -2.495 0.976285 0.743976 0.955056 0.044944 0.055285 0.733918 0.266082 0.937381 0.844444 0.918899 0.912695
    -2.444 0.976285 0.746224 0.943820 0.056180 0.080733 0.736842 0.263158 0.939759 0.845890 0.919583 0.891359
    -2.394 0.976285 0.746224 0.943820 0.056180 0.080733 0.736842 0.263158 0.939759 0.845890 0.919583 0.891359
    -2.343 0.972332 0.747720 0.932584 0.067416 0.091201 0.736842 0.263158 0.940727 0.845361 0.917226 0.870479
    -2.292 0.972332 0.747720 0.932584 0.067416 0.091201 0.736842 0.263158 0.940727 0.845361 0.917226 0.870479
    -2.241 0.972332 0.747720 0.932584 0.067416 0.091201 0.736842 0.263158 0.940727 0.845361 0.917226 0.870479
    -2.190 0.968379 0.746951 0.932584 0.067416 0.079265 0.733918 0.266082 0.939297 0.843373 0.914179 0.870713
    -2.140 0.956522 0.744615 0.932584 0.067416 0.048324 0.725146 0.274854 0.934965 0.837370 0.905011 0.871604
    -2.089 0.956522 0.744615 0.932584 0.067416 0.048324 0.725146 0.274854 0.934965 0.837370 0.905011 0.871604
    -2.038 0.948617 0.743034 0.932584 0.067416 0.030710 0.719298 0.280702 0.932039 0.833333 0.898876 0.872354
    -1.987 0.940711 0.746082 0.910112 0.089888 0.053605 0.719298 0.280702 0.933944 0.832168 0.894065 0.831820
    -1.936 0.936759 0.745283 0.910112 0.089888 0.045770 0.716374 0.283626 0.932459 0.830123 0.890977 0.832304
    -1.886 0.928854 0.743671 0.910112 0.089888 0.031026 0.710526 0.289474 0.929466 0.826011 0.884789 0.833366
    -1.835 0.928854 0.743671 0.910112 0.089888 0.031026 0.710526 0.289474 0.929466 0.826011 0.884789 0.833366
    -1.784 0.920949 0.742038 0.910112 0.089888 0.017342 0.704678 0.295322 0.926441 0.821869 0.878582 0.834554
    -1.733 0.916996 0.743590 0.898876 0.101124 0.028104 0.704678 0.295322 0.927382 0.821239 0.876133 0.814868
    -1.682 0.901186 0.740260 0.898876 0.101124 0.003386 0.692982 0.307018 0.921212 0.812834 0.863636 0.817743
    -1.632 0.881423 0.735974 0.898876 0.101124 -0.024093 0.678363 0.321637 0.913311 0.802158 0.847909 0.822039
    -1.581 0.877470 0.735099 0.898876 0.101124 -0.029225 0.675439 0.324561 0.911704 0.800000 0.844749 0.822992
    -1.530 0.873518 0.736667 0.887640 0.112360 -0.018879 0.675439 0.324561 0.912595 0.799277 0.842226 0.803903
    -1.479 0.861660 0.736486 0.876404 0.123596 -0.018961 0.669591 0.330409 0.910230 0.794171 0.833333 0.787223
    -1.428 0.841897 0.739583 0.842697 0.157303 -0.000962 0.663743 0.336257 0.909609 0.787431 0.819231 0.735134
    -1.378 0.837945 0.741259 0.831461 0.168539 0.007688 0.663743 0.336257 0.910523 0.786642 0.816641 0.717589
    -1.327 0.826087 0.738516 0.831461 0.168539 -0.006240 0.654971 0.345029 0.905415 0.779851 0.806950 0.721573
    -1.276 0.822134 0.742857 0.808989 0.191011 0.014971 0.657895 0.342105 0.908958 0.780488 0.804954 0.686099
    -1.225 0.794466 0.738971 0.797753 0.202247 -0.003574 0.640351 0.359649 0.899329 0.765714 0.782710 0.678654
    -1.174 0.786561 0.742537 0.775281 0.224719 0.012020 0.640351 0.359649 0.901132 0.763916 0.777344 0.646617
    -1.124 0.758893 0.741313 0.752809 0.247191 0.006227 0.625731 0.374269 0.893716 0.750000 0.755311 0.624854
    -1.073 0.739130 0.736220 0.752809 0.247191 -0.013729 0.611111 0.388889 0.884161 0.737673 0.738547 0.634774
    -1.022 0.707510 0.730612 0.741573 0.258427 -0.033157 0.590643 0.409357 0.871046 0.718876 0.712013 0.635481
    -0.971 0.687747 0.728033 0.730337 0.269663 -0.040733 0.578947 0.421053 0.863524 0.707317 0.695444 0.630894
    -0.920 0.656126 0.728070 0.696629 0.303371 -0.037698 0.564327 0.435673 0.854936 0.690229 0.669355 0.603541
    -0.870 0.624506 0.718182 0.696629 0.303371 -0.066060 0.540936 0.459064 0.836717 0.668076 0.641234 0.626288
    -0.819 0.604743 0.714953 0.685393 0.314607 -0.073122 0.529240 0.470760 0.827773 0.655246 0.623980 0.625992
    -0.768 0.581028 0.713592 0.662921 0.337079 -0.073418 0.517544 0.482456 0.818942 0.640523 0.603448 0.615003
    -0.717 0.565217 0.711443 0.651685 0.348315 -0.077073 0.508772 0.491228 0.811731 0.629956 0.589448 0.613730
    -0.666 0.521739 0.694737 0.651685 0.348315 -0.114741 0.476608 0.523392 0.781836 0.595937 0.549085 0.653427
    -0.616 0.494071 0.686813 0.640449 0.359551 -0.128717 0.459064 0.540936 0.764526 0.574713 0.523451 0.666139
    -0.565 0.458498 0.670520 0.640449 0.359551 -0.159678 0.432749 0.567251 0.736508 0.544601 0.489451 0.703400
    -0.514 0.422925 0.660494 0.617978 0.382022 -0.171401 0.412281 0.587719 0.712542 0.515663 0.455707 0.714912
    -0.463 0.391304 0.647059 0.606742 0.393258 -0.190108 0.391813 0.608187 0.686705 0.487685 0.424893 0.738646
    -0.412 0.367589 0.650350 0.561798 0.438202 -0.172755 0.385965 0.614035 0.676364 0.469697 0.402597 0.715560
    -0.362 0.335968 0.648855 0.516854 0.483146 -0.163261 0.374269 0.625731 0.656371 0.442708 0.371829 0.708076
    -0.311 0.308300 0.661017 0.449438 0.550562 -0.130267 0.371345 0.628655 0.645517 0.420485 0.345133 0.680443
    -0.260 0.268775 0.660194 0.393258 0.606742 -0.119056 0.356725 0.643275 0.613534 0.382022 0.304933 0.689343
    -0.209 0.249012 0.670213 0.348315 0.651685 -0.097595 0.353801 0.646199 0.600954 0.363112 0.284810 0.685306
    -0.158 0.245059 0.704545 0.292135 0.707865 -0.047249 0.365497 0.634503 0.614876 0.363636 0.281818 0.655278
    -0.108 0.205534 0.666667 0.292135 0.707865 -0.090559 0.336257 0.663743 0.552212 0.314199 0.238532 0.716520
    -0.057 0.189723 0.648649 0.292135 0.707865 -0.109124 0.324561 0.675439 0.524590 0.293578 0.220994 0.741891
    -0.006 0.177866 0.671642 0.247191 0.752809 -0.076638 0.327485 0.672515 0.518234 0.281250 0.208526 0.737008
     0.045 0.166008 0.700000 0.202247 0.797753 -0.041806 0.330409 0.669591 0.511156 0.268371 0.195896 0.736447
     0.096 0.154150 0.780000 0.123596 0.876404 0.037945 0.342105 0.657895 0.516556 0.257426 0.183616 0.730738
     0.146 0.138340 0.760870 0.123596 0.876404 0.018961 0.330409 0.669591 0.480549 0.234114 0.165406 0.757734
     0.197 0.130435 0.785714 0.101124 0.898876 0.039184 0.330409 0.669591 0.470309 0.223729 0.156546 0.766370
     0.248 0.110672 0.777778 0.089888 0.910112 0.029715 0.318713 0.681287 0.423174 0.193772 0.133588 0.798984
     0.299 0.090909 0.793103 0.067416 0.932584 0.037002 0.309942 0.690058 0.373984 0.163121 0.110471 0.830991
     0.350 0.075099 0.760000 0.067416 0.932584 0.012951 0.298246 0.701754 0.322946 0.136691 0.091610 0.859987
     0.400 0.071146 0.782609 0.056180 0.943820 0.026219 0.298246 0.701754 0.313043 0.130435 0.086957 0.865925
     0.451 0.071146 0.782609 0.056180 0.943820 0.026219 0.298246 0.701754 0.313043 0.130435 0.086957 0.865925
     0.502 0.067194 0.809524 0.044944 0.955056 0.040665 0.298246 0.701754 0.302671 0.124088 0.082285 0.872148
     0.553 0.067194 0.809524 0.044944 0.955056 0.040665 0.298246 0.701754 0.302671 0.124088 0.082285 0.872148
     0.604 0.063241 0.800000 0.044944 0.955056 0.034214 0.295322 0.704678 0.288288 0.117216 0.077519 0.879537
     0.654 0.063241 0.800000 0.044944 0.955056 0.034214 0.295322 0.704678 0.288288 0.117216 0.077519 0.879537
     0.705 0.063241 0.800000 0.044944 0.955056 0.034214 0.295322 0.704678 0.288288 0.117216 0.077519 0.879537
     0.756 0.063241 0.842105 0.033708 0.966292 0.056570 0.298246 0.701754 0.291793 0.117647 0.077595 0.878653
     0.807 0.055336 0.875000 0.022472 0.977528 0.068282 0.295322 0.704678 0.264984 0.104089 0.068093 0.892895
     0.858 0.047431 1.000000 0.000000 1.000000 0.113102 0.295322 0.704678 0.239203 0.090566 0.058594 0.907388
     0.908 0.035573 1.000000 0.000000 1.000000 0.097507 0.286550 0.713450 0.186851 0.068702 0.044074 0.930119
     0.959 0.031621 1.000000 0.000000 1.000000 0.091792 0.283626 0.716374 0.168421 0.061303 0.039216 0.937759
     1.010 0.027668 1.000000 0.000000 1.000000 0.085736 0.280702 0.719298 0.149466 0.053846 0.034347 0.945430
     1.061 0.015810 1.000000 0.000000 1.000000 0.064522 0.271930 0.728070 0.089219 0.031128 0.019685 0.968629
     1.112 0.007905 1.000000 0.000000 1.000000 0.045489 0.266082 0.733918 0.045977 0.015686 0.009862 0.984252
     1.162 0.007905 1.000000 0.000000 1.000000 0.045489 0.266082 0.733918 0.045977 0.015686 0.009862 0.984252
     1.213 0.007905 1.000000 0.000000 1.000000 0.045489 0.266082 0.733918 0.045977 0.015686 0.009862 0.984252
# AUC_ROC= 0.439    AUC_PRC= 0.720    Best_ROC thr= -0.920  TPR= 0.656   FPR= 0.697    BestMCC= 0.113   thr= 0.858   TPR= 0.047   FPR= 0.000  
#   AUC_R   AUC_P   THROC    Sen     Spe     BMCC    TH     Sen     Spe
#   0.439   0.720  -0.920   0.656   0.303   0.113   0.858   0.047   1.000
