# COMMAND> Dynamut_Pucci2018N.txt 3 4 100
# Total data entries loaded: 704
# Total Experimental Positives 352 and Negatives 352 using 0 threshold.
# Experimental Positives ratio EP/(EN+EP)= 0.500
# Total Predicted Positives 114 and Negatives 590 using 0 threshold.
# Predicted Positives ratio PP/(PN+PP)= 0.162
# Predicted data goes from -3.944001 to 1.571001 (range 5.515002) --> 100 samples taken in 0.05515002 steps.
#
#     thrP  REC|TPR PREC|PPV      FPR       SP      MCC      ACC      ERR      F05       F1       F2    dist2
    -3.944 1.000000 0.500000 1.000000 0.000000 0.000000 0.500000 0.500000 0.666667 0.666667 0.833333 1.000000
    -3.889 1.000000 0.500711 0.997159 0.002841 0.037716 0.501420 0.498580 0.667509 0.667299 0.833728 0.994326
    -3.834 1.000000 0.501425 0.994318 0.005682 0.053376 0.502841 0.497159 0.668354 0.667932 0.834123 0.988669
    -3.779 0.997159 0.501429 0.991477 0.008523 0.037796 0.502841 0.497159 0.668147 0.667300 0.832543 0.983035
    -3.723 0.997159 0.502865 0.985795 0.014205 0.061810 0.505682 0.494318 0.669847 0.668571 0.833333 0.971801
    -3.668 0.997159 0.502865 0.985795 0.014205 0.061810 0.505682 0.494318 0.669847 0.668571 0.833333 0.971801
    -3.613 0.997159 0.505036 0.977273 0.022727 0.088508 0.509943 0.490057 0.672414 0.670487 0.834522 0.955070
    -3.558 0.997159 0.505036 0.977273 0.022727 0.088508 0.509943 0.490057 0.672414 0.670487 0.834522 0.955070
    -3.503 0.997159 0.506494 0.971591 0.028409 0.103081 0.512784 0.487216 0.674136 0.671770 0.835317 0.943997
    -3.448 0.997159 0.507225 0.968750 0.031250 0.109738 0.514205 0.485795 0.675000 0.672414 0.835714 0.938485
    -3.393 0.991477 0.507267 0.963068 0.036932 0.095312 0.514205 0.485795 0.674613 0.671154 0.832538 0.927573
    -3.337 0.991477 0.508006 0.960227 0.039773 0.101786 0.515625 0.484375 0.675484 0.671800 0.832936 0.922109
    -3.282 0.991477 0.508746 0.957386 0.042614 0.107990 0.517045 0.482955 0.676357 0.672447 0.833333 0.916661
    -3.227 0.991477 0.508746 0.957386 0.042614 0.107990 0.517045 0.482955 0.676357 0.672447 0.833333 0.916661
    -3.172 0.991477 0.510234 0.951705 0.048295 0.119697 0.519886 0.480114 0.678109 0.673745 0.834130 0.905814
    -3.117 0.991477 0.510234 0.951705 0.048295 0.119697 0.519886 0.480114 0.678109 0.673745 0.834130 0.905814
    -3.062 0.988636 0.509517 0.951705 0.048295 0.108548 0.518466 0.481534 0.677043 0.672464 0.832138 0.905871
    -3.006 0.988636 0.511013 0.946023 0.053977 0.119854 0.521307 0.478693 0.678804 0.673766 0.832934 0.895088
    -2.951 0.988636 0.511013 0.946023 0.053977 0.119854 0.521307 0.478693 0.678804 0.673766 0.832934 0.895088
    -2.896 0.988636 0.512518 0.940341 0.059659 0.130480 0.524148 0.475852 0.680574 0.675073 0.833733 0.884370
    -2.841 0.988636 0.512518 0.940341 0.059659 0.130480 0.524148 0.475852 0.680574 0.675073 0.833733 0.884370
    -2.786 0.988636 0.514032 0.934659 0.065341 0.140533 0.526989 0.473011 0.682353 0.676385 0.834532 0.873717
    -2.731 0.988636 0.514032 0.934659 0.065341 0.140533 0.526989 0.473011 0.682353 0.676385 0.834532 0.873717
    -2.676 0.988636 0.515556 0.928977 0.071023 0.150096 0.529830 0.470170 0.684142 0.677702 0.835334 0.863128
    -2.620 0.988636 0.517088 0.923295 0.076705 0.159235 0.532670 0.467330 0.685940 0.679024 0.836136 0.852604
    -2.565 0.985795 0.516369 0.923295 0.076705 0.150025 0.531250 0.468750 0.684868 0.677734 0.834135 0.852676
    -2.510 0.982955 0.517190 0.917614 0.082386 0.150308 0.532670 0.467330 0.685601 0.677767 0.832932 0.842305
    -2.455 0.982955 0.520301 0.906250 0.093750 0.167657 0.538352 0.461648 0.689243 0.680433 0.834539 0.821580
    -2.400 0.982955 0.521870 0.900568 0.099432 0.175893 0.541193 0.458807 0.691079 0.681773 0.835345 0.811314
    -2.345 0.980114 0.525114 0.886364 0.113636 0.187794 0.546875 0.453125 0.694631 0.683845 0.835351 0.786036
    -2.290 0.980114 0.525915 0.883523 0.116477 0.191605 0.548295 0.451705 0.695565 0.684524 0.835756 0.781008
    -2.234 0.977273 0.526799 0.877841 0.122159 0.191790 0.549716 0.450284 0.696356 0.684577 0.834546 0.771121
    -2.179 0.974432 0.530139 0.863636 0.136364 0.203084 0.555398 0.444602 0.700000 0.686687 0.834550 0.746522
    -2.124 0.968750 0.534483 0.843750 0.156250 0.214423 0.562500 0.437500 0.704545 0.688889 0.833333 0.712891
    -2.069 0.960227 0.536508 0.829545 0.170455 0.213045 0.565341 0.434659 0.706128 0.688391 0.829244 0.689728
    -2.014 0.957386 0.539200 0.818182 0.181818 0.220517 0.569602 0.430398 0.708976 0.689867 0.828824 0.671237
    -1.959 0.951705 0.538585 0.815341 0.184659 0.212539 0.568182 0.431818 0.707746 0.687885 0.825123 0.667113
    -1.903 0.948864 0.543974 0.795455 0.204545 0.229714 0.576705 0.423295 0.713675 0.691511 0.825915 0.635363
    -1.848 0.943182 0.547855 0.778409 0.221591 0.238001 0.582386 0.417614 0.717579 0.693111 0.824230 0.609149
    -1.793 0.931818 0.545757 0.775568 0.224432 0.221058 0.578125 0.421875 0.714078 0.688353 0.816327 0.606155
    -1.738 0.928977 0.546823 0.769886 0.230114 0.222425 0.579545 0.420455 0.715015 0.688421 0.815055 0.597769
    -1.683 0.914773 0.546689 0.758523 0.241477 0.211328 0.578125 0.421875 0.713442 0.684378 0.806209 0.582620
    -1.628 0.900568 0.544674 0.752841 0.247159 0.195147 0.573864 0.426136 0.709701 0.678801 0.796482 0.576656
    -1.573 0.894886 0.546875 0.741477 0.258523 0.198874 0.576705 0.423295 0.711596 0.678879 0.793851 0.560837
    -1.517 0.894886 0.551664 0.727273 0.272727 0.214096 0.583807 0.416193 0.716995 0.682557 0.795856 0.539974
    -1.462 0.877841 0.549822 0.718750 0.281250 0.198233 0.579545 0.420455 0.713077 0.676149 0.784264 0.531524
    -1.407 0.863636 0.554745 0.693182 0.306818 0.205210 0.585227 0.414773 0.716981 0.675556 0.777096 0.499096
    -1.352 0.857955 0.556169 0.684659 0.315341 0.206308 0.586648 0.413352 0.717908 0.674860 0.773962 0.488935
    -1.297 0.846591 0.557009 0.673295 0.326705 0.202866 0.586648 0.413352 0.717496 0.671928 0.766855 0.476861
    -1.242 0.829545 0.559387 0.653409 0.346591 0.201150 0.588068 0.411932 0.718033 0.668192 0.756477 0.455998
    -1.187 0.818182 0.565815 0.627841 0.372159 0.212666 0.595170 0.404830 0.723618 0.668990 0.751174 0.427242
    -1.131 0.801136 0.566265 0.613636 0.386364 0.206061 0.593750 0.406250 0.721843 0.663529 0.739769 0.416096
    -1.076 0.772727 0.563147 0.599432 0.400568 0.186707 0.586648 0.413352 0.714536 0.651497 0.719196 0.410971
    -1.021 0.750000 0.560510 0.588068 0.411932 0.172063 0.580966 0.419034 0.708408 0.641555 0.702501 0.408324
    -0.966 0.732955 0.559653 0.576705 0.423295 0.164327 0.578125 0.421875 0.704918 0.634686 0.690209 0.403901
    -0.911 0.710227 0.559284 0.559659 0.440341 0.156371 0.575284 0.424716 0.700935 0.625782 0.673854 0.397187
    -0.856 0.681818 0.554273 0.548295 0.451705 0.137205 0.566761 0.433239 0.690979 0.611465 0.651820 0.401868
    -0.800 0.659091 0.555024 0.528409 0.471591 0.133041 0.565341 0.434659 0.687747 0.602597 0.635268 0.395435
    -0.745 0.647727 0.556098 0.517045 0.482955 0.132493 0.565341 0.434659 0.686747 0.598425 0.627063 0.391432
    -0.690 0.625000 0.565553 0.480114 0.519886 0.145693 0.572443 0.427557 0.691824 0.593792 0.612131 0.371134
    -0.635 0.585227 0.562842 0.454545 0.545455 0.130785 0.565341 0.434659 0.680617 0.573816 0.580609 0.378648
    -0.580 0.556818 0.558405 0.440341 0.559659 0.116478 0.558239 0.441761 0.669704 0.557610 0.557135 0.390310
    -0.525 0.514205 0.563863 0.397727 0.602273 0.116932 0.558239 0.441761 0.663814 0.537890 0.523424 0.394184
    -0.470 0.491477 0.574751 0.363636 0.636364 0.129204 0.563920 0.436080 0.667095 0.529862 0.506144 0.390827
    -0.414 0.468750 0.591398 0.323864 0.676136 0.148106 0.572443 0.427557 0.674387 0.522979 0.489034 0.387114
    -0.359 0.428977 0.592157 0.295455 0.704545 0.138901 0.566761 0.433239 0.660350 0.497529 0.453999 0.413360
    -0.304 0.394886 0.604348 0.258523 0.741477 0.145374 0.568182 0.431818 0.655660 0.477663 0.424298 0.432997
    -0.249 0.352273 0.620000 0.215909 0.784091 0.151186 0.568182 0.431818 0.645833 0.449275 0.385572 0.466167
    -0.194 0.321023 0.645714 0.176136 0.823864 0.167619 0.572443 0.427557 0.644487 0.428843 0.356917 0.492034
    -0.139 0.286932 0.647436 0.156250 0.843750 0.157328 0.565341 0.434659 0.620902 0.397638 0.322890 0.532880
    -0.083 0.250000 0.628571 0.147727 0.852273 0.128115 0.551136 0.448864 0.578947 0.357724 0.284238 0.584323
    -0.028 0.227273 0.655738 0.119318 0.880682 0.142607 0.553977 0.446023 0.571429 0.337553 0.261438 0.611344
     0.027 0.210227 0.685185 0.096591 0.903409 0.157661 0.556818 0.443182 0.566327 0.321739 0.244063 0.633071
     0.082 0.178977 0.700000 0.076705 0.923295 0.153143 0.551136 0.448864 0.530899 0.285068 0.210280 0.679962
     0.137 0.153409 0.710526 0.062500 0.937500 0.146475 0.545455 0.454545 0.493902 0.252336 0.181941 0.720622
     0.192 0.144886 0.718310 0.056818 0.943182 0.146228 0.544034 0.455966 0.481132 0.241135 0.172414 0.734448
     0.247 0.130682 0.718750 0.051136 0.948864 0.138350 0.539773 0.460227 0.453947 0.221154 0.156250 0.758329
     0.303 0.107955 0.716981 0.042614 0.957386 0.123822 0.532670 0.467330 0.404255 0.187654 0.130048 0.797561
     0.358 0.085227 0.666667 0.042614 0.957386 0.087105 0.521307 0.478693 0.338346 0.151134 0.103235 0.838625
     0.413 0.082386 0.707317 0.034091 0.965909 0.103110 0.524148 0.475852 0.337209 0.147583 0.100069 0.843177
     0.468 0.079545 0.717949 0.031250 0.968750 0.105562 0.524148 0.475852 0.330709 0.143223 0.096752 0.848213
     0.523 0.071023 0.757576 0.022727 0.977273 0.114243 0.524148 0.475852 0.309917 0.129870 0.086745 0.863515
     0.578 0.068182 0.774194 0.019886 0.980114 0.117696 0.524148 0.475852 0.302521 0.125326 0.083391 0.868681
     0.633 0.068182 0.774194 0.019886 0.980114 0.117696 0.524148 0.475852 0.302521 0.125326 0.083391 0.868681
     0.689 0.062500 0.758621 0.019886 0.980114 0.107211 0.521307 0.478693 0.282051 0.115486 0.076548 0.879302
     0.744 0.059659 0.807692 0.014205 0.985795 0.120509 0.522727 0.477273 0.276316 0.111111 0.073222 0.884443
     0.799 0.059659 0.875000 0.008523 0.991477 0.140900 0.525568 0.474432 0.281250 0.111702 0.073324 0.884314
     0.854 0.053977 0.950000 0.002841 0.997159 0.153897 0.525568 0.474432 0.263889 0.102151 0.066527 0.894967
     0.909 0.042614 0.937500 0.002841 0.997159 0.133436 0.519886 0.480114 0.216346 0.081522 0.052669 0.916597
     0.964 0.036932 0.928571 0.002841 0.997159 0.122094 0.517045 0.482955 0.191176 0.071038 0.045710 0.927508
     1.020 0.034091 0.923077 0.002841 0.997159 0.116060 0.515625 0.484375 0.178218 0.065753 0.042224 0.932988
     1.075 0.022727 0.888889 0.002841 0.997159 0.088508 0.509943 0.490057 0.123711 0.044321 0.028229 0.955070
     1.130 0.017045 1.000000 0.000000 1.000000 0.092715 0.508523 0.491477 0.095745 0.033520 0.021216 0.966200
     1.185 0.017045 1.000000 0.000000 1.000000 0.092715 0.508523 0.491477 0.095745 0.033520 0.021216 0.966200
     1.240 0.011364 1.000000 0.000000 1.000000 0.075593 0.505682 0.494318 0.065217 0.022472 0.014164 0.977402
     1.295 0.008523 1.000000 0.000000 1.000000 0.065419 0.504261 0.495739 0.049451 0.016901 0.010631 0.983027
     1.350 0.005682 1.000000 0.000000 1.000000 0.053376 0.502841 0.497159 0.033333 0.011299 0.007092 0.988669
     1.406 0.005682 1.000000 0.000000 1.000000 0.053376 0.502841 0.497159 0.033333 0.011299 0.007092 0.988669
     1.461 0.002841 1.000000 0.000000 1.000000 0.037716 0.501420 0.498580 0.016854 0.005666 0.003549 0.994326
     1.516 0.002841 1.000000 0.000000 1.000000 0.037716 0.501420 0.498580 0.016854 0.005666 0.003549 0.994326
# AUC_ROC= 0.623    AUC_PRC= 0.618    Best_ROC thr= -0.690  TPR= 0.625   FPR= 0.480    BestMCC= 0.238   thr= -1.848  TPR= 0.943   FPR= 0.778  
#   AUC_R   AUC_P   THROC    Sen     Spe     BMCC    TH     Sen     Spe
#   0.623   0.618  -0.690   0.625   0.520   0.238  -1.848   0.943   0.222
