# COMMAND> KORPM_Pucci2018N.txt 10 11 100
# Total data entries loaded: 684
# Total Experimental Positives 342 and Negatives 342 using 0 threshold.
# Experimental Positives ratio EP/(EN+EP)= 0.500
# Total Predicted Positives 335 and Negatives 349 using 0 threshold.
# Predicted Positives ratio PP/(PN+PP)= 0.490
# Predicted data goes from -4.56381 to 4.437506 (range 9.001316) --> 100 samples taken in 0.09001316 steps.
#
#     thrP  REC|TPR PREC|PPV      FPR       SP      MCC      ACC      ERR      F05       F1       F2    dist2
    -4.564 1.000000 0.500000 1.000000 0.000000 0.000000 0.500000 0.500000 0.666667 0.666667 0.833333 1.000000
    -4.474 1.000000 0.500732 0.997076 0.002924 0.038264 0.501462 0.498538 0.667534 0.667317 0.833740 0.994161
    -4.384 1.000000 0.501466 0.994152 0.005848 0.054153 0.502924 0.497076 0.668404 0.667969 0.834146 0.988338
    -4.294 1.000000 0.502203 0.991228 0.008772 0.066372 0.504386 0.495614 0.669276 0.668622 0.834553 0.982533
    -4.204 1.000000 0.502203 0.991228 0.008772 0.066372 0.504386 0.495614 0.669276 0.668622 0.834553 0.982533
    -4.114 1.000000 0.503682 0.985380 0.014620 0.085812 0.507310 0.492690 0.671027 0.669931 0.835369 0.970974
    -4.024 1.000000 0.503682 0.985380 0.014620 0.085812 0.507310 0.492690 0.671027 0.669931 0.835369 0.970974
    -3.934 1.000000 0.504425 0.982456 0.017544 0.094072 0.508772 0.491228 0.671906 0.670588 0.835777 0.965220
    -3.844 1.000000 0.504425 0.982456 0.017544 0.094072 0.508772 0.491228 0.671906 0.670588 0.835777 0.965220
    -3.754 1.000000 0.505170 0.979532 0.020468 0.101684 0.510234 0.489766 0.672787 0.671246 0.836186 0.959483
    -3.664 1.000000 0.505170 0.979532 0.020468 0.101684 0.510234 0.489766 0.672787 0.671246 0.836186 0.959483
    -3.574 1.000000 0.505917 0.976608 0.023392 0.108786 0.511696 0.488304 0.673670 0.671906 0.836595 0.953764
    -3.484 1.000000 0.506667 0.973684 0.026316 0.115470 0.513158 0.486842 0.674556 0.672566 0.837004 0.948061
    -3.394 1.000000 0.507418 0.970760 0.029240 0.121806 0.514620 0.485380 0.675444 0.673228 0.837414 0.942375
    -3.304 1.000000 0.508929 0.964912 0.035088 0.133631 0.517544 0.482456 0.677228 0.674556 0.838235 0.931056
    -3.214 1.000000 0.511211 0.956140 0.043860 0.149738 0.521930 0.478070 0.679920 0.676558 0.839470 0.914204
    -3.124 1.000000 0.512744 0.950292 0.049708 0.159647 0.524854 0.475146 0.681728 0.677899 0.840295 0.903056
    -3.034 1.000000 0.514286 0.944444 0.055556 0.169031 0.527778 0.472222 0.683544 0.679245 0.841121 0.891975
    -2.944 1.000000 0.517398 0.932749 0.067251 0.186536 0.533626 0.466374 0.687207 0.681954 0.842780 0.870020
    -2.854 1.000000 0.518968 0.926901 0.073099 0.194772 0.536550 0.463450 0.689053 0.683317 0.843611 0.859145
    -2.764 1.000000 0.520548 0.921053 0.078947 0.202721 0.539474 0.460526 0.690909 0.684685 0.844444 0.848338
    -2.674 1.000000 0.523737 0.909357 0.090643 0.217883 0.545322 0.454678 0.694651 0.687437 0.846116 0.826930
    -2.584 0.997076 0.525424 0.900585 0.099415 0.218956 0.548246 0.451754 0.696392 0.688194 0.845315 0.811062
    -2.494 0.997076 0.529503 0.885965 0.114035 0.236761 0.555556 0.444444 0.701165 0.691684 0.847416 0.784942
    -2.403 0.997076 0.534483 0.868421 0.131579 0.256840 0.564327 0.435673 0.706980 0.695918 0.849950 0.754164
    -2.313 0.994152 0.535433 0.862573 0.137427 0.255110 0.565789 0.434211 0.707842 0.696008 0.848727 0.744067
    -2.223 0.994152 0.541401 0.842105 0.157895 0.277287 0.576023 0.423977 0.714786 0.701031 0.851703 0.709175
    -2.133 0.994152 0.545746 0.827485 0.172515 0.292392 0.583333 0.416667 0.719831 0.704663 0.853842 0.684766
    -2.043 0.988304 0.549593 0.809942 0.190058 0.296120 0.589181 0.410819 0.723769 0.706374 0.852244 0.656142
    -1.953 0.988304 0.555921 0.789474 0.210526 0.316337 0.599415 0.400585 0.731074 0.711579 0.855263 0.623405
    -1.863 0.988304 0.560531 0.774854 0.225146 0.330310 0.606725 0.393275 0.736383 0.715344 0.857433 0.600535
    -1.773 0.988304 0.565217 0.760234 0.239766 0.343950 0.614035 0.385965 0.741770 0.719149 0.859613 0.578092
    -1.683 0.988304 0.569983 0.745614 0.254386 0.357298 0.621345 0.378655 0.747237 0.722995 0.861805 0.556077
    -1.593 0.982456 0.570458 0.739766 0.260234 0.350880 0.621345 0.378655 0.747220 0.721805 0.858457 0.547562
    -1.503 0.976608 0.572899 0.728070 0.271930 0.350287 0.624269 0.375731 0.749439 0.722162 0.855971 0.530633
    -1.413 0.973684 0.584211 0.692982 0.307018 0.376601 0.640351 0.359649 0.762014 0.730263 0.859133 0.480917
    -1.323 0.970760 0.589698 0.675439 0.324561 0.386967 0.647661 0.352339 0.767926 0.733702 0.859658 0.457072
    -1.233 0.964912 0.595668 0.654971 0.345029 0.394984 0.654971 0.345029 0.774042 0.736607 0.858481 0.430218
    -1.143 0.964912 0.613383 0.608187 0.391813 0.435304 0.678363 0.321637 0.793905 0.750000 0.865687 0.371123
    -1.053 0.961988 0.624288 0.578947 0.421053 0.455424 0.691520 0.308480 0.805714 0.757192 0.868074 0.336625
    -0.963 0.953216 0.633010 0.552632 0.447368 0.464380 0.700292 0.299708 0.814321 0.760793 0.865640 0.307590
    -0.873 0.947368 0.649299 0.511696 0.488304 0.490400 0.717836 0.282164 0.831480 0.770511 0.867702 0.264603
    -0.783 0.938596 0.660494 0.482456 0.517544 0.502891 0.728070 0.271930 0.842520 0.775362 0.865696 0.236534
    -0.693 0.923977 0.665263 0.464912 0.535088 0.498287 0.729532 0.270468 0.845674 0.773562 0.857298 0.221923
    -0.603 0.915205 0.680435 0.429825 0.570175 0.517136 0.742690 0.257310 0.860678 0.780549 0.856127 0.191939
    -0.513 0.900585 0.703196 0.380117 0.619883 0.542270 0.760234 0.239766 0.882521 0.789744 0.852713 0.154372
    -0.423 0.888889 0.722090 0.342105 0.657895 0.561982 0.773392 0.226608 0.900296 0.796855 0.849637 0.129382
    -0.333 0.865497 0.734491 0.312865 0.687135 0.561638 0.776316 0.223684 0.908905 0.794631 0.835686 0.115976
    -0.243 0.850877 0.742347 0.295322 0.704678 0.561590 0.777778 0.222222 0.914136 0.792916 0.826705 0.109452
    -0.153 0.827485 0.766938 0.251462 0.748538 0.577827 0.788012 0.211988 0.933993 0.796062 0.814623 0.092994
    -0.063 0.792398 0.776504 0.228070 0.771930 0.564446 0.782164 0.217836 0.935558 0.784370 0.789167 0.095115
     0.027 0.763158 0.793313 0.198830 0.801170 0.564736 0.782164 0.217836 0.944511 0.777943 0.769004 0.095628
     0.117 0.716374 0.798046 0.181287 0.818713 0.537912 0.767544 0.232456 0.936306 0.755008 0.731343 0.113308
     0.207 0.675439 0.810526 0.157895 0.842105 0.524885 0.758772 0.241228 0.935223 0.736842 0.698730 0.130271
     0.297 0.634503 0.812734 0.146199 0.853801 0.500487 0.744152 0.255848 0.923404 0.712644 0.663609 0.154962
     0.387 0.611111 0.822835 0.131579 0.868421 0.496241 0.739766 0.260234 0.923417 0.701342 0.644266 0.168548
     0.477 0.578947 0.842553 0.108187 0.891813 0.495643 0.735380 0.264620 0.926677 0.686308 0.617592 0.188990
     0.567 0.540936 0.856481 0.090643 0.909357 0.484363 0.725146 0.274854 0.920398 0.663082 0.583965 0.218956
     0.657 0.502924 0.864322 0.078947 0.921053 0.466735 0.711988 0.288012 0.906854 0.635860 0.548819 0.253317
     0.747 0.479532 0.896175 0.055556 0.944444 0.478877 0.711988 0.288012 0.916201 0.624762 0.528691 0.273973
     0.837 0.450292 0.895349 0.052632 0.947368 0.458289 0.698830 0.301170 0.897087 0.599222 0.500000 0.304949
     0.927 0.421053 0.923077 0.035088 0.964912 0.459933 0.692982 0.307018 0.894410 0.578313 0.472441 0.336411
     1.017 0.388889 0.930070 0.029240 0.970760 0.442220 0.679825 0.320175 0.873085 0.548454 0.440106 0.374312
     1.107 0.356725 0.938462 0.023392 0.976608 0.424794 0.666667 0.333333 0.849188 0.516949 0.407210 0.414350
     1.197 0.336257 0.942623 0.020468 0.979532 0.412454 0.657895 0.342105 0.831325 0.495690 0.385906 0.440973
     1.287 0.307018 0.937500 0.020468 0.979532 0.387185 0.643275 0.356725 0.797468 0.462555 0.354730 0.480644
     1.377 0.280702 0.960000 0.011696 0.988304 0.380699 0.634503 0.365497 0.776280 0.434389 0.326975 0.517527
     1.467 0.254386 0.956044 0.011696 0.988304 0.357298 0.621345 0.378655 0.739377 0.401848 0.298149 0.556077
     1.557 0.242690 0.965116 0.008772 0.991228 0.352769 0.616959 0.383041 0.725948 0.387850 0.285420 0.573595
     1.647 0.219298 0.961538 0.008772 0.991228 0.331168 0.605263 0.394737 0.688073 0.357143 0.259336 0.609572
     1.737 0.198830 0.957746 0.008772 0.991228 0.311569 0.595029 0.404971 0.651757 0.329298 0.236275 0.641950
     1.827 0.178363 0.953125 0.008772 0.991228 0.291167 0.584795 0.415205 0.612040 0.300493 0.212989 0.675165
     1.917 0.160819 0.948276 0.008772 0.991228 0.272899 0.576023 0.423977 0.574913 0.275000 0.192847 0.704302
     2.007 0.131579 0.937500 0.008772 0.991228 0.240381 0.561404 0.438596 0.505618 0.230769 0.158898 0.754232
     2.097 0.128655 0.936170 0.008772 0.991228 0.236955 0.559942 0.440058 0.498113 0.226221 0.155477 0.759319
     2.187 0.122807 1.000000 0.000000 1.000000 0.255774 0.561404 0.438596 0.494118 0.218750 0.148936 0.769468
     2.277 0.111111 1.000000 0.000000 1.000000 0.242536 0.555556 0.444444 0.461538 0.200000 0.135135 0.790123
     2.367 0.099415 1.000000 0.000000 1.000000 0.228709 0.549708 0.450292 0.426778 0.180851 0.121255 0.811053
     2.457 0.081871 1.000000 0.000000 1.000000 0.206598 0.540936 0.459064 0.370044 0.151351 0.100287 0.842960
     2.547 0.070175 1.000000 0.000000 1.000000 0.190693 0.535088 0.464912 0.328767 0.131148 0.086207 0.864574
     2.637 0.058480 1.000000 0.000000 1.000000 0.173553 0.529240 0.470760 0.284360 0.110497 0.072046 0.886461
     2.727 0.055556 1.000000 0.000000 1.000000 0.169031 0.527778 0.472222 0.272727 0.105263 0.068493 0.891975
     2.817 0.049708 1.000000 0.000000 1.000000 0.159647 0.524854 0.475146 0.248780 0.094708 0.061372 0.903056
     2.907 0.043860 1.000000 0.000000 1.000000 0.149738 0.521930 0.478070 0.223881 0.084034 0.054230 0.914204
     2.997 0.038012 1.000000 0.000000 1.000000 0.139191 0.519006 0.480994 0.197970 0.073239 0.047067 0.925421
     3.087 0.035088 1.000000 0.000000 1.000000 0.133631 0.517544 0.482456 0.184615 0.067797 0.043478 0.931056
     3.177 0.032164 1.000000 0.000000 1.000000 0.127846 0.516082 0.483918 0.170984 0.062323 0.039884 0.936707
     3.267 0.029240 1.000000 0.000000 1.000000 0.121806 0.514620 0.485380 0.157068 0.056818 0.036284 0.942375
     3.357 0.029240 1.000000 0.000000 1.000000 0.121806 0.514620 0.485380 0.157068 0.056818 0.036284 0.942375
     3.447 0.023392 1.000000 0.000000 1.000000 0.108786 0.511696 0.488304 0.128342 0.045714 0.029070 0.953764
     3.537 0.017544 1.000000 0.000000 1.000000 0.094072 0.508772 0.491228 0.098361 0.034483 0.021834 0.965220
     3.627 0.017544 1.000000 0.000000 1.000000 0.094072 0.508772 0.491228 0.098361 0.034483 0.021834 0.965220
     3.717 0.014620 1.000000 0.000000 1.000000 0.085812 0.507310 0.492690 0.082873 0.028818 0.018208 0.970974
     3.807 0.011696 1.000000 0.000000 1.000000 0.076696 0.505848 0.494152 0.067039 0.023121 0.014577 0.976745
     3.897 0.011696 1.000000 0.000000 1.000000 0.076696 0.505848 0.494152 0.067039 0.023121 0.014577 0.976745
     3.987 0.008772 1.000000 0.000000 1.000000 0.066372 0.504386 0.495614 0.050847 0.017391 0.010941 0.982533
     4.077 0.008772 1.000000 0.000000 1.000000 0.066372 0.504386 0.495614 0.050847 0.017391 0.010941 0.982533
     4.167 0.005848 1.000000 0.000000 1.000000 0.054153 0.502924 0.497076 0.034286 0.011628 0.007299 0.988338
     4.257 0.005848 1.000000 0.000000 1.000000 0.054153 0.502924 0.497076 0.034286 0.011628 0.007299 0.988338
     4.347 0.005848 1.000000 0.000000 1.000000 0.054153 0.502924 0.497076 0.034286 0.011628 0.007299 0.988338
# AUC_ROC= 0.860    AUC_PRC= 0.853    Best_ROC thr= -0.153  TPR= 0.827   FPR= 0.251    BestMCC= 0.578   thr= -0.153  TPR= 0.827   FPR= 0.251  
#   AUC_R   AUC_P   THROC    Sen     Spe     BMCC    TH     Sen     Spe
#   0.860   0.853  -0.153   0.827   0.749   0.578  -0.153   0.827   0.749
