# COMMAND> KORPM_Pucci2018revN.txt 10 11 100
# Total data entries loaded: 342
# Total Experimental Positives 253 and Negatives 89 using 0 threshold.
# Experimental Positives ratio EP/(EN+EP)= 0.740
# Total Predicted Positives 278 and Negatives 64 using 0 threshold.
# Predicted Positives ratio PP/(PN+PP)= 0.813
# Predicted data goes from -1.683096 to 4.437506 (range 6.120602) --> 100 samples taken in 0.06120602 steps.
#
#     thrP  REC|TPR PREC|PPV      FPR       SP      MCC      ACC      ERR      F05       F1       F2    dist2
    -1.683 1.000000 0.739766 1.000000 0.000000 0.000000 0.739766 0.260234 0.936459 0.850420 0.934269 1.000000
    -1.622 0.996047 0.739003 1.000000 0.000000 -0.032119 0.736842 0.263158 0.935065 0.848485 0.931264 1.000016
    -1.561 0.992095 0.738235 1.000000 0.000000 -0.045489 0.733918 0.266082 0.933664 0.846543 0.928254 1.000062
    -1.499 0.992095 0.738235 1.000000 0.000000 -0.045489 0.733918 0.266082 0.933664 0.846543 0.928254 1.000062
    -1.438 0.992095 0.738235 1.000000 0.000000 -0.045489 0.733918 0.266082 0.933664 0.846543 0.928254 1.000062
    -1.377 0.992095 0.740413 0.988764 0.011236 0.015673 0.736842 0.263158 0.935985 0.847973 0.928942 0.977717
    -1.316 0.992095 0.740413 0.988764 0.011236 0.015673 0.736842 0.263158 0.935985 0.847973 0.928942 0.977717
    -1.255 0.988142 0.741840 0.977528 0.022472 0.038801 0.736842 0.263158 0.936914 0.847458 0.926612 0.955702
    -1.193 0.988142 0.744048 0.966292 0.033708 0.073024 0.739766 0.260234 0.939261 0.848896 0.927300 0.933861
    -1.132 0.988142 0.746269 0.955056 0.044944 0.102525 0.742690 0.257310 0.941620 0.850340 0.927988 0.912273
    -1.071 0.988142 0.748503 0.943820 0.056180 0.128664 0.745614 0.254386 0.943990 0.851789 0.928678 0.890937
    -1.010 0.984190 0.747748 0.943820 0.056180 0.110654 0.742690 0.257310 0.942587 0.849829 0.925651 0.891047
    -0.949 0.980237 0.751515 0.921348 0.078652 0.140424 0.745614 0.254386 0.945963 0.850772 0.923994 0.849273
    -0.887 0.976285 0.753049 0.910112 0.089888 0.146531 0.745614 0.254386 0.946965 0.850258 0.921642 0.828867
    -0.826 0.976285 0.755352 0.898876 0.101124 0.165853 0.748538 0.251462 0.949391 0.851724 0.922330 0.808541
    -0.765 0.972332 0.754601 0.898876 0.101124 0.152620 0.745614 0.254386 0.947977 0.849741 0.919283 0.808744
    -0.704 0.968379 0.756173 0.887640 0.112360 0.158646 0.745614 0.254386 0.948999 0.849220 0.916916 0.788905
    -0.643 0.968379 0.756173 0.887640 0.112360 0.158646 0.745614 0.254386 0.948999 0.849220 0.916916 0.788905
    -0.581 0.968379 0.763240 0.853933 0.146067 0.209169 0.754386 0.245614 0.956409 0.853659 0.918980 0.730201
    -0.520 0.964427 0.764890 0.842697 0.157303 0.213253 0.754386 0.245614 0.957489 0.853147 0.916604 0.711403
    -0.459 0.960474 0.766562 0.831461 0.168539 0.217466 0.754386 0.245614 0.958580 0.852632 0.914221 0.692889
    -0.398 0.960474 0.776358 0.786517 0.213483 0.273985 0.766082 0.233918 0.968771 0.858657 0.916981 0.620171
    -0.337 0.948617 0.781759 0.752809 0.247191 0.283453 0.766082 0.233918 0.972316 0.857143 0.909780 0.569362
    -0.275 0.944664 0.781046 0.752809 0.247191 0.274294 0.763158 0.236842 0.970887 0.855098 0.906677 0.569783
    -0.214 0.944664 0.788779 0.719101 0.280899 0.311365 0.771930 0.228070 0.978840 0.859712 0.908745 0.520168
    -0.153 0.932806 0.805461 0.640449 0.359551 0.366131 0.783626 0.216374 0.993684 0.864469 0.904215 0.414690
    -0.092 0.924901 0.809689 0.617978 0.382022 0.372134 0.783626 0.216374 0.996451 0.863469 0.899308 0.387536
    -0.031 0.909091 0.818505 0.573034 0.426966 0.385168 0.783626 0.216374 1.002179 0.861423 0.889404 0.336632
     0.031 0.897233 0.822464 0.550562 0.449438 0.385431 0.780702 0.219298 1.003685 0.858223 0.881211 0.313679
     0.092 0.865613 0.823308 0.528090 0.471910 0.356214 0.763158 0.236842 0.997722 0.843931 0.856808 0.296939
     0.153 0.845850 0.826255 0.505618 0.494382 0.348210 0.754386 0.245614 0.996121 0.835938 0.841857 0.279412
     0.214 0.826087 0.839357 0.449438 0.550562 0.371407 0.754386 0.245614 1.004003 0.832669 0.828707 0.232240
     0.275 0.806324 0.842975 0.426966 0.573034 0.365929 0.745614 0.254386 1.002457 0.824242 0.813397 0.219811
     0.337 0.782609 0.849785 0.393258 0.606742 0.366610 0.736842 0.263158 1.002532 0.814815 0.795181 0.201911
     0.398 0.766798 0.854626 0.370787 0.629213 0.367791 0.730994 0.269006 1.002584 0.808333 0.782889 0.191866
     0.459 0.735178 0.869159 0.314607 0.685393 0.381314 0.722222 0.277778 1.006312 0.796574 0.758564 0.169108
     0.520 0.719368 0.875000 0.292135 0.707865 0.384004 0.716374 0.283626 1.006452 0.789588 0.745902 0.164097
     0.582 0.679842 0.886598 0.247191 0.752809 0.383143 0.698830 0.301170 1.002915 0.769575 0.713101 0.163605
     0.643 0.640316 0.880435 0.247191 0.752809 0.345978 0.669591 0.330409 0.982811 0.741419 0.677258 0.190476
     0.704 0.612648 0.906433 0.179775 0.820225 0.379857 0.666667 0.333333 0.992529 0.731132 0.655114 0.182361
     0.765 0.596838 0.920732 0.146067 0.853933 0.395894 0.663743 0.336257 0.996700 0.724221 0.642007 0.183875
     0.826 0.584980 0.925000 0.134831 0.865169 0.395836 0.657895 0.342105 0.994401 0.716707 0.631399 0.190421
     0.888 0.569170 0.929032 0.123596 0.876404 0.392725 0.649123 0.350877 0.989691 0.705882 0.616967 0.200890
     0.949 0.537549 0.944444 0.089888 0.910112 0.397824 0.634503 0.365497 0.984318 0.685139 0.588235 0.221940
     1.010 0.517787 0.942446 0.089888 0.910112 0.382244 0.619883 0.380117 0.971570 0.668367 0.569070 0.240610
     1.071 0.478261 0.945312 0.078652 0.921348 0.362309 0.593567 0.406433 0.949020 0.635171 0.530702 0.278398
     1.132 0.466403 0.944000 0.078652 0.921348 0.353284 0.584795 0.415205 0.940239 0.624339 0.518909 0.290912
     1.194 0.442688 0.949153 0.067416 0.932584 0.346367 0.570175 0.429825 0.926897 0.603774 0.495575 0.315142
     1.255 0.415020 0.945946 0.067416 0.932584 0.325741 0.549708 0.450292 0.903874 0.576923 0.467498 0.346747
     1.316 0.395257 0.961538 0.044944 0.955056 0.334123 0.540936 0.459064 0.896861 0.560224 0.448029 0.367734
     1.377 0.375494 0.969388 0.033708 0.966292 0.331667 0.529240 0.470760 0.883721 0.541311 0.427928 0.391144
     1.438 0.351779 0.967391 0.033708 0.966292 0.314713 0.511696 0.488304 0.859903 0.515942 0.403080 0.421327
     1.500 0.332016 0.965517 0.033708 0.966292 0.300532 0.497076 0.502924 0.838602 0.494118 0.382166 0.447339
     1.561 0.324111 0.976190 0.022472 0.977528 0.307463 0.494152 0.505848 0.835314 0.486647 0.374088 0.457331
     1.622 0.300395 0.974359 0.022472 0.977528 0.290624 0.476608 0.523392 0.807080 0.459215 0.348624 0.489952
     1.683 0.280632 0.972603 0.022472 0.977528 0.276444 0.461988 0.538012 0.781651 0.435583 0.327189 0.517995
     1.744 0.268775 0.971429 0.022472 0.977528 0.267850 0.453216 0.546784 0.765478 0.421053 0.314233 0.535195
     1.806 0.245059 0.968750 0.022472 0.977528 0.250405 0.435673 0.564327 0.730845 0.391167 0.288104 0.570440
     1.867 0.233202 0.967213 0.022472 0.977528 0.241525 0.426901 0.573099 0.712274 0.375796 0.274930 0.588485
     1.928 0.217391 0.964912 0.022472 0.977528 0.229483 0.415205 0.584795 0.686071 0.354839 0.257250 0.612981
     1.989 0.177866 0.957447 0.022472 0.977528 0.198029 0.385965 0.614035 0.612245 0.300000 0.212465 0.676410
     2.050 0.177866 0.957447 0.022472 0.977528 0.198029 0.385965 0.614035 0.612245 0.300000 0.212465 0.676410
     2.112 0.169960 1.000000 0.000000 1.000000 0.224923 0.385965 0.614035 0.607059 0.290541 0.203791 0.688966
     2.173 0.169960 1.000000 0.000000 1.000000 0.224923 0.385965 0.614035 0.607059 0.290541 0.203791 0.688966
     2.234 0.162055 1.000000 0.000000 1.000000 0.218899 0.380117 0.619883 0.589928 0.278912 0.194682 0.702151
     2.295 0.146245 1.000000 0.000000 1.000000 0.206579 0.368421 0.631579 0.553616 0.255172 0.176358 0.728897
     2.357 0.134387 1.000000 0.000000 1.000000 0.197060 0.359649 0.640351 0.524422 0.236934 0.162524 0.749285
     2.418 0.126482 1.000000 0.000000 1.000000 0.190559 0.353801 0.646199 0.503937 0.224561 0.153257 0.763033
     2.479 0.102767 1.000000 0.000000 1.000000 0.170129 0.336257 0.663743 0.436975 0.186380 0.125241 0.805027
     2.540 0.094862 1.000000 0.000000 1.000000 0.162940 0.330409 0.669591 0.412607 0.173285 0.115830 0.819275
     2.601 0.086957 1.000000 0.000000 1.000000 0.155515 0.324561 0.675439 0.387097 0.160000 0.106383 0.833648
     2.663 0.075099 1.000000 0.000000 1.000000 0.143850 0.315789 0.684211 0.346505 0.139706 0.092144 0.855442
     2.724 0.075099 1.000000 0.000000 1.000000 0.143850 0.315789 0.684211 0.346505 0.139706 0.092144 0.855442
     2.785 0.071146 1.000000 0.000000 1.000000 0.139797 0.312865 0.687135 0.332308 0.132841 0.087379 0.862769
     2.846 0.067194 1.000000 0.000000 1.000000 0.135649 0.309942 0.690058 0.317757 0.125926 0.082604 0.870128
     2.907 0.059289 1.000000 0.000000 1.000000 0.127030 0.304094 0.695906 0.287540 0.111940 0.073028 0.884938
     2.969 0.055336 1.000000 0.000000 1.000000 0.122535 0.301170 0.698830 0.271845 0.104869 0.068226 0.892390
     3.030 0.051383 1.000000 0.000000 1.000000 0.117899 0.298246 0.701754 0.255738 0.097744 0.063415 0.899873
     3.091 0.043478 1.000000 0.000000 1.000000 0.108123 0.292398 0.707602 0.222222 0.083333 0.053763 0.914934
     3.152 0.043478 1.000000 0.000000 1.000000 0.108123 0.292398 0.707602 0.222222 0.083333 0.053763 0.914934
     3.213 0.043478 1.000000 0.000000 1.000000 0.108123 0.292398 0.707602 0.222222 0.083333 0.053763 0.914934
     3.275 0.039526 1.000000 0.000000 1.000000 0.102936 0.289474 0.710526 0.204778 0.076046 0.048924 0.922511
     3.336 0.039526 1.000000 0.000000 1.000000 0.102936 0.289474 0.710526 0.204778 0.076046 0.048924 0.922511
     3.397 0.035573 1.000000 0.000000 1.000000 0.097507 0.286550 0.713450 0.186851 0.068702 0.044074 0.930119
     3.458 0.031621 1.000000 0.000000 1.000000 0.091792 0.283626 0.716374 0.168421 0.061303 0.039216 0.937759
     3.519 0.023715 1.000000 0.000000 1.000000 0.079258 0.277778 0.722222 0.129964 0.046332 0.029470 0.953132
     3.581 0.023715 1.000000 0.000000 1.000000 0.079258 0.277778 0.722222 0.129964 0.046332 0.029470 0.953132
     3.642 0.023715 1.000000 0.000000 1.000000 0.079258 0.277778 0.722222 0.129964 0.046332 0.029470 0.953132
     3.703 0.019763 1.000000 0.000000 1.000000 0.072245 0.274854 0.725146 0.109890 0.038760 0.024582 0.960865
     3.764 0.019763 1.000000 0.000000 1.000000 0.072245 0.274854 0.725146 0.109890 0.038760 0.024582 0.960865
     3.825 0.015810 1.000000 0.000000 1.000000 0.064522 0.271930 0.728070 0.089219 0.031128 0.019685 0.968629
     3.887 0.015810 1.000000 0.000000 1.000000 0.064522 0.271930 0.728070 0.089219 0.031128 0.019685 0.968629
     3.948 0.015810 1.000000 0.000000 1.000000 0.064522 0.271930 0.728070 0.089219 0.031128 0.019685 0.968629
     4.009 0.011858 1.000000 0.000000 1.000000 0.055795 0.269006 0.730994 0.067925 0.023438 0.014778 0.976425
     4.070 0.011858 1.000000 0.000000 1.000000 0.055795 0.269006 0.730994 0.067925 0.023438 0.014778 0.976425
     4.131 0.007905 1.000000 0.000000 1.000000 0.045489 0.266082 0.733918 0.045977 0.015686 0.009862 0.984252
     4.193 0.007905 1.000000 0.000000 1.000000 0.045489 0.266082 0.733918 0.045977 0.015686 0.009862 0.984252
     4.254 0.007905 1.000000 0.000000 1.000000 0.045489 0.266082 0.733918 0.045977 0.015686 0.009862 0.984252
     4.315 0.007905 1.000000 0.000000 1.000000 0.045489 0.266082 0.733918 0.045977 0.015686 0.009862 0.984252
     4.376 0.003953 1.000000 0.000000 1.000000 0.032119 0.263158 0.736842 0.023346 0.007874 0.004936 0.992110
# AUC_ROC= 0.793    AUC_PRC= 0.913    Best_ROC thr= 0.582   TPR= 0.680   FPR= 0.247    BestMCC= 0.398   thr= 0.949   TPR= 0.538   FPR= 0.090  
#   AUC_R   AUC_P   THROC    Sen     Spe     BMCC    TH     Sen     Spe
#   0.793   0.913   0.582   0.680   0.753   0.398   0.949   0.538   0.910
