1AMQ CA191F  C F  1  4 -1 -1 -1   -1.600    -2.461882      0.743      0.862     2.346318    -0.115564  93  -1   -1.000
1AMQ CA191S  C S  1 15 -1 -1 -1   -1.900    -1.920089      0.000      0.020     2.346318     0.426229  93  -1   -1.000
1AMQ CA191W  C W  1 18 -1 -1 -1   -3.900    -2.168274      2.999      1.732     2.346318     0.178044  93  -1   -1.000
1AMQ CA191Y  C Y  1 19 -1 -1 -1   -2.300    -3.134312      0.696      0.834     2.346318    -0.787994  93  -1   -1.000
1ARR PA8L    P L 12  9 -1 -1 -1    2.490     0.356089      4.554      2.134     0.309378     0.665467  15  -1   -1.000
1BNI FA7L    F L  4  9 -1 -1 -1   -4.100    -0.536980     12.695      3.563     1.981716     1.444736  59  -1   -1.000
1BNI IA51V   I V  7 17 -1 -1 -1   -1.100    -0.876846      0.050      0.223     2.513887     1.637041  71  -1   -1.000
1BNI IA76A   I A  7  0 -1 -1 -1   -1.700    -1.451722      0.062      0.248     2.603045     1.151323  67  -1   -1.000
1BNI IA76V   I V  7 17 -1 -1 -1   -1.000    -0.806194      0.038      0.194     2.603045     1.796851  67  -1   -1.000
1BNI IA88A   I A  7  0 -1 -1 -1   -4.000    -2.147762      3.431      1.852     3.150212     1.002450  75  -1   -1.000
1BNI IA88V   I V  7 17 -1 -1 -1   -1.600     0.191634      3.210      1.792     3.150212     3.341846  75  -1   -1.000
1BNI IA96A   I A  7  0 -1 -1 -1   -3.200    -2.493446      0.499      0.707     3.538582     1.045136  63  -1   -1.000
1BNI IA96V   I V  7 17 -1 -1 -1   -0.900    -0.088220      0.659      0.812     3.538582     3.450362  63  -1   -1.000
1BNI LA14A   L A  9  0 -1 -1 -1   -4.500    -0.906093     12.916      3.594     2.272321     1.366228  52  -1   -1.000
1BNI LA89V   L V  9 17 -1 -1 -1   -0.500     1.025238      2.326      1.525     2.189261     3.214499  76  -1   -1.000
1BNI SA91A   S A 15  0 -1 -1 -1   -1.800    -0.346357      2.113      1.454     0.828801     0.482444  54  -1   -1.000
1BNI TA26A   T A 16  0 -1 -1 -1   -1.700    -0.332355      1.870      1.368     1.018034     0.685679  56  -1   -1.000
1BNI YA78F   Y F 19  4 -1 -1 -1   -1.100    -1.193325      0.009      0.093     1.868121     0.674796  58  -1   -1.000
1CEY DA12A   D A  2  0 -1 -1 -1    2.500    -0.172645      7.143      2.673     0.902647     0.730002  64  -1   -1.000
1CEY DA13A   D A  2  0 -1 -1 -1    2.700    -0.306604      9.040      3.007     0.841809     0.535205  48  -1   -1.000
1CEY DA57A   D A  2  0 -1 -1 -1    3.300    -0.025047     11.056      3.325     0.794116     0.769069  72  -1   -1.000
1EY0 IA72L   I L  7  9 -1 -1 -1   -0.200    -0.676277      0.227      0.476     3.760869     3.084591  59  -1   -1.000
1EY0 IA72V   I V  7 17 -1 -1 -1   -1.200    -0.123229      1.159      1.077     3.760869     3.637639  59  -1   -1.000
1EY0 IA92V   I V  7 17 -1 -1 -1   -0.400    -0.828456      0.184      0.428     3.891194     3.062738  87  -1   -1.000
1EY0 KA116G  K G  8  5 -1 -1 -1    1.000    -0.216096      1.479      1.216     0.383995     0.167899  32  -1   -1.000
1EY0 LA25I   L I  9  7 -1 -1 -1   -1.700     0.614796      5.358      2.315     2.928477     3.543273  61  -1   -1.000
1EY0 PA117A  P A 12  0 -1 -1 -1    0.800    -0.835982      2.676      1.636     1.060098     0.224115  34  -1   -1.000
1EY0 PA117G  P G 12  5 -1 -1 -1    0.900    -1.308767      4.879      2.209     1.060098    -0.248670  34  -1   -1.000
1EY0 PA117T  P T 12 16 -1 -1 -1    1.100    -1.243828      5.494      2.344     1.060098    -0.183730  34  -1   -1.000
1EY0 SA128A  S A 15  0 -1 -1 -1    0.700     1.013886      0.099      0.314     0.461859     1.475745  48  -1   -1.000
1EY0 SA59A   S A 15  0 -1 -1 -1    0.500     0.790655      0.084      0.291     0.461944     1.252599  64  -1   -1.000
1EY0 TA120C  T C 16  1 -1 -1 -1   -1.700    -0.455043      1.550      1.245     0.454652    -0.000391  45  -1   -1.000
1EY0 TA120S  T S 16 15 -1 -1 -1   -0.600     0.032329      0.400      0.632     0.454652     0.486981  45  -1   -1.000
1EY0 TA120V  T V 16 17 -1 -1 -1   -1.800    -0.248832      2.406      1.551     0.454652     0.205820  45  -1   -1.000
1EY0 TA22C   T C 16  1 -1 -1 -1   -0.900    -1.136231      0.056      0.236     1.148821     0.012590  80  -1   -1.000
1EY0 TA22V   T V 16 17 -1 -1 -1   -0.900     0.946247      3.409      1.846     1.148821     2.095068  80  -1   -1.000
1EY0 TA33V   T V 16 17 -1 -1 -1    0.400     1.564487      1.356      1.164     1.178440     2.742927  57  -1   -1.000
1EY0 TA41C   T C 16  1 -1 -1 -1    0.600     0.223551      0.142      0.376     0.755320     0.978871  73  -1   -1.000
1EY0 TA41I   T I 16  7 -1 -1 -1    0.700     1.294504      0.353      0.595     0.755320     2.049824  73  -1   -1.000
1EY0 TA41S   T S 16 15 -1 -1 -1   -1.100    -0.184865      0.837      0.915     0.755320     0.570454  73  -1   -1.000
1EY0 TA41V   T V 16 17 -1 -1 -1    0.800     0.913299      0.013      0.113     0.755320     1.668619  73  -1   -1.000
1EY0 TA44V   T V 16 17 -1 -1 -1    0.100     0.108240      0.000      0.008     0.102493     0.210733  41  -1   -1.000
1EY0 TA62S   T S 16 15 -1 -1 -1   -2.100    -0.275491      3.329      1.825     0.600526     0.325035  75  -1   -1.000
1EY0 TA62V   T V 16 17 -1 -1 -1   -0.200     2.175780      5.644      2.376     0.600526     2.776306  75  -1   -1.000
1EY0 TA82S   T S 16 15 -1 -1 -1   -0.700    -0.370621      0.108      0.329     0.541482     0.170861  44  -1   -1.000
1EY0 VA23L   V L 17  9 -1 -1 -1   -0.100    -1.176072      1.158      1.076     3.261757     2.085685  79  -1   -1.000
1EY0 VA66I   V I 17  7 -1 -1 -1   -1.000     0.655501      2.741      1.656     2.397557     3.053057  63  -1   -1.000
1EY0 VA66K   V K 17  8 -1 -1 -1   -7.500    -2.047824     29.726      5.452     2.397557     0.349733  63  -1   -1.000
1EY0 VA66L   V L 17  9 -1 -1 -1   -0.300     0.583973      0.781      0.884     2.397557     2.981530  63  -1   -1.000
1IHB FA71N   F N  4 11 -1 -1 -1    0.700    -1.550903      5.067      2.251     2.030287     0.479383  58  -1   -1.000
1IHB FA82Q   F Q  4 13 -1 -1 -1   -0.400    -0.733689      0.111      0.334     2.082999     1.349310  60  -1   -1.000
1IHB FA92N   F N  4 11 -1 -1 -1   -1.100    -0.942370      0.025      0.158     1.929488     0.987118  48  -1   -1.000
1IOB TA9G    T G 16  5 -1 -1 -1   -2.600    -0.992482      2.584      1.608     1.206233     0.213750  71  -1   -1.000
1L63 AA129F  A F  0  4 -1 -1 -1   -1.200    -0.969584      0.053      0.230     2.594320     1.624737  52  -1   -1.000
1L63 AA129W  A W  0 18 -1 -1 -1   -2.200    -1.198025      1.004      1.002     2.594320     1.396295  52  -1   -1.000
1L63 AA130S  A S  0 15 -1 -1 -1   -1.000    -1.809857      0.656      0.810     2.366919     0.557062  57  -1   -1.000
1L63 AA134S  A S  0 15 -1 -1 -1   -0.100    -1.343607      1.547      1.244     1.971658     0.628051  49  -1   -1.000
1L63 AA41S   A S  0 15 -1 -1 -1   -0.600    -0.842406      0.059      0.242     1.221140     0.378734  36  -1   -1.000
1L63 AA42S   A S  0 15 -1 -1 -1   -2.300    -1.599644      0.490      0.700     1.853980     0.254335  45  -1   -1.000
1L63 AA42V   A V  0 17 -1 -1 -1   -2.700     0.106110      7.874      2.806     1.853980     1.960090  45  -1   -1.000
1L63 AA49S   A S  0 15 -1 -1 -1   -0.500    -1.232082      0.536      0.732     1.434943     0.202860  51  -1   -1.000
1L63 AA73S   A S  0 15 -1 -1 -1   -0.400    -1.024063      0.389      0.624     1.361657     0.337593  48  -1   -1.000
1L63 AA82S   A S  0 15 -1 -1 -1   -0.300    -0.582718      0.080      0.283     1.247741     0.665023  37  -1   -1.000
1L63 AA93S   A S  0 15 -1 -1 -1   -0.200    -1.191432      0.983      0.991     1.877136     0.685704  50  -1   -1.000
1L63 AA98C   A C  0  1 -1 -1 -1   -1.000    -2.086468      1.180      1.086     3.503071     1.416603  91  -1   -1.000
1L63 AA98L   A L  0  9 -1 -1 -1   -4.300    -1.335189      8.790      2.965     3.503071     2.167882  91  -1   -1.000
1L63 AA98S   A S  0 15 -1 -1 -1   -2.500    -2.772912      0.074      0.273     3.503071     0.730159  91  -1   -1.000
1L63 AA98V   A V  0 17 -1 -1 -1   -3.200    -1.161990      4.153      2.038     3.503071     2.341081  91  -1   -1.000
1L63 DA20A   D A  2  0 -1 -1 -1   -0.300    -0.539452      0.057      0.239     0.851423     0.311970  56  -1   -1.000
1L63 DA20N   D N  2 11 -1 -1 -1    1.300     0.145711      1.332      1.154     0.851423     0.997133  56  -1   -1.000
1L63 DA20S   D S  2 15 -1 -1 -1    0.700    -0.566075      1.603      1.266     0.851423     0.285348  56  -1   -1.000
1L63 DA47A   D A  2  0 -1 -1 -1   -1.000     0.416333      2.006      1.416     0.664470     1.080803  45  -1   -1.000
1L63 DA72P   D P  2 12 -1 -1 -1   -2.700    -1.094615      2.577      1.605     0.665513    -0.429103  49  -1   -1.000
1L63 DA92N   D N  2 11 -1 -1 -1   -1.400    -0.263982      1.291      1.136     1.338035     1.074053  45  -1   -1.000
1L63 EA11H   E H  3  6 -1 -1 -1    0.100    -0.263061      0.132      0.363     1.060662     0.797600  69  -1   -1.000
1L63 EA11N   E N  3 11 -1 -1 -1   -0.100    -0.631032      0.282      0.531     1.060662     0.429629  69  -1   -1.000
1L63 FA104M  F M  4 10 -1 -1 -1   -0.400    -2.157798      3.090      1.758     3.617667     1.459869  80  -1   -1.000
1L63 FA153A  F A  4  0 -1 -1 -1   -3.800    -4.605129      0.648      0.805     5.778357     1.173227  72  -1   -1.000
1L63 FA153I  F I  4  7 -1 -1 -1   -0.200    -3.011427      7.904      2.811     5.778357     2.766929  72  -1   -1.000
1L63 FA153L  F L  4  9 -1 -1 -1    0.300    -2.557251      8.164      2.857     5.778357     3.221106  72  -1   -1.000
1L63 FA153M  F M  4 10 -1 -1 -1   -0.600    -3.613975      9.084      3.014     5.778357     2.164382  72  -1   -1.000
1L63 FA153V  F V  4 17 -1 -1 -1   -1.800    -4.319961      6.350      2.520     5.778357     1.458395  72  -1   -1.000
1L63 FA67A   F A  4  0 -1 -1 -1   -1.900    -1.929507      0.001      0.030     2.836081     0.906574  63  -1   -1.000
1L63 IA100A  I A  7  0 -1 -1 -1   -3.400    -3.242767      0.025      0.157     5.108022     1.865254  83  -1   -1.000
1L63 IA100M  I M  7 10 -1 -1 -1   -1.600    -2.241908      0.412      0.642     5.108022     2.866113  83  -1   -1.000
1L63 IA100V  I V  7 17 -1 -1 -1   -0.400    -2.296582      3.597      1.897     5.108022     2.811440  83  -1   -1.000
1L63 IA17A   I A  7  0 -1 -1 -1   -2.700    -2.392298      0.095      0.308     3.379538     0.987240  55  -1   -1.000
1L63 IA27A   I A  7  0 -1 -1 -1   -3.100    -3.411465      0.097      0.311     4.624411     1.212945  66  -1   -1.000
1L63 IA27M   I M  7 10 -1 -1 -1   -3.100    -2.592793      0.257      0.507     4.624411     2.031618  66  -1   -1.000
1L63 IA29A   I A  7  0 -1 -1 -1   -2.600    -4.579888      3.920      1.980     4.439143    -0.140746  65  -1   -1.000
1L63 IA50A   I A  7  0 -1 -1 -1   -2.000    -1.706455      0.086      0.294     2.461243     0.754788  44  -1   -1.000
1L63 IA50M   I M  7 10 -1 -1 -1   -0.400    -1.227870      0.685      0.828     2.461243     1.233373  44  -1   -1.000
1L63 IA58A   I A  7  0 -1 -1 -1   -3.200    -2.325169      0.765      0.875     2.900155     0.574986  46  -1   -1.000
1L63 IA58T   I T  7 16 -1 -1 -1   -3.400    -2.662686      0.544      0.737     2.900155     0.237469  46  -1   -1.000
1L63 IA78A   I A  7  0 -1 -1 -1   -1.200    -2.819088      2.621      1.619     3.994601     1.175513  53  -1   -1.000
1L63 IA78M   I M  7 10 -1 -1 -1   -1.500    -1.221109      0.078      0.279     3.994601     2.773492  53  -1   -1.000
1L63 IA78V   I V  7 17 -1 -1 -1   -0.800    -1.427909      0.394      0.628     3.994601     2.566692  53  -1   -1.000
1L63 KA43A   K A  8  0 -1 -1 -1   -1.000     0.042638      1.087      1.043     1.255203     1.297840  45  -1   -1.000
1L63 LA118A  L A  9  0 -1 -1 -1   -3.200    -2.323766      0.768      0.876     3.637915     1.314149  67  -1   -1.000
1L63 LA118M  L M  9 10 -1 -1 -1   -0.700    -1.780675      1.168      1.081     3.637915     1.857240  67  -1   -1.000
1L63 LA121M  L M  9 10 -1 -1 -1   -0.800    -2.107807      1.710      1.308     4.003545     1.895738  59  -1   -1.000
1L63 LA133F  L F  9  4 -1 -1 -1   -0.300    -0.608769      0.095      0.309     3.465894     2.857125  62  -1   -1.000
1L63 LA133M  L M  9 10 -1 -1 -1   -0.400    -0.499101      0.010      0.099     3.465894     2.966793  62  -1   -1.000
1L63 LA46A   L A  9  0 -1 -1 -1   -1.900    -1.892215      0.000      0.008     3.286755     1.394540  54  -1   -1.000
1L63 LA66M   L M  9 10 -1 -1 -1   -1.000    -0.816182      0.034      0.184     2.599880     1.783697  63  -1   -1.000
1L63 LA84A   L A  9  0 -1 -1 -1   -2.600    -2.700823      0.010      0.101     3.947879     1.247056  56  -1   -1.000
1L63 LA84M   L M  9 10 -1 -1 -1   -1.900    -2.249432      0.122      0.349     3.947879     1.698447  56  -1   -1.000
1L63 LA91A   L A  9  0 -1 -1 -1   -2.600    -2.518577      0.007      0.081     3.604227     1.085650  54  -1   -1.000
1L63 LA91M   L M  9 10 -1 -1 -1   -0.800    -1.847299      1.097      1.047     3.604227     1.756928  54  -1   -1.000
1L63 LA99A   L A  9  0 -1 -1 -1   -4.500    -3.070432      2.044      1.430     4.552584     1.482152  93  -1   -1.000
1L63 LA99F   L F  9  4 -1 -1 -1   -0.300    -2.040270      3.029      1.740     4.552584     2.512314  93  -1   -1.000
1L63 LA99I   L I  9  7 -1 -1 -1   -1.500    -1.344834      0.024      0.155     4.552584     3.207750  93  -1   -1.000
1L63 LA99M   L M  9 10 -1 -1 -1   -0.600    -1.372215      0.596      0.772     4.552584     3.180370  93  -1   -1.000
1L63 LA99V   L V  9 17 -1 -1 -1   -2.000    -2.038311      0.001      0.038     4.552584     2.514274  93  -1   -1.000
1L63 MA102L  M L 10  9 -1 -1 -1   -1.000    -3.445992      5.983      2.446     6.418321     2.972329  99  -1   -1.000
1L63 MA106I  M I 10  7 -1 -1 -1    0.200    -2.154323      5.543      2.354     3.313417     1.159095  75  -1   -1.000
1L63 MA106K  M K 10  8 -1 -1 -1   -3.400    -2.766210      0.402      0.634     3.313417     0.547207  75  -1   -1.000
1L63 MA106L  M L 10  9 -1 -1 -1    0.500    -2.194571      7.261      2.695     3.313417     1.118846  75  -1   -1.000
1L63 MA120K  M K 10  8 -1 -1 -1   -1.600    -2.399459      0.639      0.799     3.037286     0.637827  48  -1   -1.000
1L63 MA120L  M L 10  9 -1 -1 -1    0.500    -1.715678      4.909      2.216     3.037286     1.321608  48  -1   -1.000
1L63 MA120Y  M Y 10 19 -1 -1 -1   -0.100    -1.398754      1.687      1.299     3.037286     1.638532  48  -1   -1.000
1L63 MA6A    M A 10  0 -1 -1 -1   -1.900    -2.234956      0.112      0.335     3.743117     1.508161  59  -1   -1.000
1L63 MA6L    M L 10  9 -1 -1 -1   -2.800    -1.501471      1.686      1.299     3.743117     2.241646  59  -1   -1.000
1L63 NA101A  N A 11  0 -1 -1 -1   -1.500    -0.583603      0.840      0.916     2.389062     1.805459  90  -1   -1.000
1L63 NA144E  N E 11  3 -1 -1 -1    0.500    -0.454810      0.912      0.955     1.152113     0.697303  43  -1   -1.000
1L63 QA105M  Q M 13 10 -1 -1 -1   -1.200    -0.887242      0.098      0.313     2.068962     1.181721  81  -1   -1.000
1L63 SA117F  S F 15  4 -1 -1 -1    1.100     0.829580      0.073      0.270     1.438082     2.267662  62  -1   -1.000
1L63 SA38N   S N 15 11 -1 -1 -1   -0.010    -0.213350      0.041      0.203     0.788195     0.574845  29  -1   -1.000
1L63 SA44A   S A 15  0 -1 -1 -1    0.300     0.180565      0.014      0.119     0.778562     0.959126  39  -1   -1.000
1L63 SA44E   S E 15  3 -1 -1 -1    0.001    -0.026006      0.001      0.027     0.778562     0.752556  39  -1   -1.000
1L63 SA44F   S F 15  4 -1 -1 -1    0.100     0.062908      0.001      0.037     0.778562     0.841469  39  -1   -1.000
1L63 SA44G   S G 15  5 -1 -1 -1   -0.500    -0.574923      0.006      0.075     0.778562     0.203639  39  -1   -1.000
1L63 SA44I   S I 15  7 -1 -1 -1    0.300    -0.104684      0.164      0.405     0.778562     0.673877  39  -1   -1.000
1L63 SA44K   S K 15  8 -1 -1 -1    0.200     0.076920      0.015      0.123     0.778562     0.855482  39  -1   -1.000
1L63 SA44L   S L 15  9 -1 -1 -1    0.400    -0.091971      0.242      0.492     0.778562     0.686591  39  -1   -1.000
1L63 SA44N   S N 15 11 -1 -1 -1   -0.100    -0.174887      0.006      0.075     0.778562     0.603674  39  -1   -1.000
1L63 SA44P   S P 15 12 -1 -1 -1   -3.000    -1.343173      2.745      1.657     0.778562    -0.564611  39  -1   -1.000
1L63 SA44R   S R 15 14 -1 -1 -1    0.200     0.489453      0.084      0.289     0.778562     1.268015  39  -1   -1.000
1L63 SA44T   S T 15 16 -1 -1 -1    0.010    -0.280139      0.084      0.290     0.778562     0.498423  39  -1   -1.000
1L63 SA44V   S V 15 17 -1 -1 -1    0.100     0.092180      0.000      0.008     0.778562     0.870742  39  -1   -1.000
1L63 TA109D  T D 16  2 -1 -1 -1    0.600    -0.295237      0.801      0.895     0.999762     0.704525  43  -1   -1.000
1L63 TA109N  T N 16 11 -1 -1 -1    0.100    -0.497564      0.357      0.598     0.999762     0.502198  43  -1   -1.000
1L63 TA152A  T A 16  0 -1 -1 -1   -1.500    -0.370051      1.277      1.130     1.963877     1.593826  66  -1   -1.000
1L63 TA152C  T C 16  1 -1 -1 -1   -0.500    -1.173561      0.454      0.674     1.963877     0.790317  66  -1   -1.000
1L63 TA152I  T I 16  7 -1 -1 -1   -0.400     0.374572      0.600      0.775     1.963877     2.338449  66  -1   -1.000
1L63 TA152S  T S 16 15 -1 -1 -1   -2.000    -1.430760      0.324      0.569     1.963877     0.533117  66  -1   -1.000
1L63 TA152V  T V 16 17 -1 -1 -1    0.200    -0.135150      0.112      0.335     1.963877     1.828727  66  -1   -1.000
1L63 TA59A   T A 16  0 -1 -1 -1   -1.500    -0.780759      0.517      0.719     1.251451     0.470692  38  -1   -1.000
1L63 TA59D   T D 16  2 -1 -1 -1   -1.200    -0.481551      0.516      0.718     1.251451     0.769900  38  -1   -1.000
1L63 TA59G   T G 16  5 -1 -1 -1   -1.600    -0.706265      0.799      0.894     1.251451     0.545186  38  -1   -1.000
1L63 TA59N   T N 16 11 -1 -1 -1   -1.100    -0.289038      0.658      0.811     1.251451     0.962413  38  -1   -1.000
1L63 TA59S   T S 16 15 -1 -1 -1   -0.200    -0.426297      0.051      0.226     1.251451     0.825154  38  -1   -1.000
1L63 TA59V   T V 16 17 -1 -1 -1   -1.500    -0.982491      0.268      0.518     1.251451     0.268960  38  -1   -1.000
1L63 VA103A  V A 17  0 -1 -1 -1   -2.200    -1.754466      0.199      0.446     3.526734     1.772268  78  -1   -1.000
1L63 VA103I  V I 17  7 -1 -1 -1   -0.500    -0.925158      0.181      0.425     3.526734     2.601576  78  -1   -1.000
1L63 VA103M  V M 17 10 -1 -1 -1   -1.200    -1.129653      0.005      0.070     3.526734     2.397081  78  -1   -1.000
1L63 VA111A  V A 17  0 -1 -1 -1   -1.300    -2.593087      1.672      1.293     3.761418     1.168330  67  -1   -1.000
1L63 VA111I  V I 17  7 -1 -1 -1   -0.900    -1.292361      0.154      0.392     3.761418     2.469057  67  -1   -1.000
1L63 VA111M  V M 17 10 -1 -1 -1   -0.700    -1.988100      1.659      1.288     3.761418     1.773317  67  -1   -1.000
1L63 VA149A  V A 17  0 -1 -1 -1   -3.200    -2.527043      0.453      0.673     4.022492     1.495449  77  -1   -1.000
1L63 VA149C  V C 17  1 -1 -1 -1   -2.000    -3.167982      1.364      1.168     4.022492     0.854510  77  -1   -1.000
1L63 VA149G  V G 17  5 -1 -1 -1   -4.900    -4.050667      0.721      0.849     4.022492    -0.028175  77  -1   -1.000
1L63 VA149I  V I 17  7 -1 -1 -1   -0.100    -1.524232      2.028      1.424     4.022492     2.498260  77  -1   -1.000
1L63 VA149M  V M 17 10 -1 -1 -1   -2.800    -2.237895      0.316      0.562     4.022492     1.784597  77  -1   -1.000
1L63 VA149S  V S 17 15 -1 -1 -1   -4.400    -3.909628      0.240      0.490     4.022492     0.112864  77  -1   -1.000
1L63 VA149T  V T 17 16 -1 -1 -1   -2.800    -3.343321      0.295      0.543     4.022492     0.679171  77  -1   -1.000
1L63 VA75T   V T 17 16 -1 -1 -1   -1.300    -2.038387      0.545      0.738     2.518466     0.480079  55  -1   -1.000
1L63 VA87A   V A 17  0 -1 -1 -1   -1.700    -1.796442      0.009      0.096     3.252378     1.455936  61  -1   -1.000
1L63 VA87I   V I 17  7 -1 -1 -1   -0.300    -0.750147      0.203      0.450     3.252378     2.502231  61  -1   -1.000
1L63 VA87M   V M 17 10 -1 -1 -1   -2.300    -1.452854      0.718      0.847     3.252378     1.799524  61  -1   -1.000
1L63 VA87T   V T 17 16 -1 -1 -1   -1.600    -2.648466      1.099      1.048     3.252378     0.603911  61  -1   -1.000
1LZ1 AA47P   A P  0 12 -1 -1 -1    0.100     0.201697      0.010      0.102     0.373680     0.575377  24  -1   -1.000
1LZ1 CA77A   C A  1  0 -1 -1 -1   -4.600    -0.621996     15.825      3.978     1.530045     0.908049  52  -1   -1.000
1LZ1 DA91P   D P  2 12 -1 -1 -1   -0.400    -0.106119      0.086      0.294     0.932735     0.826617  58  -1   -1.000
1LZ1 IA106A  I A  7  0 -1 -1 -1   -0.900    -0.585917      0.099      0.314     1.978551     1.392634  60  -1   -1.000
1LZ1 IA106V  I V  7 17 -1 -1 -1   -0.700     0.008209      0.502      0.708     1.978551     1.986760  60  -1   -1.000
1LZ1 IA23A   I A  7  0 -1 -1 -1   -2.500    -1.979864      0.271      0.520     2.631360     0.651496  59  -1   -1.000
1LZ1 IA23V   I V  7 17 -1 -1 -1   -0.400    -0.211711      0.035      0.188     2.631360     2.419649  59  -1   -1.000
1LZ1 IA56A   I A  7  0 -1 -1 -1   -3.700    -3.107819      0.351      0.592     4.169627     1.061809  77  -1   -1.000
1LZ1 IA56T   I T  7 16 -1 -1 -1   -3.600    -3.653682      0.003      0.054     4.169627     0.515945  77  -1   -1.000
1LZ1 IA56V   I V  7 17 -1 -1 -1   -1.200    -3.033971      3.363      1.834     4.169627     1.135656  77  -1   -1.000
1LZ1 IA59A   I A  7  0 -1 -1 -1   -1.700    -3.512538      3.285      1.813     4.485661     0.973123  83  -1   -1.000
1LZ1 IA59G   I G  7  5 -1 -1 -1   -3.800    -4.242545      0.196      0.443     4.485661     0.243116  83  -1   -1.000
1LZ1 IA59V   I V  7 17 -1 -1 -1   -1.100    -1.616198      0.266      0.516     4.485661     2.869463  83  -1   -1.000
1LZ1 IA89A   I A  7  0 -1 -1 -1   -2.700    -2.932642      0.054      0.233     3.611773     0.679131  65  -1   -1.000
1LZ1 IA89V   I V  7 17 -1 -1 -1   -0.500    -2.418571      3.681      1.919     3.611773     1.193203  65  -1   -1.000
1LZ1 PA103G  P G 12  5 -1 -1 -1   -0.100    -1.014254      0.836      0.914     1.240474     0.226220  26  -1   -1.000
1LZ1 PA71G   P G 12  5 -1 -1 -1   -1.600    -0.858563      0.550      0.741     0.956486     0.097923  28  -1   -1.000
1LZ1 VA100A  V A 17  0 -1 -1 -1   -0.300    -1.494785      1.428      1.195     2.349978     0.855193  58  -1   -1.000
1LZ1 VA110A  V A 17  0 -1 -1 -1    0.500     0.269870      0.053      0.230     0.392288     0.662158  48  -1   -1.000
1LZ1 VA110D  V D 17  2 -1 -1 -1    0.200     0.242556      0.002      0.043     0.392288     0.634844  48  -1   -1.000
1LZ1 VA110F  V F 17  4 -1 -1 -1   -0.050    -0.068275      0.000      0.018     0.392288     0.324013  48  -1   -1.000
1LZ1 VA110G  V G 17  5 -1 -1 -1    0.480    -0.092592      0.328      0.573     0.392288     0.299696  48  -1   -1.000
1LZ1 VA110I  V I 17  7 -1 -1 -1    0.860    -0.094962      0.912      0.955     0.392288     0.297326  48  -1   -1.000
1LZ1 VA110L  V L 17  9 -1 -1 -1    0.100    -0.357997      0.210      0.458     0.392288     0.034291  48  -1   -1.000
1LZ1 VA110M  V M 17 10 -1 -1 -1    0.400     0.308835      0.008      0.091     0.392288     0.701123  48  -1   -1.000
1LZ1 VA110N  V N 17 11 -1 -1 -1    0.100     0.205433      0.011      0.105     0.392288     0.597721  48  -1   -1.000
1LZ1 VA110P  V P 17 12 -1 -1 -1    0.500     0.493458      0.000      0.007     0.392288     0.885746  48  -1   -1.000
1LZ1 VA110R  V R 17 14 -1 -1 -1    0.900     0.470636      0.184      0.429     0.392288     0.862924  48  -1   -1.000
1LZ1 VA110Y  V Y 17 19 -1 -1 -1   -0.100     0.095949      0.038      0.196     0.392288     0.488237  48  -1   -1.000
1LZ1 VA121A  V A 17  0 -1 -1 -1   -1.400    -1.019589      0.145      0.380     1.816508     0.796919  46  -1   -1.000
1LZ1 VA125A  V A 17  0 -1 -1 -1   -1.300    -1.836245      0.288      0.536     2.087015     0.250770  46  -1   -1.000
1LZ1 VA130A  V A 17  0 -1 -1 -1   -0.800    -0.956476      0.024      0.156     1.416420     0.459944  35  -1   -1.000
1LZ1 VA2A    V A 17  0 -1 -1 -1   -1.500    -0.879018      0.386      0.621     1.122779     0.243761  43  -1   -1.000
1LZ1 VA2D    V D 17  2 -1 -1 -1   -1.400    -0.903418      0.247      0.497     1.122779     0.219361  43  -1   -1.000
1LZ1 VA2F    V F 17  4 -1 -1 -1   -0.800    -1.100895      0.091      0.301     1.122779     0.021884  43  -1   -1.000
1LZ1 VA2G    V G 17  5 -1 -1 -1   -2.290    -1.191936      1.206      1.098     1.122779    -0.069156  43  -1   -1.000
1LZ1 VA2I    V I 17  7 -1 -1 -1    1.100    -0.567221      2.780      1.667     1.122779     0.555558  43  -1   -1.000
1LZ1 VA2L    V L 17  9 -1 -1 -1   -0.050    -1.128179      1.162      1.078     1.122779    -0.005399  43  -1   -1.000
1LZ1 VA2M    V M 17 10 -1 -1 -1   -0.200    -0.501761      0.091      0.302     1.122779     0.621018  43  -1   -1.000
1LZ1 VA2N    V N 17 11 -1 -1 -1   -1.300    -0.684744      0.379      0.615     1.122779     0.438035  43  -1   -1.000
1LZ1 VA2R    V R 17 14 -1 -1 -1   -0.400    -0.531721      0.017      0.132     1.122779     0.591058  43  -1   -1.000
1LZ1 VA2S    V S 17 15 -1 -1 -1   -1.400    -0.909184      0.241      0.491     1.122779     0.213595  43  -1   -1.000
1LZ1 VA2Y    V Y 17 19 -1 -1 -1   -0.400    -0.525072      0.016      0.125     1.122779     0.597707  43  -1   -1.000
1LZ1 VA74A   V A 17  0 -1 -1 -1   -0.400    -0.243983      0.024      0.156     0.635609     0.391625  36  -1   -1.000
1LZ1 VA74D   V D 17  2 -1 -1 -1   -0.400    -0.364181      0.001      0.036     0.635609     0.271428  36  -1   -1.000
1LZ1 VA74F   V F 17  4 -1 -1 -1   -0.290    -0.559648      0.073      0.270     0.635609     0.075960  36  -1   -1.000
1LZ1 VA74G   V G 17  5 -1 -1 -1   -0.100    -0.592716      0.243      0.493     0.635609     0.042893  36  -1   -1.000
1LZ1 VA74I   V I 17  7 -1 -1 -1    0.450     0.265723      0.034      0.184     0.635609     0.901332  36  -1   -1.000
1LZ1 VA74L   V L 17  9 -1 -1 -1    0.190    -0.225468      0.173      0.415     0.635609     0.410140  36  -1   -1.000
1LZ1 VA74M   V M 17 10 -1 -1 -1    0.650    -0.174478      0.680      0.824     0.635609     0.461131  36  -1   -1.000
1LZ1 VA74N   V N 17 11 -1 -1 -1   -0.300    -0.477775      0.032      0.178     0.635609     0.157833  36  -1   -1.000
1LZ1 VA74R   V R 17 14 -1 -1 -1   -0.100     0.398441      0.248      0.498     0.635609     1.034050  36  -1   -1.000
1LZ1 VA74S   V S 17 15 -1 -1 -1   -0.400    -0.164357      0.056      0.236     0.635609     0.471251  36  -1   -1.000
1LZ1 VA74Y   V Y 17 19 -1 -1 -1   -0.300     0.873654      1.377      1.174     0.635609     1.509262  36  -1   -1.000
1LZ1 VA93A   V A 17  0 -1 -1 -1   -0.700    -2.115510      2.004      1.416     3.046643     0.931133  81  -1   -1.000
1LZ1 VA99A   V A 17  0 -1 -1 -1   -1.000    -1.097909      0.010      0.098     2.499162     1.401253  68  -1   -1.000
1LZ1 YA124F  Y F 19  4 -1 -1 -1   -0.400    -0.947273      0.300      0.547     2.580735     1.633462  51  -1   -1.000
1LZ1 YA20F   Y F 19  4 -1 -1 -1   -0.500    -1.037342      0.289      0.537     2.474095     1.436753  47  -1   -1.000
1LZ1 YA38F   Y F 19  4 -1 -1 -1   -0.200    -0.562694      0.132      0.363     3.211655     2.648962  63  -1   -1.000
1LZ1 YA45F   Y F 19  4 -1 -1 -1    0.100    -0.583099      0.467      0.683     1.592621     1.009522  42  -1   -1.000
1LZ1 YA54F   Y F 19  4 -1 -1 -1   -1.000    -4.234376     10.461      3.234     4.884520     0.650144  72  -1   -1.000
1LZ1 YA63F   Y F 19  4 -1 -1 -1   -0.200    -0.739698      0.291      0.540     2.363530     1.623833  60  -1   -1.000
1N0J IA58T   I T  7 16 -1 -1 -1   -2.700    -1.645119      1.113      1.055     2.037930     0.392811  77  -1   -1.000
1OH0 YA32F   Y F 19  4 -1 -1 -1    0.200     0.118663      0.007      0.081     3.582521     3.701184  65  -1   -1.000
1OH0 YA57F   Y F 19  4 -1 -1 -1   -1.200     0.256914      2.123      1.457     2.684194     2.941108  62  -1   -1.000
1RN1 QC25K   Q K 13  8 -1 -1 -1    0.930     0.197660      0.536      0.732     0.548250     0.745910  45  -1   -1.000
1VQB IA47L   I L  7  9 -1 -1 -1   -0.400    -0.718056      0.101      0.318     3.644823     2.926767  62  -1   -1.000
1VQB IA47M   I M  7 10 -1 -1 -1   -1.700    -1.243805      0.208      0.456     3.644823     2.401018  62  -1   -1.000
1VQB IA47V   I V  7 17 -1 -1 -1   -2.000    -0.367841      2.664      1.632     3.644823     3.276982  62  -1   -1.000
1VQB VA35I   V I 17  7 -1 -1 -1   -0.600    -0.679767      0.006      0.080     3.571920     2.892154  47  -1   -1.000
1VQB YA41F   Y F 19  4 -1 -1 -1   -3.200    -1.110186      4.367      2.090     1.261871     0.151685  20  -1   -1.000
2LZM AA82P   A P  0 12 -1 -1 -1    0.800     0.135795      0.441      0.664     1.169731     1.305526  36  -1   -1.000
2LZM AA98V   A V  0 17 -1 -1 -1   -4.900    -0.791355     16.881      4.109     3.221719     2.430364  93  -1   -1.000
2LZM DA89A   D A  2  0 -1 -1 -1   -0.500     0.054033      0.307      0.554     0.809722     0.863755  43  -1   -1.000
2LZM GA113A  G A  5  0 -1 -1 -1    0.300     0.046238      0.064      0.254     0.646343     0.692582  47  -1   -1.000
2LZM GA156D  G D  5  2 -1 -1 -1   -2.300    -1.139614      1.346      1.160     1.255649     0.116035  52  -1   -1.000
2LZM GA77A   G A  5  0 -1 -1 -1    0.400     0.915215      0.265      0.515     0.308676     1.223892  43  -1   -1.000
2LZM IA3C    I C  7  1 -1 -1 -1    1.200    -2.463969     13.425      3.664     3.055745     0.591776  64  -1   -1.000
2LZM IA3L    I L  7  9 -1 -1 -1    0.700    -1.096684      3.228      1.797     3.055745     1.959062  64  -1   -1.000
2LZM IA3P    I P  7 12 -1 -1 -1   -3.000    -2.526862      0.224      0.473     3.055745     0.528883  64  -1   -1.000
2LZM IA3V    I V  7 17 -1 -1 -1   -0.400    -1.255017      0.731      0.855     3.055745     1.800728  64  -1   -1.000
2LZM IA3Y    I Y  7 19 -1 -1 -1   -2.300    -1.123188      1.385      1.177     3.055745     1.932557  64  -1   -1.000
2LZM KA124G  K G  8  5 -1 -1 -1   -0.100    -0.603760      0.254      0.504     1.211553     0.607794  44  -1   -1.000
2LZM KA135E  K E  8  3 -1 -1 -1   -1.000    -0.506724      0.243      0.493     1.278703     0.771979  41  -1   -1.000
2LZM KA147E  K E  8  3 -1 -1 -1   -0.700    -0.523233      0.031      0.177     1.408570     0.885337  60  -1   -1.000
2LZM KA16E   K E  8  3 -1 -1 -1    0.500    -0.727153      1.506      1.227     1.373116     0.645963  51  -1   -1.000
2LZM KA60P   K P  8 12 -1 -1 -1   -0.001    -0.092140      0.008      0.091     1.032604     0.940464  42  -1   -1.000
2LZM KA85A   K A  8  0 -1 -1 -1   -0.600    -0.297811      0.091      0.302     1.387893     1.090082  51  -1   -1.000
2LZM LA133A  L A  9  0 -1 -1 -1   -4.200    -1.842631      5.557      2.357     3.455183     1.612551  62  -1   -1.000
2LZM MA6I    M I 10  7 -1 -1 -1   -1.400    -1.352834      0.002      0.047     3.739355     2.386521  61  -1   -1.000
2LZM NA116D  N D 11  2 -1 -1 -1    0.600    -0.738026      1.790      1.338     1.400744     0.662719  44  -1   -1.000
2LZM NA144D  N D 11  2 -1 -1 -1    0.400    -0.547773      0.898      0.948     1.128521     0.580748  45  -1   -1.000
2LZM NA55G   N G 11  5 -1 -1 -1   -0.600    -0.706655      0.011      0.107     1.182879     0.476225  35  -1   -1.000
2LZM QA105A  Q A 13  0 -1 -1 -1   -0.600    -1.249850      0.422      0.650     2.164323     0.914473  81  -1   -1.000
2LZM QA105E  Q E 13  3 -1 -1 -1   -1.100    -1.523942      0.180      0.424     2.164323     0.640381  81  -1   -1.000
2LZM QA105G  Q G 13  5 -1 -1 -1   -1.500    -2.273105      0.598      0.773     2.164323    -0.108782  81  -1   -1.000
2LZM QA123E  Q E 13  3 -1 -1 -1    0.400    -0.633265      1.068      1.033     1.184024     0.550760  36  -1   -1.000
2LZM RA119E  R E 14  3 -1 -1 -1   -0.040    -0.953772      0.835      0.914     1.681095     0.727323  49  -1   -1.000
2LZM RA154E  R E 14  3 -1 -1 -1   -1.100    -1.993534      0.798      0.894     2.532439     0.538905  56  -1   -1.000
2LZM RA96A   R A 14  0 -1 -1 -1   -2.000    -1.496297      0.254      0.504     3.213649     1.717352  74  -1   -1.000
2LZM RA96D   R D 14  2 -1 -1 -1   -3.500    -2.809786      0.476      0.690     3.213649     0.403863  74  -1   -1.000
2LZM RA96E   R E 14  3 -1 -1 -1   -2.500    -2.196264      0.092      0.304     3.213649     1.017384  74  -1   -1.000
2LZM RA96G   R G 14  5 -1 -1 -1   -2.600    -3.002064      0.162      0.402     3.213649     0.211585  74  -1   -1.000
2LZM RA96H   R H 14  6 -1 -1 -1   -3.100    -2.969509      0.017      0.130     3.213649     0.244139  74  -1   -1.000
2LZM RA96K   R K 14  8 -1 -1 -1   -0.001    -2.131402      4.539      2.130     3.213649     1.082246  74  -1   -1.000
2LZM RA96M   R M 14 10 -1 -1 -1   -2.700    -0.635669      4.261      2.064     3.213649     2.577980  74  -1   -1.000
2LZM RA96N   R N 14 11 -1 -1 -1   -3.000    -2.299450      0.491      0.701     3.213649     0.914198  74  -1   -1.000
2LZM RA96Q   R Q 14 13 -1 -1 -1   -0.300    -1.665626      1.865      1.366     3.213649     1.548023  74  -1   -1.000
2LZM RA96S   R S 14 15 -1 -1 -1   -2.600    -2.570410      0.001      0.030     3.213649     0.643238  74  -1   -1.000
2LZM RA96V   R V 14 17 -1 -1 -1   -2.400    -1.430936      0.939      0.969     3.213649     1.782712  74  -1   -1.000
2LZM RA96W   R W 14 18 -1 -1 -1   -4.500    -1.814282      7.213      2.686     3.213649     1.399366  74  -1   -1.000
2LZM RA96Y   R Y 14 19 -1 -1 -1   -4.700    -1.516654     10.134      3.183     3.213649     1.696994  74  -1   -1.000
2LZM SA38D   S D 15  2 -1 -1 -1    0.600    -0.149917      0.562      0.750     0.737989     0.588072  29  -1   -1.000
2LZM TA115E  T E 16  3 -1 -1 -1    0.300    -0.413768      0.509      0.714     1.074369     0.660601  47  -1   -1.000
2LZM TA152S  T S 16 15 -1 -1 -1   -2.600    -1.365673      1.524      1.234     1.797252     0.431579  68  -1   -1.000
2LZM TA157A  T A 16  0 -1 -1 -1   -0.500    -2.719225      4.925      2.219     1.506797    -1.212428  45  -1   -1.000
2LZM TA157C  T C 16  1 -1 -1 -1   -1.300    -1.471427      0.029      0.171     1.506797     0.035369  45  -1   -1.000
2LZM TA157D  T D 16  2 -1 -1 -1   -1.100    -0.924043      0.031      0.176     1.506797     0.582754  45  -1   -1.000
2LZM TA157E  T E 16  3 -1 -1 -1   -0.800    -1.111551      0.097      0.312     1.506797     0.395246  45  -1   -1.000
2LZM TA157F  T F 16  4 -1 -1 -1   -2.400    -1.742967      0.432      0.657     1.506797    -0.236170  45  -1   -1.000
2LZM TA157G  T G 16  5 -1 -1 -1   -1.100    -1.082325      0.000      0.018     1.506797     0.424472  45  -1   -1.000
2LZM TA157H  T H 16  6 -1 -1 -1   -2.100    -0.941438      1.342      1.159     1.506797     0.565359  45  -1   -1.000
2LZM TA157I  T I 16  7 -1 -1 -1   -1.500    -2.043893      0.296      0.544     1.506797    -0.537096  45  -1   -1.000
2LZM TA157L  T L 16  9 -1 -1 -1   -1.700    -1.594871      0.011      0.105     1.506797    -0.088074  45  -1   -1.000
2LZM TA157N  T N 16 11 -1 -1 -1   -1.200    -0.699060      0.251      0.501     1.506797     0.807737  45  -1   -1.000
2LZM TA157R  T R 16 14 -1 -1 -1    0.300    -0.731806      1.065      1.032     1.506797     0.774991  45  -1   -1.000
2LZM TA157S  T S 16 15 -1 -1 -1   -0.700    -0.891979      0.037      0.192     1.506797     0.614818  45  -1   -1.000
2LZM TA157V  T V 16 17 -1 -1 -1   -1.200    -2.207165      1.014      1.007     1.506797    -0.700368  45  -1   -1.000
2LZM VA131A  V A 17  0 -1 -1 -1    0.300    -0.618318      0.843      0.918     1.702525     1.084206  45  -1   -1.000
2LZM VA131D  V D 17  2 -1 -1 -1    0.100    -1.039095      1.298      1.139     1.702525     0.663429  45  -1   -1.000
2LZM VA131E  V E 17  3 -1 -1 -1    0.200    -0.843985      1.090      1.044     1.702525     0.858540  45  -1   -1.000
2LZM VA131G  V G 17  5 -1 -1 -1   -0.700    -1.541344      0.708      0.841     1.702525     0.161181  45  -1   -1.000
2LZM VA131I  V I 17  7 -1 -1 -1    0.200    -1.048856      1.560      1.249     1.702525     0.653669  45  -1   -1.000
2LZM VA131L  V L 17  9 -1 -1 -1    0.100    -0.871831      0.944      0.972     1.702525     0.830693  45  -1   -1.000
2LZM VA131M  V M 17 10 -1 -1 -1    0.100    -0.697861      0.637      0.798     1.702525     1.004663  45  -1   -1.000
2LZM VA131S  V S 17 15 -1 -1 -1   -0.100    -1.146290      1.095      1.046     1.702525     0.556235  45  -1   -1.000
2LZM VA149C  V C 17  1 -1 -1 -1   -2.200    -3.530758      1.771      1.331     4.250059     0.719301  79  -1   -1.000
2RN2 AA52F   A F  0  4 -1 -1 -1   -0.500     0.316078      0.666      0.816     2.576597     2.892675  95  -1   -1.000
2RN2 AA52I   A I  0  7 -1 -1 -1    1.900     1.418058      0.232      0.482     2.576597     3.994655  95  -1   -1.000
2RN2 AA52L   A L  0  9 -1 -1 -1    1.300     0.941996      0.128      0.358     2.576597     3.518593  95  -1   -1.000
2RN2 AA52V   A V  0 17 -1 -1 -1    1.700     0.194905      2.265      1.505     2.576597     2.771502  95  -1   -1.000
2RN2 DA10N   D N  2 11 -1 -1 -1    0.900    -0.471778      1.882      1.372     1.150572     0.678794  80  -1   -1.000
2RN2 DA134A  D A  2  0 -1 -1 -1    2.100     0.553601      2.391      1.546     0.747307     1.300908  67  -1   -1.000
2RN2 DA134H  D H  2  6 -1 -1 -1    2.300    -0.141726      5.962      2.442     0.747307     0.605581  67  -1   -1.000
2RN2 DA134N  D N  2 11 -1 -1 -1    1.000    -0.338778      1.792      1.339     0.747307     0.408529  67  -1   -1.000
2RN2 DA70N   D N  2 11 -1 -1 -1    0.900     0.081987      0.669      0.818     0.884685     0.966673  61  -1   -1.000
2RN2 EA48Q   E Q  3 13 -1 -1 -1    0.200    -0.546757      0.558      0.747     1.289849     0.743092  97  -1   -1.000
2RN2 GA77A   G A  5  0 -1 -1 -1   -0.900     0.999227      3.607      1.899     0.288151     1.287377  62  -1   -1.000
2RN2 HA62A   H A  6  0 -1 -1 -1    0.400     0.014063      0.149      0.386     0.425706     0.439769  36  -1   -1.000
2RN2 HA62P   H P  6 12 -1 -1 -1    1.100     0.998373      0.010      0.102     0.425706     1.424079  36  -1   -1.000
2RN2 KA95A   K A  8  0 -1 -1 -1    0.100    -0.252311      0.124      0.352     0.629053     0.376742  21  -1   -1.000
2RN2 KA95G   K G  8  5 -1 -1 -1    1.900    -0.084340      3.938      1.984     0.629053     0.544713  21  -1   -1.000
2RN2 KA95N   K N  8 11 -1 -1 -1    0.900     0.064512      0.698      0.835     0.629053     0.693565  21  -1   -1.000
2RN2 VA74I   V I 17  7 -1 -1 -1    0.450    -0.115970      0.320      0.566     2.293185     2.177215  75  -1   -1.000
2RN2 VA74L   V L 17  9 -1 -1 -1    0.190     0.310086      0.014      0.120     2.293185     2.603272  75  -1   -1.000
3ZCF GA41S   G S  5 15 -1 -1 -1   -3.900    -0.435200     12.005      3.465     0.869454     0.434255  54  -1   -1.000
3ZCF YA48H   Y H 19  6 -1 -1 -1   -5.560    -2.201753     11.278      3.358     2.857036     0.655283  45  -1   -1.000
4BVM FA57A   F A  4  0 -1 -1 -1   -1.910    -1.138772      0.595      0.771     1.779348     0.640576  35  -1   -1.000
4BVM IA42N   I N  7 11 -1 -1 -1   -7.630    -4.027454     12.978      3.603     4.284644     0.257190  61  -1   -1.000
4BVM IA51T   I T  7 16 -1 -1 -1   -5.170    -3.552058      2.618      1.618     4.440855     0.888797  77  -1   -1.000
4BVM PA38G   P G 12  5 -1 -1 -1   -5.380    -1.552954     14.646      3.827     1.899757     0.346803  58  -1   -1.000
4BVM TA50P   T P 16 12 -1 -1 -1   -1.510    -1.015735      0.244      0.494     1.452352     0.436617  60  -1   -1.000
4LYZ GA102A  G A  5  0 -1 -1 -1    0.020    -1.449483      2.159      1.469     0.535318    -0.914165  28  -1   -1.000
4LYZ GA117A  G A  5  0 -1 -1 -1   -1.460    -1.118690      0.116      0.341     0.518976    -0.599713  35  -1   -1.000
4LYZ GA49A   G A  5  0 -1 -1 -1   -1.900    -0.019649      3.536      1.880     0.432000     0.412351  31  -1   -1.000
4LYZ GA67A   G A  5  0 -1 -1 -1   -0.500    -0.404193      0.009      0.096     0.385308    -0.018885  36  -1   -1.000
4LYZ GA71A   G A  5  0 -1 -1 -1   -0.380    -0.016052      0.132      0.364     0.287410     0.271358  30  -1   -1.000
4LYZ IA55V   I V  7 17 -1 -1 -1   -0.900    -2.573138      2.799      1.673     3.032257     0.459119  78  -1   -1.000
4LYZ IA58M   I M  7 10 -1 -1 -1   -1.200    -2.899219      2.887      1.699     3.878910     0.979691  86  -1   -1.000
4LYZ IA78M   I M  7 10 -1 -1 -1   -0.900    -0.580893      0.102      0.319     1.594888     1.013996  51  -1   -1.000
4LYZ IA98M   I M  7 10 -1 -1 -1   -0.900    -0.460072      0.194      0.440     2.411965     1.951893  65  -1   -1.000
4LYZ MA12F   M F 10  4 -1 -1 -1    0.500    -0.227608      0.529      0.728     3.305126     3.077518  71  -1   -1.000
4LYZ MA12L   M L 10  9 -1 -1 -1   -0.400     0.119951      0.270      0.520     3.305126     3.425077  71  -1   -1.000
4LYZ SA91A   S A 15  0 -1 -1 -1   -1.800     1.086855      8.334      2.887     0.649846     1.736702  80  -1   -1.000
4LYZ SA91T   S T 15 16 -1 -1 -1    1.000    -0.411742      1.993      1.412     0.649846     0.238104  80  -1   -1.000
4LYZ TA40S   T S 16 15 -1 -1 -1   -0.300    -0.773182      0.224      0.473     1.037331     0.264150  60  -1   -1.000
5PTI FA22A   F A  4  0 -1 -1 -1   -1.200    -1.978846      0.607      0.779     3.199438     1.220592  53  -1   -1.000
5PTI FA45A   F A  4  0 -1 -1 -1   -6.900    -2.487934     19.466      4.412     3.000549     0.512615  50  -1   -1.000
5PTI NA43G   N G 11  5 -1 -1 -1   -5.700    -1.566866     17.083      4.133     1.767258     0.200393  51  -1   -1.000
5PTI YA23A   Y A 19  0 -1 -1 -1   -5.900    -3.288232      6.821      2.612     3.827401     0.539169  46  -1   -1.000
5PTI YA35G   Y G 19  5 -1 -1 -1   -5.000    -3.142235      3.451      1.858     3.265962     0.123728  37  -1   -1.000
