1AMQ CA191Y  C Y  1 19 -1 -1 -1   -2.300    -2.895312      0.354      0.595     2.346318    -0.548994  93  -1   -1.000
1AMQ CA191F  C F  1  4 -1 -1 -1   -1.600    -2.222882      0.388      0.623     2.346318     0.123436  93  -1   -1.000
1AMQ CA191W  C W  1 18 -1 -1 -1   -3.900    -1.929274      3.884      1.971     2.346318     0.417044  93  -1   -1.000
1AMQ CA191S  C S  1 15 -1 -1 -1   -1.900    -1.681089      0.048      0.219     2.346318     0.665229  93  -1   -1.000
1BNI FA7L    F L  4  9 -1 -1 -1   -4.100    -0.297980     14.455      3.802     1.981716     1.683735  59  -1   -1.000
1BNI LA14A   L A  9  0 -1 -1 -1   -4.500    -0.667093     14.691      3.833     2.272321     1.605228  52  -1   -1.000
1BNI TA26A   T A 16  0 -1 -1 -1   -1.700    -0.093355      2.581      1.607     1.018034     0.924679  56  -1   -1.000
1BNI IA51V   I V  7 17 -1 -1 -1   -1.100    -0.637846      0.214      0.462     2.513887     1.876041  71  -1   -1.000
1BNI IA76A   I A  7  0 -1 -1 -1   -1.700    -1.212722      0.237      0.487     2.603045     1.390323  67  -1   -1.000
1BNI IA76V   I V  7 17 -1 -1 -1   -1.000    -0.567194      0.187      0.433     2.603045     2.035851  67  -1   -1.000
1BNI YA78F   Y F 19  4 -1 -1 -1   -1.100    -0.954325      0.021      0.146     1.868121     0.913796  58  -1   -1.000
1BNI IA88A   I A  7  0 -1 -1 -1   -4.000    -1.908762      4.373      2.091     3.150212     1.241450  75  -1   -1.000
1BNI IA88V   I V  7 17 -1 -1 -1   -1.600     0.430634      4.123      2.031     3.150212     3.580846  75  -1   -1.000
1BNI LA89V   L V  9 17 -1 -1 -1   -0.500     1.264238      3.113      1.764     2.189261     3.453500  76  -1   -1.000
1BNI SA91A   S A 15  0 -1 -1 -1   -1.800    -0.107357      2.865      1.693     0.828801     0.721444  54  -1   -1.000
1BNI IA96A   I A  7  0 -1 -1 -1   -3.200    -2.254446      0.894      0.946     3.538582     1.284136  63  -1   -1.000
1BNI IA96V   I V  7 17 -1 -1 -1   -0.900     0.150780      1.104      1.051     3.538582     3.689362  63  -1   -1.000
1CEY DA12A   D A  2  0 -1 -1 -1    2.500     0.066355      5.923      2.434     0.902647     0.969002  64  -1   -1.000
1CEY DA13A   D A  2  0 -1 -1 -1    2.700    -0.067604      7.660      2.768     0.841809     0.774205  48  -1   -1.000
1CEY DA57A   D A  2  0 -1 -1 -1    3.300     0.213953      9.524      3.086     0.794116     1.008069  72  -1   -1.000
1EY0 TA22C   T C 16  1 -1 -1 -1   -0.900    -0.897231      0.000      0.003     1.148821     0.251590  80  -1   -1.000
1EY0 TA22V   T V 16 17 -1 -1 -1   -0.900     1.185247      4.348      2.085     1.148821     2.334068  80  -1   -1.000
1EY0 VA23L   V L 17  9 -1 -1 -1   -0.100    -0.937072      0.701      0.837     3.261757     2.324685  79  -1   -1.000
1EY0 LA25I   L I  9  7 -1 -1 -1   -1.700     0.853796      6.522      2.554     2.928477     3.782273  61  -1   -1.000
1EY0 TA33V   T V 16 17 -1 -1 -1    0.400     1.803487      1.970      1.403     1.178440     2.981927  57  -1   -1.000
1EY0 TA41C   T C 16  1 -1 -1 -1    0.600     0.462551      0.019      0.137     0.755320     1.217871  73  -1   -1.000
1EY0 TA41I   T I 16  7 -1 -1 -1    0.700     1.533504      0.695      0.834     0.755320     2.288824  73  -1   -1.000
1EY0 TA41S   T S 16 15 -1 -1 -1   -1.100     0.054135      1.332      1.154     0.755320     0.809454  73  -1   -1.000
1EY0 TA41V   T V 16 17 -1 -1 -1    0.800     1.152299      0.124      0.352     0.755320     1.907619  73  -1   -1.000
1EY0 TA44V   T V 16 17 -1 -1 -1    0.100     0.347240      0.061      0.247     0.102493     0.449733  41  -1   -1.000
1EY0 SA59A   S A 15  0 -1 -1 -1    0.500     1.029655      0.281      0.530     0.461944     1.491599  64  -1   -1.000
1EY0 TA62S   T S 16 15 -1 -1 -1   -2.100    -0.036491      4.258      2.064     0.600526     0.564035  75  -1   -1.000
1EY0 TA62V   T V 16 17 -1 -1 -1   -0.200     2.414780      6.837      2.615     0.600526     3.015306  75  -1   -1.000
1EY0 VA66I   V I 17  7 -1 -1 -1   -1.000     0.894500      3.589      1.895     2.397557     3.292057  63  -1   -1.000
1EY0 VA66L   V L 17  9 -1 -1 -1   -0.300     0.822973      1.261      1.123     2.397557     3.220530  63  -1   -1.000
1EY0 VA66K   V K 17  8 -1 -1 -1   -7.500    -1.808824     32.389      5.691     2.397557     0.588733  63  -1   -1.000
1EY0 IA72L   I L  7  9 -1 -1 -1   -0.200    -0.437277      0.056      0.237     3.760869     3.323591  59  -1   -1.000
1EY0 IA72V   I V  7 17 -1 -1 -1   -1.200     0.115771      1.731      1.316     3.760869     3.876639  59  -1   -1.000
1EY0 TA82S   T S 16 15 -1 -1 -1   -0.700    -0.131621      0.323      0.568     0.541482     0.409861  44  -1   -1.000
1EY0 IA92V   I V  7 17 -1 -1 -1   -0.400    -0.589456      0.036      0.189     3.891194     3.301738  87  -1   -1.000
1EY0 KA116G  K G  8  5 -1 -1 -1    1.000     0.022904      0.955      0.977     0.383995     0.406899  32  -1   -1.000
1EY0 PA117A  P A 12  0 -1 -1 -1    0.800    -0.596982      1.952      1.397     1.060098     0.463115  34  -1   -1.000
1EY0 PA117G  P G 12  5 -1 -1 -1    0.900    -1.069767      3.880      1.970     1.060098    -0.009670  34  -1   -1.000
1EY0 PA117T  P T 12 16 -1 -1 -1    1.100    -1.004828      4.430      2.105     1.060098     0.055270  34  -1   -1.000
1EY0 TA120C  T C 16  1 -1 -1 -1   -1.700    -0.216043      2.202      1.484     0.454652     0.238609  45  -1   -1.000
1EY0 TA120S  T S 16 15 -1 -1 -1   -0.600     0.271329      0.759      0.871     0.454652     0.725981  45  -1   -1.000
1EY0 TA120V  T V 16 17 -1 -1 -1   -1.800    -0.009832      3.205      1.790     0.454652     0.444820  45  -1   -1.000
1EY0 SA128A  S A 15  0 -1 -1 -1    0.700     1.252886      0.306      0.553     0.461859     1.714745  48  -1   -1.000
1IHB FA71N   F N  4 11 -1 -1 -1    0.700    -1.311903      4.048      2.012     2.030287     0.718383  58  -1   -1.000
1IHB FA82Q   F Q  4 13 -1 -1 -1   -0.400    -0.494689      0.009      0.095     2.082999     1.588310  60  -1   -1.000
1IHB FA92N   F N  4 11 -1 -1 -1   -1.100    -0.703370      0.157      0.397     1.929488     1.226118  48  -1   -1.000
1IOB TA9G    T G 16  5 -1 -1 -1   -2.600    -0.753482      3.410      1.847     1.206233     0.452750  71  -1   -1.000
1L63 MA6A    M A 10  0 -1 -1 -1   -1.900    -1.995956      0.009      0.096     3.743117     1.747161  59  -1   -1.000
1L63 MA6L    M L 10  9 -1 -1 -1   -2.800    -1.262471      2.364      1.538     3.743117     2.480646  59  -1   -1.000
1L63 EA11H   E H  3  6 -1 -1 -1    0.100    -0.024061      0.015      0.124     1.060662     1.036600  69  -1   -1.000
1L63 EA11N   E N  3 11 -1 -1 -1   -0.100    -0.392032      0.085      0.292     1.060662     0.668629  69  -1   -1.000
1L63 IA17A   I A  7  0 -1 -1 -1   -2.700    -2.153298      0.299      0.547     3.379538     1.226240  55  -1   -1.000
1L63 DA20A   D A  2  0 -1 -1 -1   -0.300    -0.300452      0.000      0.000     0.851423     0.550970  56  -1   -1.000
1L63 DA20N   D N  2 11 -1 -1 -1    1.300     0.384711      0.838      0.915     0.851423     1.236133  56  -1   -1.000
1L63 DA20S   D S  2 15 -1 -1 -1    0.700    -0.327075      1.055      1.027     0.851423     0.524348  56  -1   -1.000
1L63 IA27A   I A  7  0 -1 -1 -1   -3.100    -3.172465      0.005      0.072     4.624411     1.451945  66  -1   -1.000
1L63 IA27M   I M  7 10 -1 -1 -1   -3.100    -2.353792      0.557      0.746     4.624411     2.270618  66  -1   -1.000
1L63 IA29A   I A  7  0 -1 -1 -1   -2.600    -4.340889      3.031      1.741     4.439143     0.098254  65  -1   -1.000
1L63 SA38N   S N 15 11 -1 -1 -1   -0.010     0.025650      0.001      0.036     0.788195     0.813845  29  -1   -1.000
1L63 AA41S   A S  0 15 -1 -1 -1   -0.600    -0.603406      0.000      0.003     1.221140     0.617734  36  -1   -1.000
1L63 AA42V   A V  0 17 -1 -1 -1   -2.700     0.345110      9.273      3.045     1.853980     2.199090  45  -1   -1.000
1L63 AA42S   A S  0 15 -1 -1 -1   -2.300    -1.360644      0.882      0.939     1.853980     0.493335  45  -1   -1.000
1L63 KA43A   K A  8  0 -1 -1 -1   -1.000     0.281638      1.643      1.282     1.255203     1.536840  45  -1   -1.000
1L63 SA44A   S A 15  0 -1 -1 -1    0.300     0.419565      0.014      0.120     0.778562     1.198126  39  -1   -1.000
1L63 SA44I   S I 15  7 -1 -1 -1    0.300     0.134316      0.027      0.166     0.778562     0.912877  39  -1   -1.000
1L63 SA44L   S L 15  9 -1 -1 -1    0.400     0.147029      0.064      0.253     0.778562     0.925591  39  -1   -1.000
1L63 SA44K   S K 15  8 -1 -1 -1    0.200     0.315920      0.013      0.116     0.778562     1.094482  39  -1   -1.000
1L63 SA44E   S E 15  3 -1 -1 -1    0.001     0.212994      0.045      0.212     0.778562     0.991556  39  -1   -1.000
1L63 SA44G   S G 15  5 -1 -1 -1   -0.500    -0.335923      0.027      0.164     0.778562     0.442639  39  -1   -1.000
1L63 SA44R   S R 15 14 -1 -1 -1    0.200     0.728453      0.279      0.528     0.778562     1.507015  39  -1   -1.000
1L63 SA44N   S N 15 11 -1 -1 -1   -0.100     0.064113      0.027      0.164     0.778562     0.842674  39  -1   -1.000
1L63 SA44F   S F 15  4 -1 -1 -1    0.100     0.301908      0.041      0.202     0.778562     1.080469  39  -1   -1.000
1L63 SA44P   S P 15 12 -1 -1 -1   -3.000    -1.104173      3.594      1.896     0.778562    -0.325611  39  -1   -1.000
1L63 SA44T   S T 15 16 -1 -1 -1    0.010    -0.041139      0.003      0.051     0.778562     0.737423  39  -1   -1.000
1L63 SA44V   S V 15 17 -1 -1 -1    0.100     0.331180      0.053      0.231     0.778562     1.109742  39  -1   -1.000
1L63 LA46A   L A  9  0 -1 -1 -1   -1.900    -1.653216      0.061      0.247     3.286755     1.633540  54  -1   -1.000
1L63 DA47A   D A  2  0 -1 -1 -1   -1.000     0.655333      2.740      1.655     0.664470     1.319803  45  -1   -1.000
1L63 AA49S   A S  0 15 -1 -1 -1   -0.500    -0.993083      0.243      0.493     1.434943     0.441860  51  -1   -1.000
1L63 IA50A   I A  7  0 -1 -1 -1   -2.000    -1.467455      0.284      0.533     2.461243     0.993788  44  -1   -1.000
1L63 IA50M   I M  7 10 -1 -1 -1   -0.400    -0.988870      0.347      0.589     2.461243     1.472373  44  -1   -1.000
1L63 IA58A   I A  7  0 -1 -1 -1   -3.200    -2.086169      1.241      1.114     2.900155     0.813986  46  -1   -1.000
1L63 IA58T   I T  7 16 -1 -1 -1   -3.400    -2.423686      0.953      0.976     2.900155     0.476469  46  -1   -1.000
1L63 TA59A   T A 16  0 -1 -1 -1   -1.500    -0.541759      0.918      0.958     1.251451     0.709692  38  -1   -1.000
1L63 TA59D   T D 16  2 -1 -1 -1   -1.200    -0.242551      0.917      0.957     1.251451     1.008900  38  -1   -1.000
1L63 TA59G   T G 16  5 -1 -1 -1   -1.600    -0.467265      1.283      1.133     1.251451     0.784186  38  -1   -1.000
1L63 TA59N   T N 16 11 -1 -1 -1   -1.100    -0.050038      1.102      1.050     1.251451     1.201413  38  -1   -1.000
1L63 TA59S   T S 16 15 -1 -1 -1   -0.200    -0.187297      0.000      0.013     1.251451     1.064154  38  -1   -1.000
1L63 TA59V   T V 16 17 -1 -1 -1   -1.500    -0.743491      0.572      0.757     1.251451     0.507960  38  -1   -1.000
1L63 LA66M   L M  9 10 -1 -1 -1   -1.000    -0.577183      0.179      0.423     2.599880     2.022697  63  -1   -1.000
1L63 FA67A   F A  4  0 -1 -1 -1   -1.900    -1.690507      0.044      0.209     2.836081     1.145574  63  -1   -1.000
1L63 DA72P   D P  2 12 -1 -1 -1   -2.700    -0.855615      3.402      1.844     0.665513    -0.190103  49  -1   -1.000
1L63 AA73S   A S  0 15 -1 -1 -1   -0.400    -0.785063      0.148      0.385     1.361657     0.576593  48  -1   -1.000
1L63 VA75T   V T 17 16 -1 -1 -1   -1.300    -1.799387      0.249      0.499     2.518466     0.719079  55  -1   -1.000
1L63 IA78A   I A  7  0 -1 -1 -1   -1.200    -2.580088      1.905      1.380     3.994601     1.414513  53  -1   -1.000
1L63 IA78M   I M  7 10 -1 -1 -1   -1.500    -0.982109      0.268      0.518     3.994601     3.012492  53  -1   -1.000
1L63 IA78V   I V  7 17 -1 -1 -1   -0.800    -1.188909      0.151      0.389     3.994601     2.805692  53  -1   -1.000
1L63 AA82S   A S  0 15 -1 -1 -1   -0.300    -0.343718      0.002      0.044     1.247741     0.904023  37  -1   -1.000
1L63 LA84A   L A  9  0 -1 -1 -1   -2.600    -2.461823      0.019      0.138     3.947879     1.486056  56  -1   -1.000
1L63 LA84M   L M  9 10 -1 -1 -1   -1.900    -2.010432      0.012      0.110     3.947879     1.937447  56  -1   -1.000
1L63 VA87A   V A 17  0 -1 -1 -1   -1.700    -1.557442      0.020      0.143     3.252378     1.694936  61  -1   -1.000
1L63 VA87M   V M 17 10 -1 -1 -1   -2.300    -1.213854      1.180      1.086     3.252378     2.038524  61  -1   -1.000
1L63 VA87I   V I 17  7 -1 -1 -1   -0.300    -0.511147      0.045      0.211     3.252378     2.741231  61  -1   -1.000
1L63 VA87T   V T 17 16 -1 -1 -1   -1.600    -2.409466      0.655      0.809     3.252378     0.842911  61  -1   -1.000
1L63 LA91A   L A  9  0 -1 -1 -1   -2.600    -2.279577      0.103      0.320     3.604227     1.324651  54  -1   -1.000
1L63 LA91M   L M  9 10 -1 -1 -1   -0.800    -1.608299      0.653      0.808     3.604227     1.995929  54  -1   -1.000
1L63 DA92N   D N  2 11 -1 -1 -1   -1.400    -0.024982      1.891      1.375     1.338035     1.313053  45  -1   -1.000
1L63 AA93S   A S  0 15 -1 -1 -1   -0.200    -0.952432      0.566      0.752     1.877136     0.924704  50  -1   -1.000
1L63 AA98C   A C  0  1 -1 -1 -1   -1.000    -1.847468      0.718      0.847     3.503071     1.655603  91  -1   -1.000
1L63 AA98L   A L  0  9 -1 -1 -1   -4.300    -1.096189     10.264      3.204     3.503071     2.406882  91  -1   -1.000
1L63 AA98S   A S  0 15 -1 -1 -1   -2.500    -2.533912      0.001      0.034     3.503071     0.969159  91  -1   -1.000
1L63 AA98V   A V  0 17 -1 -1 -1   -3.200    -0.922990      5.185      2.277     3.503071     2.580081  91  -1   -1.000
1L63 LA99A   L A  9  0 -1 -1 -1   -4.500    -2.831432      2.784      1.669     4.552584     1.721152  93  -1   -1.000
1L63 LA99F   L F  9  4 -1 -1 -1   -0.300    -1.801270      2.254      1.501     4.552584     2.751314  93  -1   -1.000
1L63 LA99I   L I  9  7 -1 -1 -1   -1.500    -1.105834      0.155      0.394     4.552584     3.446750  93  -1   -1.000
1L63 LA99M   L M  9 10 -1 -1 -1   -0.600    -1.133214      0.284      0.533     4.552584     3.419370  93  -1   -1.000
1L63 LA99V   L V  9 17 -1 -1 -1   -2.000    -1.799310      0.040      0.201     4.552584     2.753274  93  -1   -1.000
1L63 IA100A  I A  7  0 -1 -1 -1   -3.400    -3.003767      0.157      0.396     5.108022     2.104254  83  -1   -1.000
1L63 IA100M  I M  7 10 -1 -1 -1   -1.600    -2.002908      0.162      0.403     5.108022     3.105114  83  -1   -1.000
1L63 IA100V  I V  7 17 -1 -1 -1   -0.400    -2.057582      2.748      1.658     5.108022     3.050440  83  -1   -1.000
1L63 NA101A  N A 11  0 -1 -1 -1   -1.500    -0.344603      1.335      1.155     2.389062     2.044459  90  -1   -1.000
1L63 MA102L  M L 10  9 -1 -1 -1   -1.000    -3.206992      4.871      2.207     6.418321     3.211329  99  -1   -1.000
1L63 VA103A  V A 17  0 -1 -1 -1   -2.200    -1.515466      0.469      0.685     3.526734     2.011268  78  -1   -1.000
1L63 VA103I  V I 17  7 -1 -1 -1   -0.500    -0.686158      0.035      0.186     3.526734     2.840576  78  -1   -1.000
1L63 VA103M  V M 17 10 -1 -1 -1   -1.200    -0.890653      0.096      0.309     3.526734     2.636081  78  -1   -1.000
1L63 FA104M  F M  4 10 -1 -1 -1   -0.400    -1.918798      2.307      1.519     3.617667     1.698869  80  -1   -1.000
1L63 QA105M  Q M 13 10 -1 -1 -1   -1.200    -0.648242      0.304      0.552     2.068962     1.420721  81  -1   -1.000
1L63 MA106I  M I 10  7 -1 -1 -1    0.200    -1.915323      4.475      2.115     3.313417     1.398095  75  -1   -1.000
1L63 MA106L  M L 10  9 -1 -1 -1    0.500    -1.955571      6.030      2.456     3.313417     1.357846  75  -1   -1.000
1L63 MA106K  M K 10  8 -1 -1 -1   -3.400    -2.527210      0.762      0.873     3.313417     0.786207  75  -1   -1.000
1L63 TA109D  T D 16  2 -1 -1 -1    0.600    -0.056237      0.431      0.656     0.999762     0.943525  43  -1   -1.000
1L63 TA109N  T N 16 11 -1 -1 -1    0.100    -0.258564      0.129      0.359     0.999762     0.741198  43  -1   -1.000
1L63 VA111A  V A 17  0 -1 -1 -1   -1.300    -2.354087      1.111      1.054     3.761418     1.407330  67  -1   -1.000
1L63 VA111I  V I 17  7 -1 -1 -1   -0.900    -1.053361      0.024      0.153     3.761418     2.708057  67  -1   -1.000
1L63 VA111M  V M 17 10 -1 -1 -1   -0.700    -1.749100      1.101      1.049     3.761418     2.012317  67  -1   -1.000
1L63 SA117F  S F 15  4 -1 -1 -1    1.100     1.068580      0.001      0.031     1.438082     2.506662  62  -1   -1.000
1L63 LA118A  L A  9  0 -1 -1 -1   -3.200    -2.084766      1.244      1.115     3.637915     1.553149  67  -1   -1.000
1L63 LA118M  L M  9 10 -1 -1 -1   -0.700    -1.541675      0.708      0.842     3.637915     2.096240  67  -1   -1.000
1L63 MA120L  M L 10  9 -1 -1 -1    0.500    -1.476678      3.907      1.977     3.037286     1.560608  48  -1   -1.000
1L63 MA120K  M K 10  8 -1 -1 -1   -1.600    -2.160459      0.314      0.560     3.037286     0.876827  48  -1   -1.000
1L63 MA120Y  M Y 10 19 -1 -1 -1   -0.100    -1.159754      1.123      1.060     3.037286     1.877532  48  -1   -1.000
1L63 LA121M  L M  9 10 -1 -1 -1   -0.800    -1.868807      1.142      1.069     4.003545     2.134738  59  -1   -1.000
1L63 AA129F  A F  0  4 -1 -1 -1   -1.200    -0.730584      0.220      0.469     2.594320     1.863737  52  -1   -1.000
1L63 AA129W  A W  0 18 -1 -1 -1   -2.200    -0.959025      1.540      1.241     2.594320     1.635295  52  -1   -1.000
1L63 AA130S  A S  0 15 -1 -1 -1   -1.000    -1.570857      0.326      0.571     2.366919     0.796062  57  -1   -1.000
1L63 LA133F  L F  9  4 -1 -1 -1   -0.300    -0.369769      0.005      0.070     3.465894     3.096125  62  -1   -1.000
1L63 LA133M  L M  9 10 -1 -1 -1   -0.400    -0.260101      0.020      0.140     3.465894     3.205793  62  -1   -1.000
1L63 AA134S  A S  0 15 -1 -1 -1   -0.100    -1.104607      1.009      1.005     1.971658     0.867051  49  -1   -1.000
1L63 NA144E  N E 11  3 -1 -1 -1    0.500    -0.215810      0.512      0.716     1.152113     0.936303  43  -1   -1.000
1L63 VA149A  V A 17  0 -1 -1 -1   -3.200    -2.288043      0.832      0.912     4.022492     1.734449  77  -1   -1.000
1L63 VA149C  V C 17  1 -1 -1 -1   -2.000    -2.928982      0.863      0.929     4.022492     1.093510  77  -1   -1.000
1L63 VA149G  V G 17  5 -1 -1 -1   -4.900    -3.811667      1.184      1.088     4.022492     0.210825  77  -1   -1.000
1L63 VA149I  V I 17  7 -1 -1 -1   -0.100    -1.285232      1.405      1.185     4.022492     2.737260  77  -1   -1.000
1L63 VA149M  V M 17 10 -1 -1 -1   -2.800    -1.998895      0.642      0.801     4.022492     2.023597  77  -1   -1.000
1L63 VA149T  V T 17 16 -1 -1 -1   -2.800    -3.104321      0.093      0.304     4.022492     0.918171  77  -1   -1.000
1L63 VA149S  V S 17 15 -1 -1 -1   -4.400    -3.670628      0.532      0.729     4.022492     0.351864  77  -1   -1.000
1L63 TA152A  T A 16  0 -1 -1 -1   -1.500    -0.131051      1.874      1.369     1.963877     1.832826  66  -1   -1.000
1L63 TA152C  T C 16  1 -1 -1 -1   -0.500    -0.934561      0.189      0.435     1.963877     1.029317  66  -1   -1.000
1L63 TA152I  T I 16  7 -1 -1 -1   -0.400     0.613572      1.027      1.014     1.963877     2.577449  66  -1   -1.000
1L63 TA152S  T S 16 15 -1 -1 -1   -2.000    -1.191760      0.653      0.808     1.963877     0.772117  66  -1   -1.000
1L63 TA152V  T V 16 17 -1 -1 -1    0.200     0.103850      0.009      0.096     1.963877     2.067727  66  -1   -1.000
1L63 FA153A  F A  4  0 -1 -1 -1   -3.800    -4.366129      0.321      0.566     5.778357     1.412227  72  -1   -1.000
1L63 FA153I  F I  4  7 -1 -1 -1   -0.200    -2.772427      6.617      2.572     5.778357     3.005929  72  -1   -1.000
1L63 FA153L  F L  4  9 -1 -1 -1    0.300    -2.318251      6.855      2.618     5.778357     3.460106  72  -1   -1.000
1L63 FA153M  F M  4 10 -1 -1 -1   -0.600    -3.374975      7.700      2.775     5.778357     2.403382  72  -1   -1.000
1L63 FA153V  F V  4 17 -1 -1 -1   -1.800    -4.080961      5.203      2.281     5.778357     1.697395  72  -1   -1.000
1LZ1 VA2A    V A 17  0 -1 -1 -1   -1.500    -0.640018      0.740      0.860     1.122779     0.482761  43  -1   -1.000
1LZ1 VA2G    V G 17  5 -1 -1 -1   -2.290    -0.952936      1.788      1.337     1.122779     0.169844  43  -1   -1.000
1LZ1 VA2S    V S 17 15 -1 -1 -1   -1.400    -0.670184      0.533      0.730     1.122779     0.452595  43  -1   -1.000
1LZ1 VA2Y    V Y 17 19 -1 -1 -1   -0.400    -0.286072      0.013      0.114     1.122779     0.836707  43  -1   -1.000
1LZ1 VA2D    V D 17  2 -1 -1 -1   -1.400    -0.664418      0.541      0.736     1.122779     0.458361  43  -1   -1.000
1LZ1 VA2N    V N 17 11 -1 -1 -1   -1.300    -0.445744      0.730      0.854     1.122779     0.677035  43  -1   -1.000
1LZ1 VA2R    V R 17 14 -1 -1 -1   -0.400    -0.292721      0.012      0.107     1.122779     0.830058  43  -1   -1.000
1LZ1 VA2L    V L 17  9 -1 -1 -1   -0.050    -0.889179      0.704      0.839     1.122779     0.233601  43  -1   -1.000
1LZ1 VA2M    V M 17 10 -1 -1 -1   -0.200    -0.262761      0.004      0.063     1.122779     0.860018  43  -1   -1.000
1LZ1 VA2F    V F 17  4 -1 -1 -1   -0.800    -0.861895      0.004      0.062     1.122779     0.260884  43  -1   -1.000
1LZ1 YA20F   Y F 19  4 -1 -1 -1   -0.500    -0.798342      0.089      0.298     2.474095     1.675753  47  -1   -1.000
1LZ1 IA23A   I A  7  0 -1 -1 -1   -2.500    -1.740864      0.576      0.759     2.631360     0.890496  59  -1   -1.000
1LZ1 IA23V   I V  7 17 -1 -1 -1   -0.400     0.027289      0.183      0.427     2.631360     2.658649  59  -1   -1.000
1LZ1 YA38F   Y F 19  4 -1 -1 -1   -0.200    -0.323694      0.015      0.124     3.211655     2.887962  63  -1   -1.000
1LZ1 YA45F   Y F 19  4 -1 -1 -1    0.100    -0.344099      0.197      0.444     1.592621     1.248522  42  -1   -1.000
1LZ1 AA47P   A P  0 12 -1 -1 -1    0.100     0.440697      0.116      0.341     0.373680     0.814377  24  -1   -1.000
1LZ1 YA54F   Y F 19  4 -1 -1 -1   -1.000    -3.995376      8.972      2.995     4.884520     0.889144  72  -1   -1.000
1LZ1 IA56A   I A  7  0 -1 -1 -1   -3.700    -2.868819      0.691      0.831     4.169627     1.300809  77  -1   -1.000
1LZ1 IA56T   I T  7 16 -1 -1 -1   -3.600    -3.414682      0.034      0.185     4.169627     0.754945  77  -1   -1.000
1LZ1 IA56V   I V  7 17 -1 -1 -1   -1.200    -2.794971      2.544      1.595     4.169627     1.374656  77  -1   -1.000
1LZ1 IA59A   I A  7  0 -1 -1 -1   -1.700    -3.273538      2.476      1.574     4.485661     1.212123  83  -1   -1.000
1LZ1 IA59G   I G  7  5 -1 -1 -1   -3.800    -4.003545      0.041      0.204     4.485661     0.482116  83  -1   -1.000
1LZ1 IA59V   I V  7 17 -1 -1 -1   -1.100    -1.377198      0.077      0.277     4.485661     3.108463  83  -1   -1.000
1LZ1 YA63F   Y F 19  4 -1 -1 -1   -0.200    -0.500698      0.090      0.301     2.363530     1.862833  60  -1   -1.000
1LZ1 PA71G   P G 12  5 -1 -1 -1   -1.600    -0.619563      0.961      0.980     0.956486     0.336923  28  -1   -1.000
1LZ1 VA74A   V A 17  0 -1 -1 -1   -0.400    -0.004983      0.156      0.395     0.635609     0.630625  36  -1   -1.000
1LZ1 VA74G   V G 17  5 -1 -1 -1   -0.100    -0.353716      0.064      0.254     0.635609     0.281893  36  -1   -1.000
1LZ1 VA74I   V I 17  7 -1 -1 -1    0.450     0.504723      0.003      0.055     0.635609     1.140332  36  -1   -1.000
1LZ1 VA74L   V L 17  9 -1 -1 -1    0.190     0.013532      0.031      0.176     0.635609     0.649140  36  -1   -1.000
1LZ1 VA74M   V M 17 10 -1 -1 -1    0.650     0.064522      0.343      0.585     0.635609     0.700131  36  -1   -1.000
1LZ1 VA74F   V F 17  4 -1 -1 -1   -0.290    -0.320648      0.001      0.031     0.635609     0.314960  36  -1   -1.000
1LZ1 VA74Y   V Y 17 19 -1 -1 -1   -0.300     1.112654      1.996      1.413     0.635609     1.748263  36  -1   -1.000
1LZ1 VA74D   V D 17  2 -1 -1 -1   -0.400    -0.125181      0.076      0.275     0.635609     0.510428  36  -1   -1.000
1LZ1 VA74N   V N 17 11 -1 -1 -1   -0.300    -0.238775      0.004      0.061     0.635609     0.396833  36  -1   -1.000
1LZ1 VA74R   V R 17 14 -1 -1 -1   -0.100     0.637441      0.544      0.737     0.635609     1.273050  36  -1   -1.000
1LZ1 VA74S   V S 17 15 -1 -1 -1   -0.400     0.074643      0.225      0.475     0.635609     0.710251  36  -1   -1.000
1LZ1 CA77A   C A  1  0 -1 -1 -1   -4.600    -0.382996     17.783      4.217     1.530045     1.147049  52  -1   -1.000
1LZ1 IA89A   I A  7  0 -1 -1 -1   -2.700    -2.693642      0.000      0.006     3.611773     0.918131  65  -1   -1.000
1LZ1 IA89V   I V  7 17 -1 -1 -1   -0.500    -2.179571      2.821      1.680     3.611773     1.432203  65  -1   -1.000
1LZ1 DA91P   D P  2 12 -1 -1 -1   -0.400     0.132881      0.284      0.533     0.932735     1.065616  58  -1   -1.000
1LZ1 VA93A   V A 17  0 -1 -1 -1   -0.700    -1.876510      1.384      1.177     3.046643     1.170133  81  -1   -1.000
1LZ1 VA99A   V A 17  0 -1 -1 -1   -1.000    -0.858909      0.020      0.141     2.499162     1.640253  68  -1   -1.000
1LZ1 VA100A  V A 17  0 -1 -1 -1   -0.300    -1.255785      0.914      0.956     2.349978     1.094193  58  -1   -1.000
1LZ1 PA103G  P G 12  5 -1 -1 -1   -0.100    -0.775254      0.456      0.675     1.240474     0.465220  26  -1   -1.000
1LZ1 IA106A  I A  7  0 -1 -1 -1   -0.900    -0.346917      0.306      0.553     1.978551     1.631634  60  -1   -1.000
1LZ1 IA106V  I V  7 17 -1 -1 -1   -0.700     0.247209      0.897      0.947     1.978551     2.225760  60  -1   -1.000
1LZ1 VA110A  V A 17  0 -1 -1 -1    0.500     0.508870      0.000      0.009     0.392288     0.901158  48  -1   -1.000
1LZ1 VA110D  V D 17  2 -1 -1 -1    0.200     0.481556      0.079      0.282     0.392288     0.873844  48  -1   -1.000
1LZ1 VA110G  V G 17  5 -1 -1 -1    0.480     0.146408      0.111      0.334     0.392288     0.538696  48  -1   -1.000
1LZ1 VA110I  V I 17  7 -1 -1 -1    0.860     0.144038      0.513      0.716     0.392288     0.536326  48  -1   -1.000
1LZ1 VA110L  V L 17  9 -1 -1 -1    0.100    -0.118997      0.048      0.219     0.392288     0.273291  48  -1   -1.000
1LZ1 VA110M  V M 17 10 -1 -1 -1    0.400     0.547835      0.022      0.148     0.392288     0.940123  48  -1   -1.000
1LZ1 VA110N  V N 17 11 -1 -1 -1    0.100     0.444433      0.119      0.344     0.392288     0.836721  48  -1   -1.000
1LZ1 VA110R  V R 17 14 -1 -1 -1    0.900     0.709636      0.036      0.190     0.392288     1.101924  48  -1   -1.000
1LZ1 VA110F  V F 17  4 -1 -1 -1   -0.050     0.170725      0.049      0.221     0.392288     0.563013  48  -1   -1.000
1LZ1 VA110P  V P 17 12 -1 -1 -1    0.500     0.732458      0.054      0.232     0.392288     1.124746  48  -1   -1.000
1LZ1 VA110Y  V Y 17 19 -1 -1 -1   -0.100     0.334949      0.189      0.435     0.392288     0.727237  48  -1   -1.000
1LZ1 VA121A  V A 17  0 -1 -1 -1   -1.400    -0.780589      0.384      0.619     1.816508     1.035919  46  -1   -1.000
1LZ1 YA124F  Y F 19  4 -1 -1 -1   -0.400    -0.708273      0.095      0.308     2.580735     1.872462  51  -1   -1.000
1LZ1 VA125A  V A 17  0 -1 -1 -1   -1.300    -1.597245      0.088      0.297     2.087015     0.489770  46  -1   -1.000
1LZ1 VA130A  V A 17  0 -1 -1 -1   -0.800    -0.717476      0.007      0.083     1.416420     0.698944  35  -1   -1.000
1OH0 YA32F   Y F 19  4 -1 -1 -1    0.200     0.357663      0.025      0.158     3.582521     3.940184  65  -1   -1.000
1OH0 YA57F   Y F 19  4 -1 -1 -1   -1.200     0.495914      2.876      1.696     2.684194     3.180108  62  -1   -1.000
1RN1 QC25K   Q K 13  8 -1 -1 -1    0.930     0.436660      0.243      0.493     0.548250     0.984910  45  -1   -1.000
1VQB IA47L   I L  7  9 -1 -1 -1   -0.400    -0.479056      0.006      0.079     3.644823     3.165767  62  -1   -1.000
1VQB IA47M   I M  7 10 -1 -1 -1   -1.700    -1.004805      0.483      0.695     3.644823     2.640018  62  -1   -1.000
1VQB IA47V   I V  7 17 -1 -1 -1   -2.000    -0.128841      3.501      1.871     3.644823     3.515982  62  -1   -1.000
1VQB VA35I   V I 17  7 -1 -1 -1   -0.600    -0.440767      0.025      0.159     3.571920     3.131154  47  -1   -1.000
1VQB YA41F   Y F 19  4 -1 -1 -1   -3.200    -0.871186      5.423      2.329     1.261871     0.390685  20  -1   -1.000
2LZM IA3L    I L  7  9 -1 -1 -1    0.700    -0.857683      2.426      1.558     3.055745     2.198062  64  -1   -1.000
2LZM IA3C    I C  7  1 -1 -1 -1    1.200    -2.224969     11.730      3.425     3.055745     0.830776  64  -1   -1.000
2LZM IA3P    I P  7 12 -1 -1 -1   -3.000    -2.287862      0.507      0.712     3.055745     0.767883  64  -1   -1.000
2LZM IA3Y    I Y  7 19 -1 -1 -1   -2.300    -0.884189      2.005      1.416     3.055745     2.171557  64  -1   -1.000
2LZM IA3V    I V  7 17 -1 -1 -1   -0.400    -1.016017      0.379      0.616     3.055745     2.039728  64  -1   -1.000
2LZM MA6I    M I 10  7 -1 -1 -1   -1.400    -1.113834      0.082      0.286     3.739355     2.625521  61  -1   -1.000
2LZM KA16E   K E  8  3 -1 -1 -1    0.500    -0.488153      0.976      0.988     1.373116     0.884963  51  -1   -1.000
2LZM SA38D   S D 15  2 -1 -1 -1    0.600     0.089083      0.261      0.511     0.737989     0.827072  29  -1   -1.000
2LZM NA55G   N G 11  5 -1 -1 -1   -0.600    -0.467655      0.018      0.132     1.182879     0.715225  35  -1   -1.000
2LZM KA60P   K P  8 12 -1 -1 -1   -0.001     0.146860      0.022      0.148     1.032604     1.179464  42  -1   -1.000
2LZM GA77A   G A  5  0 -1 -1 -1    0.400     1.154216      0.569      0.754     0.308676     1.462892  43  -1   -1.000
2LZM AA82P   A P  0 12 -1 -1 -1    0.800     0.374795      0.181      0.425     1.169731     1.544526  36  -1   -1.000
2LZM KA85A   K A  8  0 -1 -1 -1   -0.600    -0.058811      0.293      0.541     1.387893     1.329082  51  -1   -1.000
2LZM DA89A   D A  2  0 -1 -1 -1   -0.500     0.293033      0.629      0.793     0.809722     1.102755  43  -1   -1.000
2LZM RA96A   R A 14  0 -1 -1 -1   -2.000    -1.257297      0.552      0.743     3.213649     1.956352  74  -1   -1.000
2LZM RA96D   R D 14  2 -1 -1 -1   -3.500    -2.570786      0.863      0.929     3.213649     0.642863  74  -1   -1.000
2LZM RA96M   R M 14 10 -1 -1 -1   -2.700    -0.396668      5.305      2.303     3.213649     2.816980  74  -1   -1.000
2LZM RA96E   R E 14  3 -1 -1 -1   -2.500    -1.957264      0.295      0.543     3.213649     1.256384  74  -1   -1.000
2LZM RA96G   R G 14  5 -1 -1 -1   -2.600    -2.763064      0.027      0.163     3.213649     0.450585  74  -1   -1.000
2LZM RA96Q   R Q 14 13 -1 -1 -1   -0.300    -1.426626      1.269      1.127     3.213649     1.787023  74  -1   -1.000
2LZM RA96H   R H 14  6 -1 -1 -1   -3.100    -2.730509      0.137      0.369     3.213649     0.483139  74  -1   -1.000
2LZM RA96N   R N 14 11 -1 -1 -1   -3.000    -2.060450      0.883      0.940     3.213649     1.153198  74  -1   -1.000
2LZM RA96K   R K 14  8 -1 -1 -1   -0.001    -1.892402      3.577      1.891     3.213649     1.321246  74  -1   -1.000
2LZM RA96S   R S 14 15 -1 -1 -1   -2.600    -2.331410      0.072      0.269     3.213649     0.882238  74  -1   -1.000
2LZM RA96Y   R Y 14 19 -1 -1 -1   -4.700    -1.277654     11.712      3.422     3.213649     1.935994  74  -1   -1.000
2LZM RA96V   R V 14 17 -1 -1 -1   -2.400    -1.191936      1.459      1.208     3.213649     2.021712  74  -1   -1.000
2LZM RA96W   R W 14 18 -1 -1 -1   -4.500    -1.575282      8.554      2.925     3.213649     1.638366  74  -1   -1.000
2LZM AA98V   A V  0 17 -1 -1 -1   -4.900    -0.552355     18.902      4.348     3.221719     2.669364  93  -1   -1.000
2LZM QA105A  Q A 13  0 -1 -1 -1   -0.600    -1.010850      0.169      0.411     2.164323     1.153473  81  -1   -1.000
2LZM QA105E  Q E 13  3 -1 -1 -1   -1.100    -1.284942      0.034      0.185     2.164323     0.879381  81  -1   -1.000
2LZM QA105G  Q G 13  5 -1 -1 -1   -1.500    -2.034105      0.285      0.534     2.164323     0.130218  81  -1   -1.000
2LZM GA113A  G A  5  0 -1 -1 -1    0.300     0.285238      0.000      0.015     0.646343     0.931582  47  -1   -1.000
2LZM TA115E  T E 16  3 -1 -1 -1    0.300    -0.174768      0.225      0.475     1.074369     0.899601  47  -1   -1.000
2LZM NA116D  N D 11  2 -1 -1 -1    0.600    -0.499026      1.208      1.099     1.400744     0.901719  44  -1   -1.000
2LZM RA119E  R E 14  3 -1 -1 -1   -0.040    -0.714772      0.455      0.675     1.681095     0.966323  49  -1   -1.000
2LZM QA123E  Q E 13  3 -1 -1 -1    0.400    -0.394265      0.631      0.794     1.184024     0.789760  36  -1   -1.000
2LZM KA124G  K G  8  5 -1 -1 -1   -0.100    -0.364760      0.070      0.265     1.211553     0.846794  44  -1   -1.000
2LZM VA131A  V A 17  0 -1 -1 -1    0.300    -0.379318      0.461      0.679     1.702525     1.323206  45  -1   -1.000
2LZM VA131D  V D 17  2 -1 -1 -1    0.100    -0.800095      0.810      0.900     1.702525     0.902429  45  -1   -1.000
2LZM VA131G  V G 17  5 -1 -1 -1   -0.700    -1.302344      0.363      0.602     1.702525     0.400181  45  -1   -1.000
2LZM VA131I  V I 17  7 -1 -1 -1    0.200    -0.809856      1.020      1.010     1.702525     0.892669  45  -1   -1.000
2LZM VA131L  V L 17  9 -1 -1 -1    0.100    -0.632831      0.537      0.733     1.702525     1.069693  45  -1   -1.000
2LZM VA131S  V S 17 15 -1 -1 -1   -0.100    -0.907290      0.652      0.807     1.702525     0.795235  45  -1   -1.000
2LZM VA131M  V M 17 10 -1 -1 -1    0.100    -0.458861      0.312      0.559     1.702525     1.243663  45  -1   -1.000
2LZM VA131E  V E 17  3 -1 -1 -1    0.200    -0.604985      0.648      0.805     1.702525     1.097540  45  -1   -1.000
2LZM LA133A  L A  9  0 -1 -1 -1   -4.200    -1.603631      6.741      2.596     3.455183     1.851551  62  -1   -1.000
2LZM KA135E  K E  8  3 -1 -1 -1   -1.000    -0.267724      0.536      0.732     1.278703     1.010979  41  -1   -1.000
2LZM NA144D  N D 11  2 -1 -1 -1    0.400    -0.308773      0.502      0.709     1.128521     0.819748  45  -1   -1.000
2LZM KA147E  K E  8  3 -1 -1 -1   -0.700    -0.284233      0.173      0.416     1.408570     1.124337  60  -1   -1.000
2LZM VA149C  V C 17  1 -1 -1 -1   -2.200    -3.291758      1.192      1.092     4.250059     0.958301  79  -1   -1.000
2LZM TA152S  T S 16 15 -1 -1 -1   -2.600    -1.126673      2.171      1.473     1.797252     0.670579  68  -1   -1.000
2LZM RA154E  R E 14  3 -1 -1 -1   -1.100    -1.754534      0.428      0.655     2.532439     0.777905  56  -1   -1.000
2LZM GA156D  G D  5  2 -1 -1 -1   -2.300    -0.900613      1.958      1.399     1.255649     0.355035  52  -1   -1.000
2LZM TA157A  T A 16  0 -1 -1 -1   -0.500    -2.480225      3.921      1.980     1.506797    -0.973428  45  -1   -1.000
2LZM TA157C  T C 16  1 -1 -1 -1   -1.300    -1.232427      0.005      0.068     1.506797     0.274369  45  -1   -1.000
2LZM TA157D  T D 16  2 -1 -1 -1   -1.100    -0.685043      0.172      0.415     1.506797     0.821754  45  -1   -1.000
2LZM TA157E  T E 16  3 -1 -1 -1   -0.800    -0.872551      0.005      0.073     1.506797     0.634246  45  -1   -1.000
2LZM TA157F  T F 16  4 -1 -1 -1   -2.400    -1.503967      0.803      0.896     1.506797     0.002830  45  -1   -1.000
2LZM TA157G  T G 16  5 -1 -1 -1   -1.100    -0.843325      0.066      0.257     1.506797     0.663472  45  -1   -1.000
2LZM TA157H  T H 16  6 -1 -1 -1   -2.100    -0.702438      1.953      1.398     1.506797     0.804358  45  -1   -1.000
2LZM TA157I  T I 16  7 -1 -1 -1   -1.500    -1.804893      0.093      0.305     1.506797    -0.298096  45  -1   -1.000
2LZM TA157L  T L 16  9 -1 -1 -1   -1.700    -1.355870      0.118      0.344     1.506797     0.150926  45  -1   -1.000
2LZM TA157N  T N 16 11 -1 -1 -1   -1.200    -0.460060      0.548      0.740     1.506797     1.046737  45  -1   -1.000
2LZM TA157R  T R 16 14 -1 -1 -1    0.300    -0.492806      0.629      0.793     1.506797     1.013991  45  -1   -1.000
2LZM TA157S  T S 16 15 -1 -1 -1   -0.700    -0.652979      0.002      0.047     1.506797     0.853818  45  -1   -1.000
2LZM TA157V  T V 16 17 -1 -1 -1   -1.200    -1.968165      0.590      0.768     1.506797    -0.461368  45  -1   -1.000
2RN2 DA10N   D N  2 11 -1 -1 -1    0.900    -0.232778      1.283      1.133     1.150572     0.917794  80  -1   -1.000
2RN2 EA48Q   E Q  3 13 -1 -1 -1    0.200    -0.307757      0.258      0.508     1.289849     0.982092  97  -1   -1.000
2RN2 AA52F   A F  0  4 -1 -1 -1   -0.500     0.555078      1.113      1.055     2.576597     3.131675  95  -1   -1.000
2RN2 AA52I   A I  0  7 -1 -1 -1    1.900     1.657058      0.059      0.243     2.576597     4.233654  95  -1   -1.000
2RN2 AA52L   A L  0  9 -1 -1 -1    1.300     1.180996      0.014      0.119     2.576597     3.757593  95  -1   -1.000
2RN2 AA52V   A V  0 17 -1 -1 -1    1.700     0.433905      1.603      1.266     2.576597     3.010501  95  -1   -1.000
2RN2 HA62A   H A  6  0 -1 -1 -1    0.400     0.253063      0.022      0.147     0.425706     0.678769  36  -1   -1.000
2RN2 HA62P   H P  6 12 -1 -1 -1    1.100     1.237373      0.019      0.137     0.425706     1.663079  36  -1   -1.000
2RN2 DA70N   D N  2 11 -1 -1 -1    0.900     0.320987      0.335      0.579     0.884685     1.205673  61  -1   -1.000
2RN2 VA74L   V L 17  9 -1 -1 -1    0.190     0.549087      0.129      0.359     2.293185     2.842272  75  -1   -1.000
2RN2 VA74I   V I 17  7 -1 -1 -1    0.450     0.123030      0.107      0.327     2.293185     2.416215  75  -1   -1.000
2RN2 GA77A   G A  5  0 -1 -1 -1   -0.900     1.238227      4.572      2.138     0.288151     1.526377  62  -1   -1.000
2RN2 KA95A   K A  8  0 -1 -1 -1    0.100    -0.013311      0.013      0.113     0.629053     0.615742  21  -1   -1.000
2RN2 KA95G   K G  8  5 -1 -1 -1    1.900     0.154660      3.046      1.745     0.629053     0.783713  21  -1   -1.000
2RN2 KA95N   K N  8 11 -1 -1 -1    0.900     0.303512      0.356      0.596     0.629053     0.932565  21  -1   -1.000
2RN2 DA134A  D A  2  0 -1 -1 -1    2.100     0.792601      1.709      1.307     0.747307     1.539908  67  -1   -1.000
2RN2 DA134H  D H  2  6 -1 -1 -1    2.300     0.097274      4.852      2.203     0.747307     0.844581  67  -1   -1.000
2RN2 DA134N  D N  2 11 -1 -1 -1    1.000    -0.099778      1.210      1.100     0.747307     0.647529  67  -1   -1.000
4LYZ MA12F   M F 10  4 -1 -1 -1    0.500     0.011392      0.239      0.489     3.305126     3.316518  71  -1   -1.000
4LYZ MA12L   M L 10  9 -1 -1 -1   -0.400     0.358951      0.576      0.759     3.305126     3.664077  71  -1   -1.000
4LYZ TA40S   T S 16 15 -1 -1 -1   -0.300    -0.534182      0.055      0.234     1.037331     0.503150  60  -1   -1.000
4LYZ GA49A   G A  5  0 -1 -1 -1   -1.900     0.219351      4.492      2.119     0.432000     0.651351  31  -1   -1.000
4LYZ IA55V   I V  7 17 -1 -1 -1   -0.900    -2.334138      2.057      1.434     3.032257     0.698119  78  -1   -1.000
4LYZ IA58M   I M  7 10 -1 -1 -1   -1.200    -2.660219      2.132      1.460     3.878910     1.218691  86  -1   -1.000
4LYZ GA67A   G A  5  0 -1 -1 -1   -0.500    -0.165193      0.112      0.335     0.385308     0.220115  36  -1   -1.000
4LYZ GA71A   G A  5  0 -1 -1 -1   -0.380     0.222948      0.364      0.603     0.287410     0.510358  30  -1   -1.000
4LYZ IA78M   I M  7 10 -1 -1 -1   -0.900    -0.341893      0.311      0.558     1.594888     1.252996  51  -1   -1.000
4LYZ SA91A   S A 15  0 -1 -1 -1   -1.800     1.325855      9.771      3.126     0.649846     1.975702  80  -1   -1.000
4LYZ SA91T   S T 15 16 -1 -1 -1    1.000    -0.172742      1.375      1.173     0.649846     0.477104  80  -1   -1.000
4LYZ IA98M   I M  7 10 -1 -1 -1   -0.900    -0.221072      0.461      0.679     2.411965     2.190893  65  -1   -1.000
4LYZ GA102A  G A  5  0 -1 -1 -1    0.020    -1.210483      1.514      1.230     0.535318    -0.675165  28  -1   -1.000
4LYZ GA117A  G A  5  0 -1 -1 -1   -1.460    -0.879689      0.337      0.580     0.518976    -0.360713  35  -1   -1.000
5PTI FA22A   F A  4  0 -1 -1 -1   -1.200    -1.739846      0.291      0.540     3.199438     1.459592  53  -1   -1.000
5PTI YA23A   Y A 19  0 -1 -1 -1   -5.900    -3.049232      8.127      2.851     3.827401     0.778169  46  -1   -1.000
5PTI YA35G   Y G 19  5 -1 -1 -1   -5.000    -2.903235      4.396      2.097     3.265962     0.362728  37  -1   -1.000
5PTI NA43G   N G 11  5 -1 -1 -1   -5.700    -1.327866     19.116      4.372     1.767258     0.439393  51  -1   -1.000
5PTI FA45A   F A  4  0 -1 -1 -1   -6.900    -2.248934     21.632      4.651     3.000549     0.751615  50  -1   -1.000
1QIR YA191C  Y C 19  1 -1 -1 -1    2.300     1.770872      0.280      0.529    -0.047095     1.723777  88  -1   -1.000
1QIS FA191C  F C  4  1 -1 -1 -1    1.600     2.487549      0.788      0.888    -0.485639     2.001909  89  -1   -1.000
1QIT WA191C  W C 18  1 -1 -1 -1    3.900     1.842443      4.234      2.058     0.130997     1.973440  87  -1   -1.000
5EAA SA191C  S C 15  1 -1 -1 -1    1.900     1.043227      0.734      0.857     0.370296     1.413523  92  -1   -1.000
1BRG LA7F    L F  9  4 -1 -1 -1    4.100     0.620841     12.105      3.479     1.537849     2.158690  58  -1   -1.000
1BRH AA14L   A L  0  9 -1 -1 -1    4.500     1.624089      8.271      2.876     1.066670     2.690759  52  -1   -1.000
1BNS AA26T   A T  0 16 -1 -1 -1    1.700     0.794372      0.820      0.906     0.482881     1.277254  56  -1   -1.000
1BSA VA51I   V I 17  7 -1 -1 -1    1.100     0.864394      0.056      0.236     2.046018     2.910411  70  -1   -1.000
1BRI AA76I   A I  0  7 -1 -1 -1    1.700     1.994139      0.087      0.294     0.868286     2.862425  67  -1   -1.000
1BSB VA76I   V I 17  7 -1 -1 -1    1.000     0.764612      0.055      0.235     2.375037     3.139650  71  -1   -1.000
1BAO FA78Y   F Y  4 19 -1 -1 -1    1.100     1.377813      0.077      0.278     0.529543     1.907357  57  -1   -1.000
1BRJ AA88I   A I  0  7 -1 -1 -1    4.000     2.213242      3.193      1.787     1.206402     3.419644  74  -1   -1.000
1BSC VA88I   V I 17  7 -1 -1 -1    1.600     0.528625      1.148      1.071     3.611787     4.140412  75  -1   -1.000
1BSE VA89L   V L 17  9 -1 -1 -1    0.500    -0.573864      1.153      1.074     3.456069     2.882204  76  -1   -1.000
1BAN AA91S   A S  0 15 -1 -1 -1    1.800     0.542721      1.581      1.257     0.508995     1.051716  55  -1   -1.000
1BRK AA96I   A I  0  7 -1 -1 -1    3.200     2.773303      0.182      0.427     1.113778     3.887081  64  -1   -1.000
1BSD VA96I   V I 17  7 -1 -1 -1    0.900     0.397955      0.252      0.502     3.654361     4.052316  63  -1   -1.000
1E6K AA12D   A D  0  2 -1 -1 -1   -2.500     0.339101      8.060      2.839     1.246443     1.585544  62  -1   -1.000
1E6L AA13D   A D  0  2 -1 -1 -1   -2.700     0.972045     13.484      3.672     0.003803     0.975848  48  -1   -1.000
1E6M AA57D   A D  0  2 -1 -1 -1   -3.300     0.895665     17.604      4.196     1.063813     1.959478  80  -1   -1.000
2EXZ CA22T   C T  1 16 -1 -1 -1    0.900     1.397811      0.248      0.498     0.016722     1.414533  79  -1   -1.000
2EY1 VA22T   V T 17 16 -1 -1 -1    0.900    -0.862208      3.105      1.762     2.353158     1.490950  80  -1   -1.000
2F0E LA23V   L V  9 17 -1 -1 -1    0.100     1.471180      1.880      1.371     2.141136     3.612316  79  -1   -1.000
2F0F IA25L   I L  7  9 -1 -1 -1    1.700    -0.486661      4.781      2.187     3.767493     3.280832  61  -1   -1.000
1EY5 VA33T   V T 17 16 -1 -1 -1   -0.400    -1.247531      0.718      0.848     2.690229     1.442698  57  -1   -1.000
2EY2 CA41T   C T  1 16 -1 -1 -1   -0.600    -0.148125      0.204      0.452     0.968124     0.820000  72  -1   -1.000
1EY6 IA41T   I T  7 16 -1 -1 -1   -0.700    -0.811837      0.013      0.112     1.656216     0.844379  72  -1   -1.000
2EY5 SA41T   S T 15 16 -1 -1 -1    1.100     0.469518      0.398      0.630     0.437140     0.906658  73  -1   -1.000
2EY6 VA41T   V T 17 16 -1 -1 -1   -0.800    -0.960094      0.026      0.160     1.763012     0.802918  73  -1   -1.000
2EYF VA44T   V T 17 16 -1 -1 -1   -0.100    -0.359369      0.067      0.259     0.731136     0.371767  41  -1   -1.000
1EY4 AA59S   A S  0 15 -1 -1 -1   -0.500    -0.372350      0.016      0.128     1.183220     0.810870  64  -1   -1.000
2EYH SA62T   S T 15 16 -1 -1 -1    2.100     0.693372      1.979      1.407     0.024622     0.717994  74  -1   -1.000
2EYJ VA62T   V T 17 16 -1 -1 -1    0.200    -1.381756      2.502      1.582     2.131526     0.749770  71  -1   -1.000
2F0G IA66V   I V  7 17 -1 -1 -1    1.000    -0.341051      1.798      1.341     3.096972     2.755920  62  -1   -1.000
2F0H LA66V   L V  9 17 -1 -1 -1    0.300    -0.133490      0.188      0.433     2.758698     2.625209  63  -1   -1.000
2SNM KA66V   K V  8 17 -1 -1 -1    7.500     2.487478     25.125      5.013     0.009374     2.496853  64  -1   -1.000
2F0I LA72I   L I  9  7 -1 -1 -1    0.200     1.073588      0.763      0.874     2.893891     3.967479  61  -1   -1.000
2F0J VA72I   V I 17  7 -1 -1 -1    1.200     0.305974      0.799      0.894     3.621079     3.927054  60  -1   -1.000
2EYL SA82T   S T 15 16 -1 -1 -1    0.700     0.577539      0.015      0.122     0.199840     0.777379  45  -1   -1.000
2F0D VA92I   V I 17  7 -1 -1 -1    0.400     0.672139      0.074      0.272     3.139581     3.811720  88  -1   -1.000
1KAB GA116K  G K  5  8 -1 -1 -1   -1.000    -0.339540      0.436      0.660     0.604919     0.265379  29  -1   -1.000
1SYG AA117P  A P  0 12 -1 -1 -1   -0.800     0.953698      3.075      1.754    -0.788286     0.165411  35  -1   -1.000
1SYC GA117P  G P  5 12 -1 -1 -1   -0.900    -0.708208      0.037      0.192     0.723683     0.015475  35  -1   -1.000
1SYE TA117P  T P 16 12 -1 -1 -1   -1.100    -0.103393      0.993      0.997     0.068807    -0.034586  35  -1   -1.000
2EYM CA120T  C T  1 16 -1 -1 -1    1.700     0.377396      1.749      1.323     0.198711     0.576107  44  -1   -1.000
2EYO SA120T  S T 15 16 -1 -1 -1    0.600     0.232553      0.135      0.367     0.460354     0.692906  46  -1   -1.000
2EYP VA120T  V T 17 16 -1 -1 -1    1.800     0.346399      2.113      1.454     0.342325     0.688724  47  -1   -1.000
1EY7 AA128S  A S  0 15 -1 -1 -1   -0.700    -0.648957      0.003      0.051     1.405461     0.756504  49  -1   -1.000
1MX2 NA71F   N F 11  4 -1 -1 -1   -0.700     1.597857      5.280      2.298     0.520072     2.117929  57  -1   -1.000
1MX4 QA82F   Q F 13  4 -1 -1 -1    0.400     0.563929      0.027      0.164     1.439969     2.003898  61  -1   -1.000
1MX6 NA92F   N F 11  4 -1 -1 -1    1.100     1.026768      0.005      0.073     1.166743     2.193511  49  -1   -1.000
1HIB GA9T    G T  5 16 -1 -1 -1    2.600     1.193320      1.979      1.407     0.214562     1.407883  67  -1   -1.000
245L AA6M    A M  0 10 -1 -1 -1    1.900     2.333106      0.188      0.433     1.558958     3.892064  64  -1   -1.000
230L LA6M    L M  9 10 -1 -1 -1    2.800     1.554837      1.550      1.245     2.360452     3.915289  64  -1   -1.000
1QT6 HA11E   H E  6  3 -1 -1 -1   -0.100     0.487206      0.345      0.587     0.891255     1.378461  71  -1   -1.000
1QT7 NA11E   N E 11  3 -1 -1 -1    0.100     0.892238      0.628      0.792     0.618119     1.510357  71  -1   -1.000
239L AA17I   A I  0  7 -1 -1 -1    2.700     2.736443      0.001      0.036     1.001933     3.738375  56  -1   -1.000
253L AA20D   A D  0  2 -1 -1 -1    0.300     0.256387      0.002      0.044     0.729800     0.986186  55  -1   -1.000
255L NA20D   N D 11  2 -1 -1 -1   -1.300    -0.059511      1.539      1.240     0.859287     0.799776  55  -1   -1.000
254L SA20D   S D 15  2 -1 -1 -1   -0.700     0.602904      1.698      1.303     0.394493     0.997397  56  -1   -1.000
240L AA27I   A I  0  7 -1 -1 -1    3.100     3.417469      0.101      0.317     1.425618     4.843087  67  -1   -1.000
1D2W MA27I   M I 10  7 -1 -1 -1    3.100     2.186292      0.835      0.914     2.257645     4.443936  66  -1   -1.000
241L AA29I   A I  0  7 -1 -1 -1    2.600     4.490817      3.575      1.891     0.333697     4.824514  65  -1   -1.000
1L61 NA38S   N S 11 15 -1 -1 -1    0.010     0.550636      0.292      0.541     0.505267     1.055903  29  -1   -1.000
120L SA41A   S A 15  0 -1 -1 -1    0.600     1.012288      0.170      0.412     0.375409     1.387697  36  -1   -1.000
1QTB VA42A   V A 17  0 -1 -1 -1    2.700    -0.169850      8.236      2.870     1.784366     1.614516  43  -1   -1.000
206L SA42A   S A 15  0 -1 -1 -1    2.300     1.678431      0.386      0.622     0.339043     2.017473  45  -1   -1.000
1L66 AA43K   A K  0  8 -1 -1 -1    1.000     0.165720      0.696      0.834     1.269182     1.434902  45  -1   -1.000
1L68 AA44S   A S  0 15 -1 -1 -1   -0.300     0.073737      0.140      0.374     0.941146     1.014883  39  -1   -1.000
108L IA44S   I S  7 15 -1 -1 -1   -0.300     0.428569      0.531      0.729     0.567670     0.996239  39  -1   -1.000
110L LA44S   L S  9 15 -1 -1 -1   -0.400     0.339377      0.547      0.739     0.668215     1.007593  39  -1   -1.000
109L KA44S   K S  8 15 -1 -1 -1   -0.200     0.164282      0.133      0.364     0.792485     0.956767  39  -1   -1.000
217L EA44S   E S  3 15 -1 -1 -1   -0.001     0.250351      0.063      0.251     0.769284     1.019635  39  -1   -1.000
107L GA44S   G S  5 15 -1 -1 -1    0.500     0.805290      0.093      0.305     0.213490     1.018780  39  -1   -1.000
113L RA44S   R S 14 15 -1 -1 -1   -0.200    -0.269117      0.005      0.069     1.252846     0.983729  39  -1   -1.000
111L NA44S   N S 11 15 -1 -1 -1    0.100     0.408756      0.095      0.309     0.642167     1.050923  39  -1   -1.000
137L FA44S   F S  4 15 -1 -1 -1   -0.100     0.289998      0.152      0.390     0.745594     1.035592  39  -1   -1.000
112L PA44S   P S 12 15 -1 -1 -1    3.000     0.634109      5.597      2.366     0.321374     0.955483  38  -1   -1.000
114L TA44S   T S 16 15 -1 -1 -1   -0.010     0.507415      0.268      0.517     0.501344     1.008758  39  -1   -1.000
115L VA44S   V S 17 15 -1 -1 -1   -0.100     0.054527      0.024      0.155     0.915834     0.970362  39  -1   -1.000
1L67 AA46L   A L  0  9 -1 -1 -1    1.900     1.879621      0.000      0.020     1.417267     3.296887  54  -1   -1.000
1L65 AA47D   A D  0  2 -1 -1 -1    1.000    -0.174963      1.381      1.175     1.075773     0.900810  43  -1   -1.000
221L SA49A   S A 15  0 -1 -1 -1    0.500     1.483414      0.967      0.983     0.200622     1.684036  51  -1   -1.000
242L AA50I   A I  0  7 -1 -1 -1    2.000     1.748465      0.063      0.252     0.921697     2.670162  44  -1   -1.000
1D2Y MA50I   M I 10  7 -1 -1 -1    0.400     1.588564      1.413      1.189     0.914059     2.502624  44  -1   -1.000
243L AA58I   A I  0  7 -1 -1 -1    3.200     2.052521      1.317      1.147     0.862770     2.915292  48  -1   -1.000
1G1V TA58I   T I 16  7 -1 -1 -1    3.400     2.748388      0.425      0.652     0.207813     2.956201  47  -1   -1.000
1LYJ AA59T   A T  0 16 -1 -1 -1    1.500     1.019171      0.231      0.481     0.458837     1.478008  38  -1   -1.000
1LYI DA59T   D T  2 16 -1 -1 -1    1.200     0.673654      0.277      0.526     0.790955     1.464610  38  -1   -1.000
1LYH GA59T   G T  5 16 -1 -1 -1    1.600     0.860602      0.547      0.739     0.514241     1.374843  38  -1   -1.000
1LYG NA59T   N T 11 16 -1 -1 -1    1.100     0.402200      0.487      0.698     1.039252     1.441451  38  -1   -1.000
1LYF SA59T   S T 15 16 -1 -1 -1    0.200     0.681723      0.232      0.482     0.867024     1.548747  39  -1   -1.000
1LYE VA59T   V T 17 16 -1 -1 -1    1.500     1.259217      0.058      0.241     0.147363     1.406580  37  -1   -1.000
1D3J MA66L   M L 10  9 -1 -1 -1    1.000     0.588113      0.170      0.412     1.899438     2.487551  61  -1   -1.000
246L AA67F   A F  0  4 -1 -1 -1    1.900     2.127211      0.052      0.227     1.166750     3.293961  64  -1   -1.000
1L76 PA72D   P D 12  2 -1 -1 -1    2.700     0.293925      5.789      2.406     0.540174     0.834099  48  -1   -1.000
122L SA73A   S A 15  0 -1 -1 -1    0.400     1.277572      0.770      0.878     0.300918     1.578490  48  -1   -1.000
127L TA75V   T V 16 17 -1 -1 -1    1.300     2.015218      0.512      0.715     0.610113     2.625332  56  -1   -1.000
1CTW AA78I   A I  0  7 -1 -1 -1    1.200     1.886827      0.472      0.687     1.368244     3.255071  57  -1   -1.000
1CU0 MA78I   M I 10  7 -1 -1 -1    1.500     2.051858      0.305      0.552     2.019347     4.071205  52  -1   -1.000
1P2R VA78I   V I 17  7 -1 -1 -1    0.800     2.230107      2.045      1.430     2.010757     4.240864  53  -1   -1.000
123L SA82A   S A 15  0 -1 -1 -1    0.300     0.815730      0.266      0.516     0.657653     1.473383  37  -1   -1.000
247L AA84L   A L  0  9 -1 -1 -1    2.600     2.657603      0.003      0.058     1.210222     3.867825  56  -1   -1.000
1CU2 MA84L   M L 10  9 -1 -1 -1    1.900     1.973974      0.005      0.074     1.697680     3.671654  54  -1   -1.000
236L AA87V   A V  0 17 -1 -1 -1    1.700     1.946496      0.061      0.246     1.432528     3.379024  61  -1   -1.000
1CU3 MA87V   M V 10 17 -1 -1 -1    2.300     0.772395      2.334      1.528     1.873789     2.646185  58  -1   -1.000
1P2L IA87V   I V  7 17 -1 -1 -1    0.300     1.199182      0.809      0.899     2.235220     3.434401  61  -1   -1.000
128L TA87V   T V 16 17 -1 -1 -1    1.600     2.920303      1.743      1.320     0.538224     3.458527  60  -1   -1.000
1CU6 AA91L   A L  0  9 -1 -1 -1    2.600     2.577860      0.000      0.022     0.898758     3.476617  53  -1   -1.000
1CU5 MA91L   M L 10  9 -1 -1 -1    0.800     1.335217      0.286      0.535     2.142562     3.477779  51  -1   -1.000
1L55 NA92D   N D 11  2 -1 -1 -1    1.400     0.358323      1.085      1.042     1.234743     1.593066  46  -1   -1.000
224L SA93A   S A 15  0 -1 -1 -1    0.200     1.562490      1.856      1.362     0.484564     2.047055  51  -1   -1.000
1QSB CA98A   C A  1  0 -1 -1 -1    1.000     2.284292      1.649      1.284     1.200715     3.485007  94  -1   -1.000
1QS5 LA98A   L A  9  0 -1 -1 -1    4.300     0.253982     16.370      4.046     2.625118     2.879100  93  -1   -1.000
125L SA98A   S A 15  0 -1 -1 -1    2.500     2.917581      0.174      0.418     0.747819     3.665400  93  -1   -1.000
1QS9 VA98A   V A 17  0 -1 -1 -1    3.200     0.728086      6.110      2.472     2.533760     3.261846  89  -1   -1.000
1L90 AA99L   A L  0  9 -1 -1 -1    4.500     3.084071      2.005      1.416     1.820900     4.904971  91  -1   -1.000
1L91 FA99L   F L  4  9 -1 -1 -1    0.300     1.617482      1.736      1.317     3.029903     4.647385  93  -1   -1.000
1L92 IA99L   I L  7  9 -1 -1 -1    1.500     1.438636      0.004      0.061     2.992374     4.431010  92  -1   -1.000
1L93 MA99L   M L 10  9 -1 -1 -1    0.600     1.285589      0.470      0.686     3.388007     4.673595  93  -1   -1.000
1L94 VA99L   V L 17  9 -1 -1 -1    2.000     1.869861      0.017      0.130     2.643498     4.513360  91  -1   -1.000
244L AA100I  A I  0  7 -1 -1 -1    3.400     2.762243      0.407      0.638     2.046437     4.808681  83  -1   -1.000
1CUP MA100I  M I 10  7 -1 -1 -1    1.600     2.373194      0.598      0.773     2.938788     5.311983  83  -1   -1.000
1P36 VA100I  V I 17  7 -1 -1 -1    0.400     2.627510      4.962      2.228     2.823283     5.450793  84  -1   -1.000
1I6S AA101N  A N  0 11 -1 -1 -1    1.500     0.455848      1.090      1.044     2.028797     2.484645  90  -1   -1.000
1L77 LA102M  L M  9 10 -1 -1 -1    1.000     2.995814      3.983      1.996     2.868722     5.864535 101  -1   -1.000
238L AA103V  A V  0 17 -1 -1 -1    2.200     2.162125      0.001      0.038     1.824369     3.986494  78  -1   -1.000
1P7S IA103V  I V  7 17 -1 -1 -1    0.500     1.203184      0.494      0.703     2.739789     3.942973  83  -1   -1.000
1CUQ MA103V  M V 10 17 -1 -1 -1    1.200     0.890192      0.096      0.310     2.829386     3.719579  79  -1   -1.000
1CV0 MA104F  M F 10  4 -1 -1 -1    0.400     2.709847      5.335      2.310     1.529334     4.239182  81  -1   -1.000
1G1W MA105Q  M Q 10 13 -1 -1 -1    1.200     0.750664      0.202      0.449     1.432730     2.183394  81  -1   -1.000
1P46 IA106M  I M  7 10 -1 -1 -1   -0.200     1.592574      3.213      1.793     0.970694     2.563268  74  -1   -1.000
234L LA106M  L M  9 10 -1 -1 -1   -0.500     1.476342      3.906      1.976     1.732176     3.208519  75  -1   -1.000
231L KA106M  K M  8 10 -1 -1 -1    3.400     3.166715      0.054      0.233     0.679023     3.845738  77  -1   -1.000
1L62 DA109T  D T  2 16 -1 -1 -1   -0.600     0.583865      1.402      1.184     0.721406     1.305271  42  -1   -1.000
1L59 NA109T  N T 11 16 -1 -1 -1   -0.100     0.778042      0.771      0.878     0.536032     1.314074  43  -1   -1.000
235L AA111V  A V  0 17 -1 -1 -1    1.300     2.724941      2.030      1.425     1.284016     4.008957  68  -1   -1.000
2L78 IA111V  I V  7 17 -1 -1 -1    0.900     0.024545      0.766      0.875     2.501591     2.526136  62  -1   -1.000
1CV1 MA111V  M V 10 17 -1 -1 -1    0.700     0.040629      0.435      0.659     2.098139     2.138767  60  -1   -1.000
1TLA FA117S  F S  4 15 -1 -1 -1   -1.100    -0.999242      0.010      0.101     2.333989     1.334747  63  -1   -1.000
1CVK AA118L  A L  0  9 -1 -1 -1    3.200     2.374653      0.681      0.825     1.230285     3.604938  65  -1   -1.000
1CV4 MA118L  M L 10  9 -1 -1 -1    0.700     2.188454      2.215      1.488     1.828521     4.016975  67  -1   -1.000
233L LA120M  L M  9 10 -1 -1 -1   -0.500     1.866604      5.601      2.367     1.394041     3.260644  48  -1   -1.000
232L KA120M  K M  8 10 -1 -1 -1    1.600     2.551317      0.905      0.951     0.531538     3.082855  48  -1   -1.000
1P6Y YA120M  Y M 19 10 -1 -1 -1    0.100     1.487006      1.924      1.387     1.657892     3.144898  48  -1   -1.000
1CV3 MA121L  M L 10  9 -1 -1 -1    0.800     2.573535      3.145      1.774     1.592159     4.165694  59  -1   -1.000
1QTC FA129A  F A  4  0 -1 -1 -1    1.200     0.498748      0.492      0.701     1.922632     2.421381  51  -1   -1.000
1QTD WA129A  W A 18  0 -1 -1 -1    2.200     0.977011      1.496      1.223     1.398130     2.375142  49  -1   -1.000
118L SA130A  S A 15  0 -1 -1 -1    1.000     2.021287      1.043      1.021     0.624424     2.645711  57  -1   -1.000
1P64 FA133L  F L  4  9 -1 -1 -1    0.300     0.342757      0.002      0.043     3.181036     3.523793  63  -1   -1.000
1CV5 MA133L  M L 10  9 -1 -1 -1    0.400     0.859775      0.211      0.460     2.896552     3.756327  61  -1   -1.000
119L SA134A  S A 15  0 -1 -1 -1    0.100     1.724448      2.639      1.624     0.565696     2.290144  49  -1   -1.000
1L39 EA144N  E N  3 11 -1 -1 -1   -0.500     0.665991      1.360      1.166     0.717755     1.383746  46  -1   -1.000
237L AA149V  A V  0 17 -1 -1 -1    3.200     2.807139      0.154      0.393     1.759698     4.566837  79  -1   -1.000
1G07 CA149V  C V  1 17 -1 -1 -1    2.000     3.233699      1.522      1.234     1.050045     4.283744  77  -1   -1.000
1G0P GA149V  G V  5 17 -1 -1 -1    4.900     4.771287      0.017      0.129    -0.309475     4.461812  79  -1   -1.000
1G0Q IA149V  I V  7 17 -1 -1 -1    0.100     1.505137      1.974      1.405     2.630353     4.135490  80  -1   -1.000
1CV6 MA149V  M V 10 17 -1 -1 -1    2.800     2.045003      0.570      0.755     2.009130     4.054133  76  -1   -1.000
126L TA149V  T V 16 17 -1 -1 -1    2.800     3.809094      1.018      1.009     0.794125     4.603219  80  -1   -1.000
1G06 SA149V  S V 15 17 -1 -1 -1    4.400     4.030485      0.137      0.370     0.384997     4.415482  80  -1   -1.000
1G0G AA152T  A T  0 16 -1 -1 -1    1.500     0.286629      1.472      1.213     1.699928     1.986557  66  -1   -1.000
1G0K CA152T  C T  1 16 -1 -1 -1    0.500     0.901469      0.161      0.401     0.854685     1.756154  69  -1   -1.000
1G0M IA152T  I T  7 16 -1 -1 -1    0.400    -0.765933      1.359      1.166     2.634149     1.868216  66  -1   -1.000
1G0J SA152T  S T 15 16 -1 -1 -1    2.000     1.652145      0.121      0.348     0.542959     2.195105  68  -1   -1.000
1G0L VA152T  V T 17 16 -1 -1 -1   -0.200     0.676816      0.769      0.877     1.477993     2.154809  69  -1   -1.000
1L85 AA153F  A F  0  4 -1 -1 -1    3.800     3.229174      0.326      0.571     1.735671     4.964845  76  -1   -1.000
1L86 IA153F  I F  7  4 -1 -1 -1    0.200     1.534632      1.781      1.335     3.266297     4.800930  72  -1   -1.000
1L87 LA153F  L F  9  4 -1 -1 -1   -0.300     2.298015      6.750      2.598     2.953520     5.251534  72  -1   -1.000
1L88 MA153F  M F 10  4 -1 -1 -1    0.600     2.745481      4.603      2.145     2.406003     5.151484  73  -1   -1.000
1L95 VA153F  V F 17  4 -1 -1 -1    1.800     3.085656      1.653      1.286     1.927457     5.013113  73  -1   -1.000
1OUG AA2V    A V  0 17 -1 -1 -1    1.500     0.474886      1.051      1.025     0.207668     0.682554  41  -1   -1.000
1GAY GA2V    G V  5 17 -1 -1 -1    2.290     0.873500      2.006      1.417    -0.183749     0.689750  42  -1   -1.000
1GF8 SA2V    S V 15 17 -1 -1 -1    1.400     1.185582      0.046      0.214     0.234410     1.419991  42  -1   -1.000
1GF9 YA2V    Y V 19 17 -1 -1 -1    0.400     0.908471      0.259      0.508     0.524581     1.433052  42  -1   -1.000
1GFA DA2V    D V  2 17 -1 -1 -1    1.400     0.391042      1.018      1.009     0.331307     0.722350  42  -1   -1.000
1GFE NA2V    N V 11 17 -1 -1 -1    1.300     1.206321      0.009      0.094     0.311702     1.518023  42  -1   -1.000
1GFG RA2V    R V 14 17 -1 -1 -1    0.400     0.798450      0.159      0.398     0.576472     1.374922  43  -1   -1.000
1GB0 LA2V    L V  9 17 -1 -1 -1    0.050     0.435618      0.149      0.386     0.227532     0.663149  42  -1   -1.000
1GB2 MA2V    M V 10 17 -1 -1 -1    0.200     0.824288      0.390      0.624     0.288809     1.113097  42  -1   -1.000
1GB3 FA2V    F V  4 17 -1 -1 -1    0.800     0.920207      0.014      0.120     0.066552     0.986759  42  -1   -1.000
1WQN FA20Y   F Y  4 19 -1 -1 -1    0.500     1.484735      0.970      0.985     1.280811     2.765547  46  -1   -1.000
2HEB AA23I   A I  0  7 -1 -1 -1    2.500     2.242009      0.067      0.258     0.616935     2.858944  57  -1   -1.000
1YAN VA23I   V I 17  7 -1 -1 -1    0.400     1.146017      0.557      0.746     2.219211     3.365228  59  -1   -1.000
1WQO FA38Y   F Y  4 19 -1 -1 -1    0.200     2.016256      3.299      1.816     1.903566     3.919822  62  -1   -1.000
1WQP FA45Y   F Y  4 19 -1 -1 -1   -0.100     0.893733      0.988      0.994     1.027155     1.920887  41  -1   -1.000
1LHL PA47A   P A 12  0 -1 -1 -1   -0.100     0.064047      0.027      0.164     0.690077     0.754123  23  -1   -1.000
1WQQ FA54Y   F Y  4 19 -1 -1 -1    1.000     4.648623     13.312      3.649     0.464687     5.113309  72  -1   -1.000
2HEC AA56I   A I  0  7 -1 -1 -1    3.700     4.294801      0.354      0.595     0.249053     4.543854  78  -1   -1.000
1OUA TA56I   T I 16  7 -1 -1 -1    3.600     3.798010      0.039      0.198     0.278934     4.076944  77  -1   -1.000
1YAO VA56I   V I 17  7 -1 -1 -1    1.200     3.353036      4.636      2.153     1.110837     4.463873  77  -1   -1.000
2HED AA59I   A I  0  7 -1 -1 -1    1.700     3.696368      3.985      1.996     0.594376     4.290744  82  -1   -1.000
2HEE GA59I   G I  5  7 -1 -1 -1    3.800     3.770416      0.001      0.030     0.134546     3.904962  82  -1   -1.000
1YAP VA59I   V I 17  7 -1 -1 -1    1.100     0.758593      0.117      0.341     2.827746     3.586339  82  -1   -1.000
1WQR FA63Y   F Y  4 19 -1 -1 -1    0.200     1.003466      0.646      0.803     1.450131     2.453597  59  -1   -1.000
1LHI GA71P   G P  5 12 -1 -1 -1    1.600     0.406239      1.425      1.194     0.253204     0.659443  28  -1   -1.000
1OUH AA74V   A V  0 17 -1 -1 -1    0.400     1.284383      0.782      0.884     0.142500     1.426883  39  -1   -1.000
1GB5 GA74V   G V  5 17 -1 -1 -1    0.100     1.297169      1.433      1.197     0.086118     1.383287  40  -1   -1.000
1GB6 IA74V   I V  7 17 -1 -1 -1   -0.450     0.824356      1.624      1.274     0.526295     1.350650  38  -1   -1.000
1GB7 LA74V   L V  9 17 -1 -1 -1   -0.190     1.560770      3.065      1.751    -0.039397     1.521373  38  -1   -1.000
1GB8 MA74V   M V 10 17 -1 -1 -1   -0.650     1.174345      3.328      1.824     0.356265     1.530610  39  -1   -1.000
1GB9 FA74V   F V  4 17 -1 -1 -1    0.290     1.179129      0.791      0.889     0.405139     1.584268  37  -1   -1.000
1GFH YA74V   Y V 19 17 -1 -1 -1    0.300     0.869279      0.324      0.569     0.673280     1.542559  37  -1   -1.000
1GFJ DA74V   D V  2 17 -1 -1 -1    0.400     1.466622      1.138      1.067     0.215519     1.682140  38  -1   -1.000
1GFK NA74V   N V 11 17 -1 -1 -1    0.300     1.260495      0.923      0.960     0.247037     1.507532  38  -1   -1.000
1GFR RA74V   R V 14 17 -1 -1 -1    0.100     0.834336      0.539      0.734     0.547942     1.382278  37  -1   -1.000
1B7S SA74V   S V 15 17 -1 -1 -1    0.400     1.416625      1.034      1.017     0.008164     1.424789  38  -1   -1.000
1HNL AA77C   A C  0  1 -1 -1 -1    4.600     0.064537     20.570      4.535    -0.120009    -0.055472  42  -1   -1.000
2HEF AA89I   A I  0  7 -1 -1 -1    2.700     2.293094      0.166      0.407     0.743932     3.037027  65  -1   -1.000
1YAQ VA89I   V I 17  7 -1 -1 -1    0.500     1.301111      0.642      0.801     2.199616     3.500727  65  -1   -1.000
1LHK PA91D   P D 12  2 -1 -1 -1    0.400     0.234053      0.028      0.166     0.923749     1.157803  57  -1   -1.000
1OUI AA93V   A V  0 17 -1 -1 -1    0.700     2.123525      2.026      1.424     0.735932     2.859457  81  -1   -1.000
1OUJ AA99V   A V  0 17 -1 -1 -1    1.000     1.323245      0.104      0.323     1.331764     2.655008  67  -1   -1.000
1OUB AA100V  A V  0 17 -1 -1 -1    0.300     0.117359      0.033      0.183     1.507522     1.624881  60  -1   -1.000
1LHJ GA103P  G P  5 12 -1 -1 -1    0.100    -0.016049      0.013      0.116     0.426837     0.410788  24  -1   -1.000
2HEA AA106I  A I  0  7 -1 -1 -1    0.900     1.773888      0.764      0.874     1.402315     3.176203  58  -1   -1.000
1YAM VA106I  V I 17  7 -1 -1 -1    0.700     1.690330      0.981      0.990     1.805577     3.495907  58  -1   -1.000
1OUC AA110V  A V  0 17 -1 -1 -1   -0.500     0.411143      0.830      0.911     0.505639     0.916782  51  -1   -1.000
1GFU DA110V  D V  2 17 -1 -1 -1   -0.200     0.082826      0.080      0.283     0.663844     0.746670  48  -1   -1.000
1GBO GA110V  G V  5 17 -1 -1 -1   -0.480     0.101123      0.338      0.581     0.426904     0.528026  52  -1   -1.000
1GBW IA110V  I V  7 17 -1 -1 -1   -0.860     0.399228      1.586      1.259     0.319012     0.718240  48  -1   -1.000
1GBX LA110V  L V  9 17 -1 -1 -1   -0.100     0.674998      0.601      0.775     0.126941     0.801939  48  -1   -1.000
1GBY MA110V  M V 10 17 -1 -1 -1   -0.400     0.929926      1.769      1.330     0.014628     0.944554  48  -1   -1.000
1GFV NA110V  N V 11 17 -1 -1 -1   -0.100    -0.143398      0.002      0.043     0.780771     0.637373  48  -1   -1.000
1INU RA110V  R V 14 17 -1 -1 -1   -0.900    -0.304343      0.355      0.596     0.929462     0.625119  49  -1   -1.000
1GBZ FA110V  F V  4 17 -1 -1 -1    0.050     1.593840      2.383      1.544    -0.668656     0.925184  46  -1   -1.000
1LHH PA110V  P V 12 17 -1 -1 -1   -0.500    -0.189259      0.097      0.311     0.961222     0.771964  49  -1   -1.000
1GFT YA110V  Y V 19 17 -1 -1 -1    0.100     0.203870      0.011      0.104     0.692417     0.896288  47  -1   -1.000
1OUD AA121V  A V  0 17 -1 -1 -1    1.400     2.145072      0.555      0.745     0.120653     2.265725  46  -1   -1.000
1WQM FA124Y  F Y  4 19 -1 -1 -1    0.400     1.690879      1.666      1.291     1.246067     2.936946  51  -1   -1.000
1OUE AA125V  A V  0 17 -1 -1 -1    1.300     1.775311      0.226      0.475     0.586188     2.361499  47  -1   -1.000
1OUF AA130V  A V  0 17 -1 -1 -1    0.800     0.244291      0.309      0.556     0.935957     1.180248  35  -1   -1.000
1DMQ FA32Y   F Y  4 19 -1 -1 -1   -0.200     0.113030      0.098      0.313     3.555197     3.668227  66  -1   -1.000
1DMM FA57Y   F Y  4 19 -1 -1 -1    1.200     0.091760      1.228      1.108     2.715788     2.807548  59  -1   -1.000
1RGC KA25Q   K Q  8 13 -1 -1 -1   -1.400    -0.139265      1.589      1.261     0.773207     0.633942  45  -1   -1.000
1VQG LA47I   L I  9  7 -1 -1 -1    0.400     0.877783      0.228      0.478     2.932937     3.810720  62  -1   -1.000
1VQH MA47I   M I 10  7 -1 -1 -1    1.700     0.989676      0.505      0.710     2.590041     3.579717  61  -1   -1.000
1VQI VA47I   V I 17  7 -1 -1 -1    2.000     0.883182      1.247      1.117     2.685333     3.568515  62  -1   -1.000
1VQJ IA35V   I V  7 17 -1 -1 -1    0.600     0.501497      0.010      0.099     2.891780     3.393278  47  -1   -1.000
1YHB FA41Y   F Y  4 19 -1 -1 -1    3.200     0.175503      9.148      3.024     0.574208     0.749711  20  -1   -1.000
149L LA3I    L I  9  7 -1 -1 -1   -0.700     0.922055      2.631      1.622     2.141226     3.063280  65  -1   -1.000
172L CA3I    C I  1  7 -1 -1 -1   -1.200     2.451758     13.335      3.652     0.786913     3.238670  65  -1   -1.000
1L96 PA3I    P I 12  7 -1 -1 -1    3.000     2.596313      0.163      0.404     0.689953     3.286266  66  -1   -1.000
1L18 YA3I    Y I 19  7 -1 -1 -1    2.300     1.417595      0.779      0.882     1.538504     2.956100  66  -1   -1.000
1L17 VA3I    V I 17  7 -1 -1 -1    0.400     1.941240      2.375      1.541     1.381086     3.322325  64  -1   -1.000
150L IA6M    I M  7 10 -1 -1 -1    1.400     1.687893      0.083      0.288     2.095011     3.782904  64  -1   -1.000
1L42 EA16K   E K  3  8 -1 -1 -1   -0.500     1.101522      2.565      1.602     0.489611     1.591133  51  -1   -1.000
1L19 DA38S   D S  2 15 -1 -1 -1   -0.600     0.390940      0.982      0.991     0.637561     1.028501  29  -1   -1.000
1L21 GA55N   G N  5 11 -1 -1 -1    0.600     0.766894      0.028      0.167     0.527054     1.293948  36  -1   -1.000
1L56 PA60K   P K 12  8 -1 -1 -1    0.001     0.372437      0.138      0.371     0.943076     1.315513  42  -1   -1.000
1L23 AA77G   A G  0  5 -1 -1 -1   -0.400    -0.733104      0.111      0.333     1.309064     0.575960  43  -1   -1.000
1L24 PA82A   P A 12  0 -1 -1 -1   -0.800     0.192521      0.985      0.993     1.247098     1.439619  37  -1   -1.000
3C81 AA85K   A K  0  8 -1 -1 -1    0.600     0.534602      0.004      0.065     1.149639     1.684242  51  -1   -1.000
3C83 AA89D   A D  0  2 -1 -1 -1    0.500     0.243880      0.066      0.256     0.848421     1.092301  43  -1   -1.000
3C7Y AA96R   A R  0 14 -1 -1 -1    2.000     1.492411      0.258      0.508     1.934519     3.426930  75  -1   -1.000
3C8Q DA96R   D R  2 14 -1 -1 -1    3.500     2.929950      0.325      0.570     0.642096     3.572046  76  -1   -1.000
3CDV MA96R   M R 10 14 -1 -1 -1    2.700     1.056932      2.700      1.643     2.534930     3.591862  76  -1   -1.000
3C8S EA96R   E R  3 14 -1 -1 -1    2.500     2.582965      0.007      0.083     1.037888     3.620853  77  -1   -1.000
3C8R GA96R   G R  5 14 -1 -1 -1    2.600     3.271136      0.450      0.671     0.261530     3.532665  77  -1   -1.000
3CDR QA96R   Q R 13 14 -1 -1 -1    0.300     1.929251      2.654      1.629     1.622741     3.551992  76  -1   -1.000
3F8V HA96R   H R  6 14 -1 -1 -1    3.100     1.824181      1.628      1.276     1.171446     2.995627  77  -1   -1.000
3CDT NA96R   N R 11 14 -1 -1 -1    3.000     2.077444      0.851      0.923     1.042534     3.119978  79  -1   -1.000
3C7W KA96R   K R  8 14 -1 -1 -1    0.001     2.197690      4.825      2.197     1.218734     3.416425  76  -1   -1.000
3CDQ SA96R   S R 15 14 -1 -1 -1    2.600     2.685193      0.007      0.085     0.745887     3.431080  77  -1   -1.000
3C80 YA96R   Y R 19 14 -1 -1 -1    4.700     0.639496     16.488      4.061     2.013025     2.652521  79  -1   -1.000
3CDO VA96R   V R 17 14 -1 -1 -1    2.400     1.199086      1.442      1.201     2.036897     3.235983  79  -1   -1.000
3FI5 WA96R   W R 18 14 -1 -1 -1    4.500     1.236753     10.649      3.263     2.164813     3.401566  80  -1   -1.000
1L48 VA98A   V A 17  0 -1 -1 -1    4.900     1.035940     14.931      3.864     2.440141     3.476080  90  -1   -1.000
1L00 AA105Q  A Q  0 13 -1 -1 -1    0.600     0.940756      0.116      0.341     0.998421     1.939177  80  -1   -1.000
1L98 EA105Q  E Q  3 13 -1 -1 -1    1.100     1.578779      0.229      0.479     0.571599     2.150378  83  -1   -1.000
1L99 GA105Q  G Q  5 13 -1 -1 -1    1.500     1.851153      0.123      0.351     0.029321     1.880474  84  -1   -1.000
1L60 AA113G  A G  0  5 -1 -1 -1   -0.300     0.104268      0.163      0.404     0.653922     0.758190  46  -1   -1.000
1L37 EA115T  E T  3 16 -1 -1 -1   -0.300     0.614042      0.835      0.914     0.655074     1.269116  50  -1   -1.000
1L57 DA116N  D N  2 11 -1 -1 -1   -0.600     0.955101      2.418      1.555     0.632359     1.587460  45  -1   -1.000
1L44 EA119R  E R  3 14 -1 -1 -1    0.040     1.307850      1.607      1.268     0.755907     2.063756  49  -1   -1.000
1L38 EA123Q  E Q  3 13 -1 -1 -1   -0.400     0.995140      1.946      1.395     0.622304     1.617445  37  -1   -1.000
1L22 GA124K  G K  5  8 -1 -1 -1    0.100     0.732712      0.400      0.633     0.771339     1.504051  44  -1   -1.000
1L33 AA131V  A V  0 17 -1 -1 -1   -0.300     0.724689      1.050      1.025     1.174348     1.899036  46  -1   -1.000
1DYA DA131V  D V  2 17 -1 -1 -1   -0.100     1.220876      1.745      1.321     0.665722     1.886598  46  -1   -1.000
1DYB GA131V  G V  5 17 -1 -1 -1    0.700     1.546530      0.717      0.847     0.238993     1.785523  46  -1   -1.000
1DYC IA131V  I V  7 17 -1 -1 -1   -0.200     1.348237      2.397      1.548     0.499042     1.847279  46  -1   -1.000
1DYD LA131V  L V  9 17 -1 -1 -1   -0.100     1.154473      1.574      1.254     0.700616     1.855089  46  -1   -1.000
1DYE SA131V  S V 15 17 -1 -1 -1    0.100     1.240387      1.300      1.140     0.575119     1.815506  46  -1   -1.000
1DYF MA131V  M V 10 17 -1 -1 -1   -0.100     1.026971      1.270      1.127     0.907990     1.934961  47  -1   -1.000
1DYG EA131V  E V  3 17 -1 -1 -1   -0.200     0.949706      1.322      1.150     0.858904     1.808610  48  -1   -1.000
1L69 AA133L  A L  0  9 -1 -1 -1    4.200     1.909278      5.247      2.291     1.658380     3.567657  61  -1   -1.000
1L45 EA135K  E K  3  8 -1 -1 -1    1.000     0.721548      0.078      0.278     0.753625     1.475173  41  -1   -1.000
1L20 DA144N  D N  2 11 -1 -1 -1   -0.400     0.763026      1.353      1.163     0.567185     1.330211  45  -1   -1.000
1L46 EA147K  E K  3  8 -1 -1 -1    0.700     0.870849      0.029      0.171     0.785229     1.656078  58  -1   -1.000
1L53 CA149V  C V  1 17 -1 -1 -1    2.200     3.600097      1.960      1.400     0.535365     4.135462  79  -1   -1.000
1L52 SA152T  S T 15 16 -1 -1 -1    2.600     1.591990      1.016      1.008     0.601391     2.193382  68  -1   -1.000
1L47 EA154R  E R  3 14 -1 -1 -1    1.100     2.220902      1.256      1.121     0.566381     2.787283  55  -1   -1.000
1L16 DA156G  D G  2  5 -1 -1 -1    2.300     1.138136      1.350      1.162     0.170141     1.308277  50  -1   -1.000
1L02 AA157T  A T  0 16 -1 -1 -1    0.500     2.217512      2.950      1.718    -0.573157     1.644355  45  -1   -1.000
1L03 CA157T  C T  1 16 -1 -1 -1    1.300     1.284445      0.000      0.016     0.083072     1.367516  45  -1   -1.000
1L04 DA157T  D T  2 16 -1 -1 -1    1.100     0.883778      0.047      0.216     0.452474     1.336251  45  -1   -1.000
1L06 EA157T  E T  3 16 -1 -1 -1    0.800     1.363889      0.318      0.564     0.236372     1.600261  45  -1   -1.000
1L07 FA157T  F T  4 16 -1 -1 -1    2.400     1.313937      1.180      1.086     0.185715     1.499652  45  -1   -1.000
1L08 GA157T  G T  5 16 -1 -1 -1    1.100     0.961535      0.019      0.138     0.512129     1.473663  45  -1   -1.000
1L09 HA157T  H T  6 16 -1 -1 -1    2.100     1.451374      0.421      0.649     0.233910     1.685284  45  -1   -1.000
1L10 IA157T  I T  7 16 -1 -1 -1    1.500     1.941636      0.195      0.442    -0.461464     1.480172  45  -1   -1.000
1L11 LA157T  L T  9 16 -1 -1 -1    1.700     1.674284      0.001      0.026     0.010405     1.684689  43  -1   -1.000
1L12 NA157T  N T 11 16 -1 -1 -1    1.200     0.169325      1.062      1.031     1.141784     1.311110  45  -1   -1.000
1L13 RA157T  R T 14 16 -1 -1 -1   -0.300     0.795567      1.200      1.096     1.007170     1.802737  45  -1   -1.000
1L14 SA157T  S T 15 16 -1 -1 -1    0.700     1.149426      0.202      0.449     0.633692     1.783118  45  -1   -1.000
1L15 VA157T  V T 17 16 -1 -1 -1    1.200     1.668985      0.220      0.469    -0.133332     1.535654  45  -1   -1.000
1RDA NA10D   N D 11  2 -1 -1 -1   -0.900     0.435118      1.783      1.335     0.912025     1.347144  81  -1   -1.000
1RDB QA48E   Q E 13  3 -1 -1 -1   -0.200     0.215334      0.173      0.415     0.978353     1.193688  97  -1   -1.000
3AA5 FX52A   F A  4  0 -1 -1 -1    0.500    -1.456576      3.828      1.957     3.708104     2.251528  96  -1   -1.000
3AA2 IA52A   I A  7  0 -1 -1 -1   -1.900    -1.097433      0.644      0.803     3.995815     2.898382  95  -1   -1.000
3AA3 LA52A   L A  9  0 -1 -1 -1   -1.300    -0.566551      0.538      0.733     3.357671     2.791120  96  -1   -1.000
3AA4 VA52A   V A 17  0 -1 -1 -1   -1.700     0.144252      3.401      1.844     2.656342     2.800594  95  -1   -1.000
1RBS AA62H   A H  0  6 -1 -1 -1   -0.400     0.288086      0.473      0.688     0.488638     0.776724  36  -1   -1.000
1RBR PA62H   P H 12  6 -1 -1 -1   -1.100    -0.874384      0.051      0.226     1.410828     0.536444  36  -1   -1.000
1RDC NA70D   N D 11  2 -1 -1 -1   -0.900    -0.008759      0.794      0.891     1.163980     1.155221  63  -1   -1.000
1LAV LA74V   L V  9 17 -1 -1 -1   -0.190    -0.008989      0.033      0.181     2.517781     2.508792  75  -1   -1.000
1LAW IA74V   I V  7 17 -1 -1 -1   -0.450     0.080825      0.282      0.531     2.474562     2.555387  74  -1   -1.000
1GOB AA77G   A G  0  5 -1 -1 -1    0.900    -0.672487      2.473      1.572     1.011743     0.339256  61  -1   -1.000
1RBV AA95K   A K  0  8 -1 -1 -1   -0.100     0.787428      0.788      0.887    -0.053772     0.733656  21  -1   -1.000
1RBT GA95K   G K  5  8 -1 -1 -1   -1.900     0.136409      4.147      2.036     0.504466     0.640875  21  -1   -1.000
1RBU NA95K   N K 11  8 -1 -1 -1   -0.900     0.069568      0.940      0.970     0.670851     0.740418  21  -1   -1.000
1KVA AA134D  A D  0  2 -1 -1 -1   -2.100    -0.235526      3.476      1.864     1.287757     1.052232  67  -1   -1.000
1KVB HA134D  H D  6  2 -1 -1 -1   -2.300     0.379918      7.182      2.680     0.677958     1.057877  68  -1   -1.000
1KVC NA134D  N D 11  2 -1 -1 -1   -1.000     0.714217      2.939      1.714     0.370887     1.085104  68  -1   -1.000
1IOS FA12M   F M  4 10 -1 -1 -1   -0.500     0.678232      1.388      1.178     3.104974     3.783206  72  -1   -1.000
1IOT LA12M   L M  9 10 -1 -1 -1    0.400     0.333738      0.004      0.066     3.401336     3.735074  72  -1   -1.000
1HER SA40T   S T 15 16 -1 -1 -1    0.300     1.168588      0.754      0.869     0.421308     1.589895  59  -1   -1.000
1FN5 AA49G   A G  0  5 -1 -1 -1    1.900     0.472094      2.039      1.428     0.326554     0.798648  29  -1   -1.000
1HEO VA55I   V I 17  7 -1 -1 -1    0.900     4.094510     10.205      3.195     0.260297     4.354807  79  -1   -1.000
1IR8 MA58I   M I 10  7 -1 -1 -1    1.200     2.820382      2.626      1.620     0.962682     3.783063  83  -1   -1.000
1FLU AA67G   A G  0  5 -1 -1 -1    0.500     0.615987      0.013      0.116     0.000139     0.616126  36  -1   -1.000
1FLW AA71G   A G  0  5 -1 -1 -1    0.380     0.640061      0.068      0.260     0.037567     0.677628  30  -1   -1.000
1IR7 MA78I   M I 10  7 -1 -1 -1    0.900     2.250599      1.824      1.351     0.017108     2.267706  49  -1   -1.000
1LSN AA91S   A S  0 15 -1 -1 -1    1.800    -1.070113      8.238      2.870     1.934894     0.864781  82  -1   -1.000
1HEM TA91S   T S 16 15 -1 -1 -1   -1.000     0.641217      2.694      1.641     0.313386     0.954603  82  -1   -1.000
1IR9 MA98I   M I 10  7 -1 -1 -1    0.900     0.905710      0.000      0.006     1.989426     2.895136  64  -1   -1.000
1FLY AA102G  A G  0  5 -1 -1 -1   -0.020    -0.236064      0.047      0.216     0.728017     0.491953  24  -1   -1.000
1FLQ AA117G  A G  0  5 -1 -1 -1    1.460     0.851669      0.370      0.608    -0.191602     0.660067  34  -1   -1.000
1BTI AA22F   A F  0  4 -1 -1 -1    1.200     2.211647      1.023      1.012     1.038671     3.250318  52  -1   -1.000
1BPT AA23Y   A Y  0 19 -1 -1 -1    5.900     2.680075     10.368      3.220     0.741924     3.421999  44  -1   -1.000
8PTI GA35Y   G Y  5 19 -1 -1 -1    5.000    -0.191694     26.954      5.192     0.374284     0.182590  35  -1   -1.000
1NAG GA43N   G N  5 11 -1 -1 -1    5.700     1.517935     17.490      4.182     0.099408     1.617343  50  -1   -1.000
1FAN AA45F   A F  0  4 -1 -1 -1    6.900     1.815266     25.855      5.085     0.705308     2.520574  50  -1   -1.000
