1AMQ CA191Y  C Y  1 19 -1 -1 -1   -2.300    -3.134312      0.696      0.834     2.346318    -0.787994  93   8    6.000
1AMQ CA191F  C F  1  4 -1 -1 -1   -1.600    -2.461882      0.743      0.862     2.346318    -0.115564  93   8    6.000
1AMQ CA191W  C W  1 18 -1 -1 -1   -3.900    -2.168274      2.999      1.732     2.346318     0.178044  93   8    6.000
1AMQ CA191S  C S  1 15 -1 -1 -1   -1.900    -1.920089      0.000      0.020     2.346318     0.426229  93   8    6.000
1BNI FA7L    F L  4  9 -1 -1 -1   -4.100    -0.536980     12.695      3.563     1.981716     1.444736  59   4   14.500
1BNI LA14A   L A  9  0 -1 -1 -1   -4.500    -0.906093     12.916      3.594     2.272321     1.366228  52   4    0.000
1BNI TA26A   T A 16  0 -1 -1 -1   -1.700    -0.332355      1.870      1.368     1.018034     0.685679  56   4   26.200
1BNI IA51V   I V  7 17 -1 -1 -1   -1.100    -0.876846      0.050      0.223     2.513887     1.637041  71   4    0.300
1BNI IA76A   I A  7  0 -1 -1 -1   -1.700    -1.451722      0.062      0.248     2.603045     1.151323  67   4    0.000
1BNI IA76V   I V  7 17 -1 -1 -1   -1.000    -0.806194      0.038      0.194     2.603045     1.796851  67   4    0.000
1BNI YA78F   Y F 19  4 -1 -1 -1   -1.100    -1.193325      0.009      0.093     1.868121     0.674796  58   4    4.600
1BNI IA88A   I A  7  0 -1 -1 -1   -4.000    -2.147762      3.431      1.852     3.150212     1.002450  75   4    0.000
1BNI IA88V   I V  7 17 -1 -1 -1   -1.600     0.191634      3.210      1.792     3.150212     3.341846  75   4    0.000
1BNI LA89V   L V  9 17 -1 -1 -1   -0.500     1.025238      2.326      1.525     2.189261     3.214499  76   4    0.000
1BNI SA91A   S A 15  0 -1 -1 -1   -1.800    -0.346357      2.113      1.454     0.828801     0.482444  54   4    1.300
1BNI IA96A   I A  7  0 -1 -1 -1   -3.200    -2.493446      0.499      0.707     3.538582     1.045136  63   4    0.000
1BNI IA96V   I V  7 17 -1 -1 -1   -0.900    -0.088220      0.659      0.812     3.538582     3.450362  63   4    0.000
1CEY DA12A   D A  2  0 -1 -1 -1    2.500    -0.172645      7.143      2.673     0.902647     0.730002  64   9    8.300
1CEY DA13A   D A  2  0 -1 -1 -1    2.700    -0.306604      9.040      3.007     0.841809     0.535205  48   9   40.400
1CEY DA57A   D A  2  0 -1 -1 -1    3.300    -0.025047     11.056      3.325     0.794116     0.769069  72   9    8.300
1EY0 TA22C   T C 16  1 -1 -1 -1   -0.900    -1.136231      0.056      0.236     1.148821     0.012590  80   2    7.000
1EY0 TA22V   T V 16 17 -1 -1 -1   -0.900     0.946247      3.409      1.846     1.148821     2.095068  80   2    7.000
1EY0 VA23L   V L 17  9 -1 -1 -1   -0.100    -1.176072      1.158      1.076     3.261757     2.085685  79   2    0.400
1EY0 LA25I   L I  9  7 -1 -1 -1   -1.700     0.614796      5.358      2.315     2.928477     3.543273  61   2    0.000
1EY0 TA33V   T V 16 17 -1 -1 -1    0.400     1.564487      1.356      1.164     1.178440     2.742927  57   2   24.400
1EY0 TA41C   T C 16  1 -1 -1 -1    0.600     0.223551      0.142      0.376     0.755320     0.978871  73   2    6.500
1EY0 TA41I   T I 16  7 -1 -1 -1    0.700     1.294504      0.353      0.595     0.755320     2.049824  73   2    6.500
1EY0 TA41S   T S 16 15 -1 -1 -1   -1.100    -0.184865      0.837      0.915     0.755320     0.570454  73   2    6.500
1EY0 TA41V   T V 16 17 -1 -1 -1    0.800     0.913299      0.013      0.113     0.755320     1.668619  73   2    6.500
1EY0 TA44V   T V 16 17 -1 -1 -1    0.100     0.108240      0.000      0.008     0.102493     0.210733  41   2   26.500
1EY0 SA59A   S A 15  0 -1 -1 -1    0.500     0.790655      0.084      0.291     0.461944     1.252599  64   2   19.300
1EY0 TA62S   T S 16 15 -1 -1 -1   -2.100    -0.275491      3.329      1.825     0.600526     0.325035  75   2    0.100
1EY0 TA62V   T V 16 17 -1 -1 -1   -0.200     2.175780      5.644      2.376     0.600526     2.776306  75   2    0.100
1EY0 VA66I   V I 17  7 -1 -1 -1   -1.000     0.655501      2.741      1.656     2.397557     3.053057  63   2    1.700
1EY0 VA66L   V L 17  9 -1 -1 -1   -0.300     0.583973      0.781      0.884     2.397557     2.981530  63   2    1.700
1EY0 VA66K   V K 17  8 -1 -1 -1   -7.500    -2.047824     29.726      5.452     2.397557     0.349733  63   2    1.700
1EY0 IA72L   I L  7  9 -1 -1 -1   -0.200    -0.676277      0.227      0.476     3.760869     3.084591  59   2    8.500
1EY0 IA72V   I V  7 17 -1 -1 -1   -1.200    -0.123229      1.159      1.077     3.760869     3.637639  59   2    8.500
1EY0 TA82S   T S 16 15 -1 -1 -1   -0.700    -0.370621      0.108      0.329     0.541482     0.170861  44   2   52.700
1EY0 IA92V   I V  7 17 -1 -1 -1   -0.400    -0.828456      0.184      0.428     3.891194     3.062738  87   2    0.300
1EY0 KA116G  K G  8  5 -1 -1 -1    1.000    -0.216096      1.479      1.216     0.383995     0.167899  32   2   81.300
1EY0 PA117A  P A 12  0 -1 -1 -1    0.800    -0.835982      2.676      1.636     1.060098     0.224115  34   2   41.400
1EY0 PA117G  P G 12  5 -1 -1 -1    0.900    -1.308767      4.879      2.209     1.060098    -0.248670  34   2   41.400
1EY0 PA117T  P T 12 16 -1 -1 -1    1.100    -1.243828      5.494      2.344     1.060098    -0.183730  34   2   41.400
1EY0 TA120C  T C 16  1 -1 -1 -1   -1.700    -0.455043      1.550      1.245     0.454652    -0.000391  45   2   40.000
1EY0 TA120S  T S 16 15 -1 -1 -1   -0.600     0.032329      0.400      0.632     0.454652     0.486981  45   2   40.000
1EY0 TA120V  T V 16 17 -1 -1 -1   -1.800    -0.248832      2.406      1.551     0.454652     0.205820  45   2   40.000
1EY0 SA128A  S A 15  0 -1 -1 -1    0.700     1.013886      0.099      0.314     0.461859     1.475745  48   2    7.100
1IHB FA71N   F N  4 11 -1 -1 -1    0.700    -1.550903      5.067      2.251     2.030287     0.479383  58  10   21.800
1IHB FA82Q   F Q  4 13 -1 -1 -1   -0.400    -0.733689      0.111      0.334     2.082999     1.349310  60  10   37.900
1IHB FA92N   F N  4 11 -1 -1 -1   -1.100    -0.942370      0.025      0.158     1.929488     0.987118  48  10   29.300
1IOB TA9G    T G 16  5 -1 -1 -1   -2.600    -0.992482      2.584      1.608     1.206233     0.213750  71  32    3.700
1L63 MA6A    M A 10  0 -1 -1 -1   -1.900    -2.234956      0.112      0.335     3.743117     1.508161  59   0    0.000
1L63 MA6L    M L 10  9 -1 -1 -1   -2.800    -1.501471      1.686      1.299     3.743117     2.241646  59   0    0.000
1L63 EA11H   E H  3  6 -1 -1 -1    0.100    -0.263061      0.132      0.363     1.060662     0.797600  69   0   23.700
1L63 EA11N   E N  3 11 -1 -1 -1   -0.100    -0.631032      0.282      0.531     1.060662     0.429629  69   0   23.700
1L63 IA17A   I A  7  0 -1 -1 -1   -2.700    -2.392298      0.095      0.308     3.379538     0.987240  55   0   10.300
1L63 DA20A   D A  2  0 -1 -1 -1   -0.300    -0.539452      0.057      0.239     0.851423     0.311970  56   0   31.500
1L63 DA20N   D N  2 11 -1 -1 -1    1.300     0.145711      1.332      1.154     0.851423     0.997133  56   0   31.500
1L63 DA20S   D S  2 15 -1 -1 -1    0.700    -0.566075      1.603      1.266     0.851423     0.285348  56   0   31.500
1L63 IA27A   I A  7  0 -1 -1 -1   -3.100    -3.411465      0.097      0.311     4.624411     1.212945  66   0    0.000
1L63 IA27M   I M  7 10 -1 -1 -1   -3.100    -2.592793      0.257      0.507     4.624411     2.031618  66   0    0.000
1L63 IA29A   I A  7  0 -1 -1 -1   -2.600    -4.579888      3.920      1.980     4.439143    -0.140746  65   0    2.800
1L63 SA38N   S N 15 11 -1 -1 -1   -0.010    -0.213350      0.041      0.203     0.788195     0.574845  29   0   41.100
1L63 AA41S   A S  0 15 -1 -1 -1   -0.600    -0.842406      0.059      0.242     1.221140     0.378734  36   0   36.000
1L63 AA42V   A V  0 17 -1 -1 -1   -2.700     0.106110      7.874      2.806     1.853980     1.960090  45   0    0.000
1L63 AA42S   A S  0 15 -1 -1 -1   -2.300    -1.599644      0.490      0.700     1.853980     0.254335  45   0    0.000
1L63 KA43A   K A  8  0 -1 -1 -1   -1.000     0.042638      1.087      1.043     1.255203     1.297840  45   0   25.400
1L63 SA44A   S A 15  0 -1 -1 -1    0.300     0.180565      0.014      0.119     0.778562     0.959126  39   0   58.800
1L63 SA44I   S I 15  7 -1 -1 -1    0.300    -0.104684      0.164      0.405     0.778562     0.673877  39   0   58.800
1L63 SA44L   S L 15  9 -1 -1 -1    0.400    -0.091971      0.242      0.492     0.778562     0.686591  39   0   58.800
1L63 SA44K   S K 15  8 -1 -1 -1    0.200     0.076920      0.015      0.123     0.778562     0.855482  39   0   58.800
1L63 SA44E   S E 15  3 -1 -1 -1    0.001    -0.026006      0.001      0.027     0.778562     0.752556  39   0   58.800
1L63 SA44G   S G 15  5 -1 -1 -1   -0.500    -0.574923      0.006      0.075     0.778562     0.203639  39   0   58.800
1L63 SA44R   S R 15 14 -1 -1 -1    0.200     0.489453      0.084      0.289     0.778562     1.268015  39   0   58.800
1L63 SA44N   S N 15 11 -1 -1 -1   -0.100    -0.174887      0.006      0.075     0.778562     0.603674  39   0   58.800
1L63 SA44F   S F 15  4 -1 -1 -1    0.100     0.062908      0.001      0.037     0.778562     0.841469  39   0   58.800
1L63 SA44P   S P 15 12 -1 -1 -1   -3.000    -1.343173      2.745      1.657     0.778562    -0.564611  39   0   58.800
1L63 SA44T   S T 15 16 -1 -1 -1    0.010    -0.280139      0.084      0.290     0.778562     0.498423  39   0   58.800
1L63 SA44V   S V 15 17 -1 -1 -1    0.100     0.092180      0.000      0.008     0.778562     0.870742  39   0   58.800
1L63 LA46A   L A  9  0 -1 -1 -1   -1.900    -1.892215      0.000      0.008     3.286755     1.394540  54   0    0.000
1L63 DA47A   D A  2  0 -1 -1 -1   -1.000     0.416333      2.006      1.416     0.664470     1.080803  45   0   24.100
1L63 AA49S   A S  0 15 -1 -1 -1   -0.500    -1.232082      0.536      0.732     1.434943     0.202860  51   0   42.700
1L63 IA50A   I A  7  0 -1 -1 -1   -2.000    -1.706455      0.086      0.294     2.461243     0.754788  44   0   21.000
1L63 IA50M   I M  7 10 -1 -1 -1   -0.400    -1.227870      0.685      0.828     2.461243     1.233373  44   0   21.000
1L63 IA58A   I A  7  0 -1 -1 -1   -3.200    -2.325169      0.765      0.875     2.900155     0.574986  46   0    2.000
1L63 IA58T   I T  7 16 -1 -1 -1   -3.400    -2.662686      0.544      0.737     2.900155     0.237469  46   0    2.000
1L63 TA59A   T A 16  0 -1 -1 -1   -1.500    -0.780759      0.517      0.719     1.251451     0.470692  38   0   51.400
1L63 TA59D   T D 16  2 -1 -1 -1   -1.200    -0.481551      0.516      0.718     1.251451     0.769900  38   0   51.400
1L63 TA59G   T G 16  5 -1 -1 -1   -1.600    -0.706265      0.799      0.894     1.251451     0.545186  38   0   51.400
1L63 TA59N   T N 16 11 -1 -1 -1   -1.100    -0.289038      0.658      0.811     1.251451     0.962413  38   0   51.400
1L63 TA59S   T S 16 15 -1 -1 -1   -0.200    -0.426297      0.051      0.226     1.251451     0.825154  38   0   51.400
1L63 TA59V   T V 16 17 -1 -1 -1   -1.500    -0.982491      0.268      0.518     1.251451     0.268960  38   0   51.400
1L63 LA66M   L M  9 10 -1 -1 -1   -1.000    -0.816182      0.034      0.184     2.599880     1.783697  63   0    2.700
1L63 FA67A   F A  4  0 -1 -1 -1   -1.900    -1.929507      0.001      0.030     2.836081     0.906574  63   0    6.200
1L63 DA72P   D P  2 12 -1 -1 -1   -2.700    -1.094615      2.577      1.605     0.665513    -0.429103  49   0   53.300
1L63 AA73S   A S  0 15 -1 -1 -1   -0.400    -1.024063      0.389      0.624     1.361657     0.337593  48   0   44.500
1L63 VA75T   V T 17 16 -1 -1 -1   -1.300    -2.038387      0.545      0.738     2.518466     0.480079  55   0   23.700
1L63 IA78A   I A  7  0 -1 -1 -1   -1.200    -2.819088      2.621      1.619     3.994601     1.175513  53   0    0.000
1L63 IA78M   I M  7 10 -1 -1 -1   -1.500    -1.221109      0.078      0.279     3.994601     2.773492  53   0    0.000
1L63 IA78V   I V  7 17 -1 -1 -1   -0.800    -1.427909      0.394      0.628     3.994601     2.566692  53   0    0.000
1L63 AA82S   A S  0 15 -1 -1 -1   -0.300    -0.582718      0.080      0.283     1.247741     0.665023  37   0   82.400
1L63 LA84A   L A  9  0 -1 -1 -1   -2.600    -2.700823      0.010      0.101     3.947879     1.247056  56   0    0.000
1L63 LA84M   L M  9 10 -1 -1 -1   -1.900    -2.249432      0.122      0.349     3.947879     1.698447  56   0    0.000
1L63 VA87A   V A 17  0 -1 -1 -1   -1.700    -1.796442      0.009      0.096     3.252378     1.455936  61   0    2.400
1L63 VA87M   V M 17 10 -1 -1 -1   -2.300    -1.452854      0.718      0.847     3.252378     1.799524  61   0    2.400
1L63 VA87I   V I 17  7 -1 -1 -1   -0.300    -0.750147      0.203      0.450     3.252378     2.502231  61   0    2.400
1L63 VA87T   V T 17 16 -1 -1 -1   -1.600    -2.648466      1.099      1.048     3.252378     0.603911  61   0    2.400
1L63 LA91A   L A  9  0 -1 -1 -1   -2.600    -2.518577      0.007      0.081     3.604227     1.085650  54   0    3.300
1L63 LA91M   L M  9 10 -1 -1 -1   -0.800    -1.847299      1.097      1.047     3.604227     1.756928  54   0    3.300
1L63 DA92N   D N  2 11 -1 -1 -1   -1.400    -0.263982      1.291      1.136     1.338035     1.074053  45   0   40.900
1L63 AA93S   A S  0 15 -1 -1 -1   -0.200    -1.191432      0.983      0.991     1.877136     0.685704  50   0   77.800
1L63 AA98C   A C  0  1 -1 -1 -1   -1.000    -2.086468      1.180      1.086     3.503071     1.416603  91   0    0.000
1L63 AA98L   A L  0  9 -1 -1 -1   -4.300    -1.335189      8.790      2.965     3.503071     2.167882  91   0    0.000
1L63 AA98S   A S  0 15 -1 -1 -1   -2.500    -2.772912      0.074      0.273     3.503071     0.730159  91   0    0.000
1L63 AA98V   A V  0 17 -1 -1 -1   -3.200    -1.161990      4.153      2.038     3.503071     2.341081  91   0    0.000
1L63 LA99A   L A  9  0 -1 -1 -1   -4.500    -3.070432      2.044      1.430     4.552584     1.482152  93   0    0.100
1L63 LA99F   L F  9  4 -1 -1 -1   -0.300    -2.040270      3.029      1.740     4.552584     2.512314  93   0    0.100
1L63 LA99I   L I  9  7 -1 -1 -1   -1.500    -1.344834      0.024      0.155     4.552584     3.207750  93   0    0.100
1L63 LA99M   L M  9 10 -1 -1 -1   -0.600    -1.372215      0.596      0.772     4.552584     3.180370  93   0    0.100
1L63 LA99V   L V  9 17 -1 -1 -1   -2.000    -2.038311      0.001      0.038     4.552584     2.514274  93   0    0.100
1L63 IA100A  I A  7  0 -1 -1 -1   -3.400    -3.242767      0.025      0.157     5.108022     1.865254  83   0    5.400
1L63 IA100M  I M  7 10 -1 -1 -1   -1.600    -2.241908      0.412      0.642     5.108022     2.866113  83   0    5.400
1L63 IA100V  I V  7 17 -1 -1 -1   -0.400    -2.296582      3.597      1.897     5.108022     2.811440  83   0    5.400
1L63 NA101A  N A 11  0 -1 -1 -1   -1.500    -0.583603      0.840      0.916     2.389062     1.805459  90   0    0.400
1L63 MA102L  M L 10  9 -1 -1 -1   -1.000    -3.445992      5.983      2.446     6.418321     2.972329  99   0    1.300
1L63 VA103A  V A 17  0 -1 -1 -1   -2.200    -1.754466      0.199      0.446     3.526734     1.772268  78   0    5.500
1L63 VA103I  V I 17  7 -1 -1 -1   -0.500    -0.925158      0.181      0.425     3.526734     2.601576  78   0    5.500
1L63 VA103M  V M 17 10 -1 -1 -1   -1.200    -1.129653      0.005      0.070     3.526734     2.397081  78   0    5.500
1L63 FA104M  F M  4 10 -1 -1 -1   -0.400    -2.157798      3.090      1.758     3.617667     1.459869  80   0   16.500
1L63 QA105M  Q M 13 10 -1 -1 -1   -1.200    -0.887242      0.098      0.313     2.068962     1.181721  81   0   33.600
1L63 MA106I  M I 10  7 -1 -1 -1    0.200    -2.154323      5.543      2.354     3.313417     1.159095  75   0   26.500
1L63 MA106L  M L 10  9 -1 -1 -1    0.500    -2.194571      7.261      2.695     3.313417     1.118846  75   0   26.500
1L63 MA106K  M K 10  8 -1 -1 -1   -3.400    -2.766210      0.402      0.634     3.313417     0.547207  75   0   26.500
1L63 TA109D  T D 16  2 -1 -1 -1    0.600    -0.295237      0.801      0.895     0.999762     0.704525  43   0   85.400
1L63 TA109N  T N 16 11 -1 -1 -1    0.100    -0.497564      0.357      0.598     0.999762     0.502198  43   0   85.400
1L63 VA111A  V A 17  0 -1 -1 -1   -1.300    -2.593087      1.672      1.293     3.761418     1.168330  67   0    0.200
1L63 VA111I  V I 17  7 -1 -1 -1   -0.900    -1.292361      0.154      0.392     3.761418     2.469057  67   0    0.200
1L63 VA111M  V M 17 10 -1 -1 -1   -0.700    -1.988100      1.659      1.288     3.761418     1.773317  67   0    0.200
1L63 SA117F  S F 15  4 -1 -1 -1    1.100     0.829580      0.073      0.270     1.438082     2.267662  62   0    1.200
1L63 LA118A  L A  9  0 -1 -1 -1   -3.200    -2.323766      0.768      0.876     3.637915     1.314149  67   0    6.700
1L63 LA118M  L M  9 10 -1 -1 -1   -0.700    -1.780675      1.168      1.081     3.637915     1.857240  67   0    6.700
1L63 MA120L  M L 10  9 -1 -1 -1    0.500    -1.715678      4.909      2.216     3.037286     1.321608  48   0   15.000
1L63 MA120K  M K 10  8 -1 -1 -1   -1.600    -2.399459      0.639      0.799     3.037286     0.637827  48   0   15.000
1L63 MA120Y  M Y 10 19 -1 -1 -1   -0.100    -1.398754      1.687      1.299     3.037286     1.638532  48   0   15.000
1L63 LA121M  L M  9 10 -1 -1 -1   -0.800    -2.107807      1.710      1.308     4.003545     1.895738  59   0    0.600
1L63 AA129F  A F  0  4 -1 -1 -1   -1.200    -0.969584      0.053      0.230     2.594320     1.624737  52   0    0.100
1L63 AA129W  A W  0 18 -1 -1 -1   -2.200    -1.198025      1.004      1.002     2.594320     1.396295  52   0    0.100
1L63 AA130S  A S  0 15 -1 -1 -1   -1.000    -1.809857      0.656      0.810     2.366919     0.557062  57   0    9.200
1L63 LA133F  L F  9  4 -1 -1 -1   -0.300    -0.608769      0.095      0.309     3.465894     2.857125  62   0    1.000
1L63 LA133M  L M  9 10 -1 -1 -1   -0.400    -0.499101      0.010      0.099     3.465894     2.966793  62   0    1.000
1L63 AA134S  A S  0 15 -1 -1 -1   -0.100    -1.343607      1.547      1.244     1.971658     0.628051  49   0   26.600
1L63 NA144E  N E 11  3 -1 -1 -1    0.500    -0.454810      0.912      0.955     1.152113     0.697303  43   0   71.100
1L63 VA149A  V A 17  0 -1 -1 -1   -3.200    -2.527043      0.453      0.673     4.022492     1.495449  77   0    0.000
1L63 VA149C  V C 17  1 -1 -1 -1   -2.000    -3.167982      1.364      1.168     4.022492     0.854510  77   0    0.000
1L63 VA149G  V G 17  5 -1 -1 -1   -4.900    -4.050667      0.721      0.849     4.022492    -0.028175  77   0    0.000
1L63 VA149I  V I 17  7 -1 -1 -1   -0.100    -1.524232      2.028      1.424     4.022492     2.498260  77   0    0.000
1L63 VA149M  V M 17 10 -1 -1 -1   -2.800    -2.237895      0.316      0.562     4.022492     1.784597  77   0    0.000
1L63 VA149T  V T 17 16 -1 -1 -1   -2.800    -3.343321      0.295      0.543     4.022492     0.679171  77   0    0.000
1L63 VA149S  V S 17 15 -1 -1 -1   -4.400    -3.909628      0.240      0.490     4.022492     0.112864  77   0    0.000
1L63 TA152A  T A 16  0 -1 -1 -1   -1.500    -0.370051      1.277      1.130     1.963877     1.593826  66   0    0.100
1L63 TA152C  T C 16  1 -1 -1 -1   -0.500    -1.173561      0.454      0.674     1.963877     0.790317  66   0    0.100
1L63 TA152I  T I 16  7 -1 -1 -1   -0.400     0.374572      0.600      0.775     1.963877     2.338449  66   0    0.100
1L63 TA152S  T S 16 15 -1 -1 -1   -2.000    -1.430760      0.324      0.569     1.963877     0.533117  66   0    0.100
1L63 TA152V  T V 16 17 -1 -1 -1    0.200    -0.135150      0.112      0.335     1.963877     1.828727  66   0    0.100
1L63 FA153A  F A  4  0 -1 -1 -1   -3.800    -4.605129      0.648      0.805     5.778357     1.173227  72   0    0.200
1L63 FA153I  F I  4  7 -1 -1 -1   -0.200    -3.011427      7.904      2.811     5.778357     2.766929  72   0    0.200
1L63 FA153L  F L  4  9 -1 -1 -1    0.300    -2.557251      8.164      2.857     5.778357     3.221106  72   0    0.200
1L63 FA153M  F M  4 10 -1 -1 -1   -0.600    -3.613975      9.084      3.014     5.778357     2.164382  72   0    0.200
1L63 FA153V  F V  4 17 -1 -1 -1   -1.800    -4.319961      6.350      2.520     5.778357     1.458395  72   0    0.200
1LZ1 VA2A    V A 17  0 -1 -1 -1   -1.500    -0.879018      0.386      0.621     1.122779     0.243761  43   1   67.700
1LZ1 VA2G    V G 17  5 -1 -1 -1   -2.290    -1.191936      1.206      1.098     1.122779    -0.069156  43   1   67.700
1LZ1 VA2S    V S 17 15 -1 -1 -1   -1.400    -0.909184      0.241      0.491     1.122779     0.213595  43   1   67.700
1LZ1 VA2Y    V Y 17 19 -1 -1 -1   -0.400    -0.525072      0.016      0.125     1.122779     0.597707  43   1   67.700
1LZ1 VA2D    V D 17  2 -1 -1 -1   -1.400    -0.903418      0.247      0.497     1.122779     0.219361  43   1   67.700
1LZ1 VA2N    V N 17 11 -1 -1 -1   -1.300    -0.684744      0.379      0.615     1.122779     0.438035  43   1   67.700
1LZ1 VA2R    V R 17 14 -1 -1 -1   -0.400    -0.531721      0.017      0.132     1.122779     0.591058  43   1   67.700
1LZ1 VA2L    V L 17  9 -1 -1 -1   -0.050    -1.128179      1.162      1.078     1.122779    -0.005399  43   1   67.700
1LZ1 VA2M    V M 17 10 -1 -1 -1   -0.200    -0.501761      0.091      0.302     1.122779     0.621018  43   1   67.700
1LZ1 VA2F    V F 17  4 -1 -1 -1   -0.800    -1.100895      0.091      0.301     1.122779     0.021884  43   1   67.700
1LZ1 YA20F   Y F 19  4 -1 -1 -1   -0.500    -1.037342      0.289      0.537     2.474095     1.436753  47   1   23.800
1LZ1 IA23A   I A  7  0 -1 -1 -1   -2.500    -1.979864      0.271      0.520     2.631360     0.651496  59   1    8.600
1LZ1 IA23V   I V  7 17 -1 -1 -1   -0.400    -0.211711      0.035      0.188     2.631360     2.419649  59   1    8.600
1LZ1 YA38F   Y F 19  4 -1 -1 -1   -0.200    -0.562694      0.132      0.363     3.211655     2.648962  63   1    9.400
1LZ1 YA45F   Y F 19  4 -1 -1 -1    0.100    -0.583099      0.467      0.683     1.592621     1.009522  42   1   59.500
1LZ1 AA47P   A P  0 12 -1 -1 -1    0.100     0.201697      0.010      0.102     0.373680     0.575377  24   1   74.600
1LZ1 YA54F   Y F 19  4 -1 -1 -1   -1.000    -4.234376     10.461      3.234     4.884520     0.650144  72   1    9.100
1LZ1 IA56A   I A  7  0 -1 -1 -1   -3.700    -3.107819      0.351      0.592     4.169627     1.061809  77   1    0.500
1LZ1 IA56T   I T  7 16 -1 -1 -1   -3.600    -3.653682      0.003      0.054     4.169627     0.515945  77   1    0.500
1LZ1 IA56V   I V  7 17 -1 -1 -1   -1.200    -3.033971      3.363      1.834     4.169627     1.135656  77   1    0.500
1LZ1 IA59A   I A  7  0 -1 -1 -1   -1.700    -3.512538      3.285      1.813     4.485661     0.973123  83   1    1.600
1LZ1 IA59G   I G  7  5 -1 -1 -1   -3.800    -4.242545      0.196      0.443     4.485661     0.243116  83   1    1.600
1LZ1 IA59V   I V  7 17 -1 -1 -1   -1.100    -1.616198      0.266      0.516     4.485661     2.869463  83   1    1.600
1LZ1 YA63F   Y F 19  4 -1 -1 -1   -0.200    -0.739698      0.291      0.540     2.363530     1.623833  60   1   53.700
1LZ1 PA71G   P G 12  5 -1 -1 -1   -1.600    -0.858563      0.550      0.741     0.956486     0.097923  28   1   51.800
1LZ1 VA74A   V A 17  0 -1 -1 -1   -0.400    -0.243983      0.024      0.156     0.635609     0.391625  36   1   59.200
1LZ1 VA74G   V G 17  5 -1 -1 -1   -0.100    -0.592716      0.243      0.493     0.635609     0.042893  36   1   59.200
1LZ1 VA74I   V I 17  7 -1 -1 -1    0.450     0.265723      0.034      0.184     0.635609     0.901332  36   1   59.200
1LZ1 VA74L   V L 17  9 -1 -1 -1    0.190    -0.225468      0.173      0.415     0.635609     0.410140  36   1   59.200
1LZ1 VA74M   V M 17 10 -1 -1 -1    0.650    -0.174478      0.680      0.824     0.635609     0.461131  36   1   59.200
1LZ1 VA74F   V F 17  4 -1 -1 -1   -0.290    -0.559648      0.073      0.270     0.635609     0.075960  36   1   59.200
1LZ1 VA74Y   V Y 17 19 -1 -1 -1   -0.300     0.873654      1.377      1.174     0.635609     1.509262  36   1   59.200
1LZ1 VA74D   V D 17  2 -1 -1 -1   -0.400    -0.364181      0.001      0.036     0.635609     0.271428  36   1   59.200
1LZ1 VA74N   V N 17 11 -1 -1 -1   -0.300    -0.477775      0.032      0.178     0.635609     0.157833  36   1   59.200
1LZ1 VA74R   V R 17 14 -1 -1 -1   -0.100     0.398441      0.248      0.498     0.635609     1.034050  36   1   59.200
1LZ1 VA74S   V S 17 15 -1 -1 -1   -0.400    -0.164357      0.056      0.236     0.635609     0.471251  36   1   59.200
1LZ1 CA77A   C A  1  0 -1 -1 -1   -4.600    -0.621996     15.825      3.978     1.530045     0.908049  52   1   16.700
1LZ1 IA89A   I A  7  0 -1 -1 -1   -2.700    -2.932642      0.054      0.233     3.611773     0.679131  65   1    3.700
1LZ1 IA89V   I V  7 17 -1 -1 -1   -0.500    -2.418571      3.681      1.919     3.611773     1.193203  65   1    3.700
1LZ1 DA91P   D P  2 12 -1 -1 -1   -0.400    -0.106119      0.086      0.294     0.932735     0.826617  58   1   36.800
1LZ1 VA93A   V A 17  0 -1 -1 -1   -0.700    -2.115510      2.004      1.416     3.046643     0.931133  81   1    2.400
1LZ1 VA99A   V A 17  0 -1 -1 -1   -1.000    -1.097909      0.010      0.098     2.499162     1.401253  68   1    2.100
1LZ1 VA100A  V A 17  0 -1 -1 -1   -0.300    -1.494785      1.428      1.195     2.349978     0.855193  58   1    0.900
1LZ1 PA103G  P G 12  5 -1 -1 -1   -0.100    -1.014254      0.836      0.914     1.240474     0.226220  26   1  104.500
1LZ1 IA106A  I A  7  0 -1 -1 -1   -0.900    -0.585917      0.099      0.314     1.978551     1.392634  60   1    2.700
1LZ1 IA106V  I V  7 17 -1 -1 -1   -0.700     0.008209      0.502      0.708     1.978551     1.986760  60   1    2.700
1LZ1 VA110A  V A 17  0 -1 -1 -1    0.500     0.269870      0.053      0.230     0.392288     0.662158  48   1   55.400
1LZ1 VA110D  V D 17  2 -1 -1 -1    0.200     0.242556      0.002      0.043     0.392288     0.634844  48   1   55.400
1LZ1 VA110G  V G 17  5 -1 -1 -1    0.480    -0.092592      0.328      0.573     0.392288     0.299696  48   1   55.400
1LZ1 VA110I  V I 17  7 -1 -1 -1    0.860    -0.094962      0.912      0.955     0.392288     0.297326  48   1   55.400
1LZ1 VA110L  V L 17  9 -1 -1 -1    0.100    -0.357997      0.210      0.458     0.392288     0.034291  48   1   55.400
1LZ1 VA110M  V M 17 10 -1 -1 -1    0.400     0.308835      0.008      0.091     0.392288     0.701123  48   1   55.400
1LZ1 VA110N  V N 17 11 -1 -1 -1    0.100     0.205433      0.011      0.105     0.392288     0.597721  48   1   55.400
1LZ1 VA110R  V R 17 14 -1 -1 -1    0.900     0.470636      0.184      0.429     0.392288     0.862924  48   1   55.400
1LZ1 VA110F  V F 17  4 -1 -1 -1   -0.050    -0.068275      0.000      0.018     0.392288     0.324013  48   1   55.400
1LZ1 VA110P  V P 17 12 -1 -1 -1    0.500     0.493458      0.000      0.007     0.392288     0.885746  48   1   55.400
1LZ1 VA110Y  V Y 17 19 -1 -1 -1   -0.100     0.095949      0.038      0.196     0.392288     0.488237  48   1   55.400
1LZ1 VA121A  V A 17  0 -1 -1 -1   -1.400    -1.019589      0.145      0.380     1.816508     0.796919  46   1   10.200
1LZ1 YA124F  Y F 19  4 -1 -1 -1   -0.400    -0.947273      0.300      0.547     2.580735     1.633462  51   1    9.600
1LZ1 VA125A  V A 17  0 -1 -1 -1   -1.300    -1.836245      0.288      0.536     2.087015     0.250770  46   1   18.700
1LZ1 VA130A  V A 17  0 -1 -1 -1   -0.800    -0.956476      0.024      0.156     1.416420     0.459944  35   1   50.300
1OH0 YA32F   Y F 19  4 -1 -1 -1    0.200     0.118663      0.007      0.081     3.582521     3.701184  65  15    0.000
1OH0 YA57F   Y F 19  4 -1 -1 -1   -1.200     0.256914      2.123      1.457     2.684194     2.941108  62  15    6.200
1RN1 QC25K   Q K 13  8 -1 -1 -1    0.930     0.197660      0.536      0.732     0.548250     0.745910  45  11    0.000
1VQB IA47L   I L  7  9 -1 -1 -1   -0.400    -0.718056      0.101      0.318     3.644823     2.926767  62   6    1.400
1VQB IA47M   I M  7 10 -1 -1 -1   -1.700    -1.243805      0.208      0.456     3.644823     2.401018  62   6    1.400
1VQB IA47V   I V  7 17 -1 -1 -1   -2.000    -0.367841      2.664      1.632     3.644823     3.276982  62   6    1.400
1VQB VA35I   V I 17  7 -1 -1 -1   -0.600    -0.679767      0.006      0.080     3.571920     2.892154  47   6    0.000
1VQB YA41F   Y F 19  4 -1 -1 -1   -3.200    -1.110186      4.367      2.090     1.261871     0.151685  20   6   82.600
2LZM IA3L    I L  7  9 -1 -1 -1    0.700    -1.096684      3.228      1.797     3.055745     1.959062  64   0   11.900
2LZM IA3C    I C  7  1 -1 -1 -1    1.200    -2.463969     13.425      3.664     3.055745     0.591776  64   0   11.900
2LZM IA3P    I P  7 12 -1 -1 -1   -3.000    -2.526862      0.224      0.473     3.055745     0.528883  64   0   11.900
2LZM IA3Y    I Y  7 19 -1 -1 -1   -2.300    -1.123188      1.385      1.177     3.055745     1.932557  64   0   11.900
2LZM IA3V    I V  7 17 -1 -1 -1   -0.400    -1.255017      0.731      0.855     3.055745     1.800728  64   0   11.900
2LZM MA6I    M I 10  7 -1 -1 -1   -1.400    -1.352834      0.002      0.047     3.739355     2.386521  61   0    0.000
2LZM KA16E   K E  8  3 -1 -1 -1    0.500    -0.727153      1.506      1.227     1.373116     0.645963  51   0   58.400
2LZM SA38D   S D 15  2 -1 -1 -1    0.600    -0.149917      0.562      0.750     0.737989     0.588072  29   0   42.500
2LZM NA55G   N G 11  5 -1 -1 -1   -0.600    -0.706655      0.011      0.107     1.182879     0.476225  35   0   81.000
2LZM KA60P   K P  8 12 -1 -1 -1   -0.001    -0.092140      0.008      0.091     1.032604     0.940464  42   0   53.000
2LZM GA77A   G A  5  0 -1 -1 -1    0.400     0.915215      0.265      0.515     0.308676     1.223892  43   0    4.400
2LZM AA82P   A P  0 12 -1 -1 -1    0.800     0.135795      0.441      0.664     1.169731     1.305526  36   0   81.400
2LZM KA85A   K A  8  0 -1 -1 -1   -0.600    -0.297811      0.091      0.302     1.387893     1.090082  51   0   40.400
2LZM DA89A   D A  2  0 -1 -1 -1   -0.500     0.054033      0.307      0.554     0.809722     0.863755  43   0   50.200
2LZM RA96A   R A 14  0 -1 -1 -1   -2.000    -1.496297      0.254      0.504     3.213649     1.717352  74   0   31.000
2LZM RA96D   R D 14  2 -1 -1 -1   -3.500    -2.809786      0.476      0.690     3.213649     0.403863  74   0   31.000
2LZM RA96M   R M 14 10 -1 -1 -1   -2.700    -0.635669      4.261      2.064     3.213649     2.577980  74   0   31.000
2LZM RA96E   R E 14  3 -1 -1 -1   -2.500    -2.196264      0.092      0.304     3.213649     1.017384  74   0   31.000
2LZM RA96G   R G 14  5 -1 -1 -1   -2.600    -3.002064      0.162      0.402     3.213649     0.211585  74   0   31.000
2LZM RA96Q   R Q 14 13 -1 -1 -1   -0.300    -1.665626      1.865      1.366     3.213649     1.548023  74   0   31.000
2LZM RA96H   R H 14  6 -1 -1 -1   -3.100    -2.969509      0.017      0.130     3.213649     0.244139  74   0   31.000
2LZM RA96N   R N 14 11 -1 -1 -1   -3.000    -2.299450      0.491      0.701     3.213649     0.914198  74   0   31.000
2LZM RA96K   R K 14  8 -1 -1 -1   -0.001    -2.131402      4.539      2.130     3.213649     1.082246  74   0   31.000
2LZM RA96S   R S 14 15 -1 -1 -1   -2.600    -2.570410      0.001      0.030     3.213649     0.643238  74   0   31.000
2LZM RA96Y   R Y 14 19 -1 -1 -1   -4.700    -1.516654     10.134      3.183     3.213649     1.696994  74   0   31.000
2LZM RA96V   R V 14 17 -1 -1 -1   -2.400    -1.430936      0.939      0.969     3.213649     1.782712  74   0   31.000
2LZM RA96W   R W 14 18 -1 -1 -1   -4.500    -1.814282      7.213      2.686     3.213649     1.399366  74   0   31.000
2LZM AA98V   A V  0 17 -1 -1 -1   -4.900    -0.791355     16.881      4.109     3.221719     2.430364  93   0    0.000
2LZM QA105A  Q A 13  0 -1 -1 -1   -0.600    -1.249850      0.422      0.650     2.164323     0.914473  81   0   33.400
2LZM QA105E  Q E 13  3 -1 -1 -1   -1.100    -1.523942      0.180      0.424     2.164323     0.640381  81   0   33.400
2LZM QA105G  Q G 13  5 -1 -1 -1   -1.500    -2.273105      0.598      0.773     2.164323    -0.108782  81   0   33.400
2LZM GA113A  G A  5  0 -1 -1 -1    0.300     0.046238      0.064      0.254     0.646343     0.692582  47   0   68.800
2LZM TA115E  T E 16  3 -1 -1 -1    0.300    -0.413768      0.509      0.714     1.074369     0.660601  47   0   61.300
2LZM NA116D  N D 11  2 -1 -1 -1    0.600    -0.738026      1.790      1.338     1.400744     0.662719  44   0   54.800
2LZM RA119E  R E 14  3 -1 -1 -1   -0.040    -0.953772      0.835      0.914     1.681095     0.727323  49   0   48.800
2LZM QA123E  Q E 13  3 -1 -1 -1    0.400    -0.633265      1.068      1.033     1.184024     0.550760  36   0   53.200
2LZM KA124G  K G  8  5 -1 -1 -1   -0.100    -0.603760      0.254      0.504     1.211553     0.607794  44   0   48.500
2LZM VA131A  V A 17  0 -1 -1 -1    0.300    -0.618318      0.843      0.918     1.702525     1.084206  45   0   62.500
2LZM VA131D  V D 17  2 -1 -1 -1    0.100    -1.039095      1.298      1.139     1.702525     0.663429  45   0   62.500
2LZM VA131G  V G 17  5 -1 -1 -1   -0.700    -1.541344      0.708      0.841     1.702525     0.161181  45   0   62.500
2LZM VA131I  V I 17  7 -1 -1 -1    0.200    -1.048856      1.560      1.249     1.702525     0.653669  45   0   62.500
2LZM VA131L  V L 17  9 -1 -1 -1    0.100    -0.871831      0.944      0.972     1.702525     0.830693  45   0   62.500
2LZM VA131S  V S 17 15 -1 -1 -1   -0.100    -1.146290      1.095      1.046     1.702525     0.556235  45   0   62.500
2LZM VA131M  V M 17 10 -1 -1 -1    0.100    -0.697861      0.637      0.798     1.702525     1.004663  45   0   62.500
2LZM VA131E  V E 17  3 -1 -1 -1    0.200    -0.843985      1.090      1.044     1.702525     0.858540  45   0   62.500
2LZM LA133A  L A  9  0 -1 -1 -1   -4.200    -1.842631      5.557      2.357     3.455183     1.612551  62   0    1.200
2LZM KA135E  K E  8  3 -1 -1 -1   -1.000    -0.506724      0.243      0.493     1.278703     0.771979  41   0   71.600
2LZM NA144D  N D 11  2 -1 -1 -1    0.400    -0.547773      0.898      0.948     1.128521     0.580748  45   0   68.500
2LZM KA147E  K E  8  3 -1 -1 -1   -0.700    -0.523233      0.031      0.177     1.408570     0.885337  60   0   42.800
2LZM VA149C  V C 17  1 -1 -1 -1   -2.200    -3.530758      1.771      1.331     4.250059     0.719301  79   0    0.000
2LZM TA152S  T S 16 15 -1 -1 -1   -2.600    -1.365673      1.524      1.234     1.797252     0.431579  68   0    0.100
2LZM RA154E  R E 14  3 -1 -1 -1   -1.100    -1.993534      0.798      0.894     2.532439     0.538905  56   0   35.300
2LZM GA156D  G D  5  2 -1 -1 -1   -2.300    -1.139614      1.346      1.160     1.255649     0.116035  52   0   23.300
2LZM TA157A  T A 16  0 -1 -1 -1   -0.500    -2.719225      4.925      2.219     1.506797    -1.212428  45   0   37.800
2LZM TA157C  T C 16  1 -1 -1 -1   -1.300    -1.471427      0.029      0.171     1.506797     0.035369  45   0   37.800
2LZM TA157D  T D 16  2 -1 -1 -1   -1.100    -0.924043      0.031      0.176     1.506797     0.582754  45   0   37.800
2LZM TA157E  T E 16  3 -1 -1 -1   -0.800    -1.111551      0.097      0.312     1.506797     0.395246  45   0   37.800
2LZM TA157F  T F 16  4 -1 -1 -1   -2.400    -1.742967      0.432      0.657     1.506797    -0.236170  45   0   37.800
2LZM TA157G  T G 16  5 -1 -1 -1   -1.100    -1.082325      0.000      0.018     1.506797     0.424472  45   0   37.800
2LZM TA157H  T H 16  6 -1 -1 -1   -2.100    -0.941438      1.342      1.159     1.506797     0.565359  45   0   37.800
2LZM TA157I  T I 16  7 -1 -1 -1   -1.500    -2.043893      0.296      0.544     1.506797    -0.537096  45   0   37.800
2LZM TA157L  T L 16  9 -1 -1 -1   -1.700    -1.594871      0.011      0.105     1.506797    -0.088074  45   0   37.800
2LZM TA157N  T N 16 11 -1 -1 -1   -1.200    -0.699060      0.251      0.501     1.506797     0.807737  45   0   37.800
2LZM TA157R  T R 16 14 -1 -1 -1    0.300    -0.731806      1.065      1.032     1.506797     0.774991  45   0   37.800
2LZM TA157S  T S 16 15 -1 -1 -1   -0.700    -0.891979      0.037      0.192     1.506797     0.614818  45   0   37.800
2LZM TA157V  T V 16 17 -1 -1 -1   -1.200    -2.207165      1.014      1.007     1.506797    -0.700368  45   0   37.800
2RN2 DA10N   D N  2 11 -1 -1 -1    0.900    -0.471778      1.882      1.372     1.150572     0.678794  80   3   14.200
2RN2 EA48Q   E Q  3 13 -1 -1 -1    0.200    -0.546757      0.558      0.747     1.289849     0.743092  97   3   11.700
2RN2 AA52F   A F  0  4 -1 -1 -1   -0.500     0.316078      0.666      0.816     2.576597     2.892675  95   3    0.600
2RN2 AA52I   A I  0  7 -1 -1 -1    1.900     1.418058      0.232      0.482     2.576597     3.994655  95   3    0.600
2RN2 AA52L   A L  0  9 -1 -1 -1    1.300     0.941996      0.128      0.358     2.576597     3.518593  95   3    0.600
2RN2 AA52V   A V  0 17 -1 -1 -1    1.700     0.194905      2.265      1.505     2.576597     2.771502  95   3    0.600
2RN2 HA62A   H A  6  0 -1 -1 -1    0.400     0.014063      0.149      0.386     0.425706     0.439769  36   3   75.300
2RN2 HA62P   H P  6 12 -1 -1 -1    1.100     0.998373      0.010      0.102     0.425706     1.424079  36   3   75.300
2RN2 DA70N   D N  2 11 -1 -1 -1    0.900     0.081987      0.669      0.818     0.884685     0.966673  61   3   40.600
2RN2 VA74L   V L 17  9 -1 -1 -1    0.190     0.310086      0.014      0.120     2.293185     2.603272  75   3    1.100
2RN2 VA74I   V I 17  7 -1 -1 -1    0.450    -0.115970      0.320      0.566     2.293185     2.177215  75   3    1.100
2RN2 GA77A   G A  5  0 -1 -1 -1   -0.900     0.999227      3.607      1.899     0.288151     1.287377  62   3    0.000
2RN2 KA95A   K A  8  0 -1 -1 -1    0.100    -0.252311      0.124      0.352     0.629053     0.376742  21   3   67.100
2RN2 KA95G   K G  8  5 -1 -1 -1    1.900    -0.084340      3.938      1.984     0.629053     0.544713  21   3   67.100
2RN2 KA95N   K N  8 11 -1 -1 -1    0.900     0.064512      0.698      0.835     0.629053     0.693565  21   3   67.100
2RN2 DA134A  D A  2  0 -1 -1 -1    2.100     0.553601      2.391      1.546     0.747307     1.300908  67   3   35.700
2RN2 DA134H  D H  2  6 -1 -1 -1    2.300    -0.141726      5.962      2.442     0.747307     0.605581  67   3   35.700
2RN2 DA134N  D N  2 11 -1 -1 -1    1.000    -0.338778      1.792      1.339     0.747307     0.408529  67   3   35.700
4LYZ MA12F   M F 10  4 -1 -1 -1    0.500    -0.227608      0.529      0.728     3.305126     3.077518  71   1    1.100
4LYZ MA12L   M L 10  9 -1 -1 -1   -0.400     0.119951      0.270      0.520     3.305126     3.425077  71   1    1.100
4LYZ TA40S   T S 16 15 -1 -1 -1   -0.300    -0.773182      0.224      0.473     1.037331     0.264150  60   1    0.100
4LYZ GA49A   G A  5  0 -1 -1 -1   -1.900    -0.019649      3.536      1.880     0.432000     0.412351  31   1   26.300
4LYZ IA55V   I V  7 17 -1 -1 -1   -0.900    -2.573138      2.799      1.673     3.032257     0.459119  78   1    1.600
4LYZ IA58M   I M  7 10 -1 -1 -1   -1.200    -2.899219      2.887      1.699     3.878910     0.979691  86   1    2.000
4LYZ GA67A   G A  5  0 -1 -1 -1   -0.500    -0.404193      0.009      0.096     0.385308    -0.018885  36   1   90.000
4LYZ GA71A   G A  5  0 -1 -1 -1   -0.380    -0.016052      0.132      0.364     0.287410     0.271358  30   1   42.200
4LYZ IA78M   I M  7 10 -1 -1 -1   -0.900    -0.580893      0.102      0.319     1.594888     1.013996  51   1   30.200
4LYZ SA91A   S A 15  0 -1 -1 -1   -1.800     1.086855      8.334      2.887     0.649846     1.736702  80   1    0.600
4LYZ SA91T   S T 15 16 -1 -1 -1    1.000    -0.411742      1.993      1.412     0.649846     0.238104  80   1    0.600
4LYZ IA98M   I M  7 10 -1 -1 -1   -0.900    -0.460072      0.194      0.440     2.411965     1.951893  65   1    6.000
4LYZ GA102A  G A  5  0 -1 -1 -1    0.020    -1.449483      2.159      1.469     0.535318    -0.914165  28   1   77.300
4LYZ GA117A  G A  5  0 -1 -1 -1   -1.460    -1.118690      0.116      0.341     0.518976    -0.599713  35   1  100.600
5PTI FA22A   F A  4  0 -1 -1 -1   -1.200    -1.978846      0.607      0.779     3.199438     1.220592  53   5   11.100
5PTI YA23A   Y A 19  0 -1 -1 -1   -5.900    -3.288232      6.821      2.612     3.827401     0.539169  46   5    5.900
5PTI YA35G   Y G 19  5 -1 -1 -1   -5.000    -3.142235      3.451      1.858     3.265962     0.123728  37   5    6.500
5PTI NA43G   N G 11  5 -1 -1 -1   -5.700    -1.566866     17.083      4.133     1.767258     0.200393  51   5    2.000
5PTI FA45A   F A  4  0 -1 -1 -1   -6.900    -2.487934     19.466      4.412     3.000549     0.512615  50   5    8.700
1QIR YA191C  Y C 19  1 -1 -1 -1    2.300     1.531872      0.590      0.768    -0.047095     1.484777  88   8    9.300
1QIS FA191C  F C  4  1 -1 -1 -1    1.600     2.248549      0.421      0.649    -0.485639     1.762909  89   8   11.100
1QIT WA191C  W C 18  1 -1 -1 -1    3.900     1.603443      5.274      2.297     0.130997     1.734439  87   8    9.000
5EAA SA191C  S C 15  1 -1 -1 -1    1.900     0.804227      1.201      1.096     0.370296     1.174523  92   8    4.400
1BRG LA7F    L F  9  4 -1 -1 -1    4.100     0.381841     13.825      3.718     1.537849     1.919690  58   4   23.300
1BRH AA14L   A L  0  9 -1 -1 -1    4.500     1.385089      9.703      3.115     1.066670     2.451759  52   4    1.000
1BNS AA26T   A T  0 16 -1 -1 -1    1.700     0.555372      1.310      1.145     0.482881     1.038253  56   4   21.100
1BSA VA51I   V I 17  7 -1 -1 -1    1.100     0.625394      0.225      0.475     2.046018     2.671411  70   4    1.900
1BRI AA76I   A I  0  7 -1 -1 -1    1.700     1.755139      0.003      0.055     0.868286     2.623425  67   4    0.000
1BSB VA76I   V I 17  7 -1 -1 -1    1.000     0.525613      0.225      0.474     2.375037     2.900650  71   4    0.000
1BAO FA78Y   F Y  4 19 -1 -1 -1    1.100     1.138813      0.002      0.039     0.529543     1.668357  57   4    4.700
1BRJ AA88I   A I  0  7 -1 -1 -1    4.000     1.974242      4.104      2.026     1.206402     3.180644  74   4    0.400
1BSC VA88I   V I 17  7 -1 -1 -1    1.600     0.289624      1.717      1.310     3.611787     3.901412  75   4    0.000
1BSE VA89L   V L 17  9 -1 -1 -1    0.500    -0.812864      1.724      1.313     3.456069     2.643204  76   4    0.000
1BAN AA91S   A S  0 15 -1 -1 -1    1.800     0.303721      2.239      1.496     0.508995     0.812716  55   4    0.700
1BRK AA96I   A I  0  7 -1 -1 -1    3.200     2.534303      0.443      0.666     1.113778     3.648081  64   4    2.100
1BSD VA96I   V I 17  7 -1 -1 -1    0.900     0.158955      0.549      0.741     3.654361     3.813316  63   4    0.600
1E6K AA12D   A D  0  2 -1 -1 -1   -2.500     0.100101      6.761      2.600     1.246443     1.346544  62   9    1.000
1E6L AA13D   A D  0  2 -1 -1 -1   -2.700     0.733045     11.786      3.433     0.003803     0.736848  48   9   23.100
1E6M AA57D   A D  0  2 -1 -1 -1   -3.300     0.656665     15.655      3.957     1.063813     1.720478  80   9   10.200
2EXZ CA22T   C T  1 16 -1 -1 -1    0.900     1.158811      0.067      0.259     0.016722     1.175533  79   2    7.500
2EY1 VA22T   V T 17 16 -1 -1 -1    0.900    -1.101208      4.005      2.001     2.353158     1.251950  80   2    9.900
2F0E LA23V   L V  9 17 -1 -1 -1    0.100     1.232180      1.282      1.132     2.141136     3.373317  79   2    0.100
2F0F IA25L   I L  7  9 -1 -1 -1    1.700    -0.725662      5.884      2.426     3.767493     3.041832  61   2    0.100
1EY5 VA33T   V T 17 16 -1 -1 -1   -0.400    -1.486531      1.181      1.087     2.690229     1.203698  57   2   29.100
2EY2 CA41T   C T  1 16 -1 -1 -1   -0.600    -0.387125      0.045      0.213     0.968124     0.580999  72   2    9.000
1EY6 IA41T   I T  7 16 -1 -1 -1   -0.700    -1.050837      0.123      0.351     1.656216     0.605379  72   2    5.200
2EY5 SA41T   S T 15 16 -1 -1 -1    1.100     0.230518      0.756      0.869     0.437140     0.667658  73   2   10.700
2EY6 VA41T   V T 17 16 -1 -1 -1   -0.800    -1.199094      0.159      0.399     1.763012     0.563918  73   2    5.600
2EYF VA44T   V T 17 16 -1 -1 -1   -0.100    -0.598369      0.248      0.498     0.731136     0.132767  41   2   29.800
1EY4 AA59S   A S  0 15 -1 -1 -1   -0.500    -0.611350      0.012      0.111     1.183220     0.571870  64   2   19.200
2EYH SA62T   S T 15 16 -1 -1 -1    2.100     0.454372      2.708      1.646     0.024622     0.478994  74   2    0.100
2EYJ VA62T   V T 17 16 -1 -1 -1    0.200    -1.620756      3.315      1.821     2.131526     0.510770  71   2    0.000
2F0G IA66V   I V  7 17 -1 -1 -1    1.000    -0.580051      2.497      1.580     3.096972     2.516921  62   2    4.000
2F0H LA66V   L V  9 17 -1 -1 -1    0.300    -0.372489      0.452      0.672     2.758698     2.386209  63   2    2.000
2SNM KA66V   K V  8 17 -1 -1 -1    7.500     2.248478     27.578      5.252     0.009374     2.257853  64   2    1.300
2F0I LA72I   L I  9  7 -1 -1 -1    0.200     0.834589      0.403      0.635     2.893891     3.728480  61   2    7.900
2F0J VA72I   V I 17  7 -1 -1 -1    1.200     0.066974      1.284      1.133     3.621079     3.688054  60   2    7.900
2EYL SA82T   S T 15 16 -1 -1 -1    0.700     0.338539      0.131      0.361     0.199840     0.538379  45   2   53.000
2F0D VA92I   V I 17  7 -1 -1 -1    0.400     0.433139      0.001      0.033     3.139581     3.572720  88   2    0.600
1KAB GA116K  G K  5  8 -1 -1 -1   -1.000    -0.578540      0.178      0.421     0.604919     0.026379  29   2   41.800
1SYG AA117P  A P  0 12 -1 -1 -1   -0.800     0.714698      2.294      1.515    -0.788286    -0.073589  35   2   53.700
1SYC GA117P  G P  5 12 -1 -1 -1   -0.900    -0.947208      0.002      0.047     0.723683    -0.223525  35   2   42.000
1SYE TA117P  T P 16 12 -1 -1 -1   -1.100    -0.342393      0.574      0.758     0.068807    -0.273586  35   2   47.500
2EYM CA120T  C T  1 16 -1 -1 -1    1.700     0.138396      2.439      1.562     0.198711     0.337107  44   2   39.000
2EYO SA120T  S T 15 16 -1 -1 -1    0.600    -0.006447      0.368      0.606     0.460354     0.453906  46   2   42.200
2EYP VA120T  V T 17 16 -1 -1 -1    1.800     0.107399      2.865      1.693     0.342325     0.449724  47   2   39.800
1EY7 AA128S  A S  0 15 -1 -1 -1   -0.700    -0.887957      0.035      0.188     1.405461     0.517504  49   2    7.700
1MX2 NA71F   N F 11  4 -1 -1 -1   -0.700     1.358857      4.239      2.059     0.520072     1.878929  57  10    9.000
1MX4 QA82F   Q F 13  4 -1 -1 -1    0.400     0.324929      0.006      0.075     1.439969     1.764898  61  10   28.200
1MX6 NA92F   N F 11  4 -1 -1 -1    1.100     0.787768      0.097      0.312     1.166743     1.954511  49  10   27.900
1HIB GA9T    G T  5 16 -1 -1 -1    2.600     0.954320      2.708      1.646     0.214562     1.168883  67  32    0.000
245L AA6M    A M  0 10 -1 -1 -1    1.900     2.094106      0.038      0.194     1.558958     3.653064  64   0    0.700
230L LA6M    L M  9 10 -1 -1 -1    2.800     1.315837      2.203      1.484     2.360452     3.676289  64   0    0.800
1QT6 HA11E   H E  6  3 -1 -1 -1   -0.100     0.248206      0.121      0.348     0.891255     1.139461  71   0   24.200
1QT7 NA11E   N E 11  3 -1 -1 -1    0.100     0.653238      0.306      0.553     0.618119     1.271357  71   0   23.900
239L AA17I   A I  0  7 -1 -1 -1    2.700     2.497442      0.041      0.203     1.001933     3.499375  56   0   12.400
253L AA20D   A D  0  2 -1 -1 -1    0.300     0.017387      0.080      0.283     0.729800     0.747186  55   0   27.200
255L NA20D   N D 11  2 -1 -1 -1   -1.300    -0.298511      1.003      1.001     0.859287     0.560776  55   0   32.100
254L SA20D   S D 15  2 -1 -1 -1   -0.700     0.363904      1.132      1.064     0.394493     0.758397  56   0   27.800
240L AA27I   A I  0  7 -1 -1 -1    3.100     3.178469      0.006      0.078     1.425618     4.604087  67   0    0.000
1D2W MA27I   M I 10  7 -1 -1 -1    3.100     1.947292      1.329      1.153     2.257645     4.204937  66   0    0.000
241L AA29I   A I  0  7 -1 -1 -1    2.600     4.251816      2.728      1.652     0.333697     4.585514  65   0    2.200
1L61 NA38S   N S 11 15 -1 -1 -1    0.010     0.311636      0.091      0.302     0.505267     0.816903  29   0   55.300
120L SA41A   S A 15  0 -1 -1 -1    0.600     0.773288      0.030      0.173     0.375409     1.148697  36   0   36.600
1QTB VA42A   V A 17  0 -1 -1 -1    2.700    -0.408850      9.665      3.109     1.784366     1.375516  43   0    0.000
206L SA42A   S A 15  0 -1 -1 -1    2.300     1.439431      0.741      0.861     0.339043     1.778473  45   0    0.000
1L66 AA43K   A K  0  8 -1 -1 -1    1.000    -0.073280      1.152      1.073     1.269182     1.195902  45   0   26.700
1L68 AA44S   A S  0 15 -1 -1 -1   -0.300    -0.165263      0.018      0.135     0.941146     0.775883  39   0   54.000
108L IA44S   I S  7 15 -1 -1 -1   -0.300     0.189569      0.240      0.490     0.567670     0.757239  39   0   64.300
110L LA44S   L S  9 15 -1 -1 -1   -0.400     0.100377      0.250      0.500     0.668215     0.768593  39   0   64.300
109L KA44S   K S  8 15 -1 -1 -1   -0.200    -0.074718      0.016      0.125     0.792485     0.717768  39   0   60.900
217L EA44S   E S  3 15 -1 -1 -1   -0.001     0.011351      0.000      0.012     0.769284     0.780635  39   0   56.700
107L GA44S   G S  5 15 -1 -1 -1    0.500     0.566290      0.004      0.066     0.213490     0.779781  39   0   46.400
113L RA44S   R S 14 15 -1 -1 -1   -0.200    -0.508117      0.095      0.308     1.252846     0.744729  39   0   64.000
111L NA44S   N S 11 15 -1 -1 -1    0.100     0.169756      0.005      0.070     0.642167     0.811923  39   0   66.300
137L FA44S   F S  4 15 -1 -1 -1   -0.100     0.050998      0.023      0.151     0.745594     0.796592  39   0   63.000
112L PA44S   P S 12 15 -1 -1 -1    3.000     0.395109      6.785      2.605     0.321374     0.716483  38   0   52.200
114L TA44S   T S 16 15 -1 -1 -1   -0.010     0.268414      0.078      0.278     0.501344     0.769758  39   0   62.400
115L VA44S   V S 17 15 -1 -1 -1   -0.100    -0.184473      0.007      0.084     0.915834     0.731362  39   0   64.800
1L67 AA46L   A L  0  9 -1 -1 -1    1.900     1.640620      0.067      0.259     1.417267     3.057887  54   0    0.800
1L65 AA47D   A D  0  2 -1 -1 -1    1.000    -0.413963      1.999      1.414     1.075773     0.661810  43   0   23.200
221L SA49A   S A 15  0 -1 -1 -1    0.500     1.244414      0.554      0.744     0.200622     1.445036  51   0   42.700
242L AA50I   A I  0  7 -1 -1 -1    2.000     1.509465      0.241      0.491     0.921697     2.431162  44   0   26.100
1D2Y MA50I   M I 10  7 -1 -1 -1    0.400     1.349564      0.902      0.950     0.914059     2.263623  44   0   19.600
243L AA58I   A I  0  7 -1 -1 -1    3.200     1.813521      1.922      1.386     0.862770     2.676291  48   0    2.400
1G1V TA58I   T I 16  7 -1 -1 -1    3.400     2.509388      0.793      0.891     0.207813     2.717201  47   0    3.300
1LYJ AA59T   A T  0 16 -1 -1 -1    1.500     0.780172      0.518      0.720     0.458837     1.239008  38   0   41.600
1LYI DA59T   D T  2 16 -1 -1 -1    1.200     0.434654      0.586      0.765     0.790955     1.225610  38   0   51.800
1LYH GA59T   G T  5 16 -1 -1 -1    1.600     0.621602      0.957      0.978     0.514241     1.135843  38   0   34.200
1LYG NA59T   N T 11 16 -1 -1 -1    1.100     0.163200      0.878      0.937     1.039252     1.202451  38   0   51.200
1LYF SA59T   S T 15 16 -1 -1 -1    0.200     0.442723      0.059      0.243     0.867024     1.309747  39   0   43.700
1LYE VA59T   V T 17 16 -1 -1 -1    1.500     1.020217      0.230      0.480     0.147363     1.167580  37   0   55.000
1D3J MA66L   M L 10  9 -1 -1 -1    1.000     0.349113      0.424      0.651     1.899438     2.248551  61   0    4.200
246L AA67F   A F  0  4 -1 -1 -1    1.900     1.888211      0.000      0.012     1.166750     3.054961  64   0    5.900
1L76 PA72D   P D 12  2 -1 -1 -1    2.700     0.054925      6.996      2.645     0.540174     0.595099  48   0   34.800
122L SA73A   S A 15  0 -1 -1 -1    0.400     1.038572      0.408      0.639     0.300918     1.339490  48   0   46.300
127L TA75V   T V 16 17 -1 -1 -1    1.300     1.776218      0.227      0.476     0.610113     2.386332  56   0   23.600
1CTW AA78I   A I  0  7 -1 -1 -1    1.200     1.647827      0.201      0.448     1.368244     3.016071  57   0    0.000
1CU0 MA78I   M I 10  7 -1 -1 -1    1.500     1.812858      0.098      0.313     2.019347     3.832205  52   0    0.000
1P2R VA78I   V I 17  7 -1 -1 -1    0.800     1.991107      1.419      1.191     2.010757     4.001864  53   0    0.000
123L SA82A   S A 15  0 -1 -1 -1    0.300     0.576730      0.077      0.277     0.657653     1.234383  37   0   79.800
247L AA84L   A L  0  9 -1 -1 -1    2.600     2.418603      0.033      0.181     1.210222     3.628825  56   0    5.900
1CU2 MA84L   M L 10  9 -1 -1 -1    1.900     1.734974      0.027      0.165     1.697680     3.432654  54   0    0.000
236L AA87V   A V  0 17 -1 -1 -1    1.700     1.707496      0.000      0.007     1.432528     3.140024  61   0    0.200
1CU3 MA87V   M V 10 17 -1 -1 -1    2.300     0.533395      3.121      1.767     1.873789     2.407185  58   0    0.400
1P2L IA87V   I V  7 17 -1 -1 -1    0.300     0.960182      0.436      0.660     2.235220     3.195401  61   0    4.300
128L TA87V   T V 16 17 -1 -1 -1    1.600     2.681303      1.169      1.081     0.538224     3.219527  60   0    0.000
1CU6 AA91L   A L  0  9 -1 -1 -1    2.600     2.338860      0.068      0.261     0.898758     3.237617  53   0   11.200
1CU5 MA91L   M L 10  9 -1 -1 -1    0.800     1.096218      0.088      0.296     2.142562     3.238779  51   0    3.400
1L55 NA92D   N D 11  2 -1 -1 -1    1.400     0.119323      1.640      1.281     1.234743     1.354066  46   0   50.400
224L SA93A   S A 15  0 -1 -1 -1    0.200     1.323490      1.262      1.123     0.484564     1.808054  51   0   76.500
1QSB CA98A   C A  1  0 -1 -1 -1    1.000     2.045292      1.093      1.045     1.200715     3.246007  94   0    0.000
1QS5 LA98A   L A  9  0 -1 -1 -1    4.300     0.014982     18.361      4.285     2.625118     2.640100  93   0    0.000
125L SA98A   S A 15  0 -1 -1 -1    2.500     2.678581      0.032      0.179     0.747819     3.426400  93   0    0.000
1QS9 VA98A   V A 17  0 -1 -1 -1    3.200     0.489086      7.349      2.711     2.533760     3.022846  89   0    0.000
1L90 AA99L   A L  0  9 -1 -1 -1    4.500     2.845071      2.739      1.655     1.820900     4.665971  91   0   13.800
1L91 FA99L   F L  4  9 -1 -1 -1    0.300     1.378482      1.163      1.078     3.029903     4.408385  93   0    0.200
1L92 IA99L   I L  7  9 -1 -1 -1    1.500     1.199636      0.090      0.300     2.992374     4.192010  92   0    0.300
1L93 MA99L   M L 10  9 -1 -1 -1    0.600     1.046589      0.199      0.447     3.388007     4.434596  93   0    0.700
1L94 VA99L   V L 17  9 -1 -1 -1    2.000     1.630861      0.136      0.369     2.643498     4.274359  91   0    1.300
244L AA100I  A I  0  7 -1 -1 -1    3.400     2.523243      0.769      0.877     2.046437     4.569681  83   0    2.600
1CUP MA100I  M I 10  7 -1 -1 -1    1.600     2.134194      0.285      0.534     2.938788     5.072982  83   0    7.300
1P36 VA100I  V I 17  7 -1 -1 -1    0.400     2.388510      3.954      1.989     2.823283     5.211793  84   0    2.700
1I6S AA101N  A N  0 11 -1 -1 -1    1.500     0.216848      1.646      1.283     2.028797     2.245645  90   0    2.400
1L77 LA102M  L M  9 10 -1 -1 -1    1.000     2.756814      3.086      1.757     2.868722     5.625535 101   0    0.700
238L AA103V  A V  0 17 -1 -1 -1    2.200     1.923125      0.077      0.277     1.824369     3.747494  78   0    5.400
1P7S IA103V  I V  7 17 -1 -1 -1    0.500     0.964184      0.215      0.464     2.739789     3.703973  83   0    8.800
1CUQ MA103V  M V 10 17 -1 -1 -1    1.200     0.651192      0.301      0.549     2.829386     3.480579  79   0    5.400
1CV0 MA104F  M F 10  4 -1 -1 -1    0.400     2.470847      4.288      2.071     1.529334     4.000181  81   0   17.700
1G1W MA105Q  M Q 10 13 -1 -1 -1    1.200     0.511664      0.474      0.688     1.432730     1.944394  81   0   34.400
1P46 IA106M  I M  7 10 -1 -1 -1   -0.200     1.353574      2.414      1.554     0.970694     2.324268  74   0   29.300
234L LA106M  L M  9 10 -1 -1 -1   -0.500     1.237342      3.018      1.737     1.732176     2.969518  75   0   31.900
231L KA106M  K M  8 10 -1 -1 -1    3.400     2.927715      0.223      0.472     0.679023     3.606738  77   0   30.400
1L62 DA109T  D T  2 16 -1 -1 -1   -0.600     0.344864      0.893      0.945     0.721406     1.066270  42   0   90.200
1L59 NA109T  N T 11 16 -1 -1 -1   -0.100     0.539042      0.408      0.639     0.536032     1.075074  43   0   87.100
235L AA111V  A V  0 17 -1 -1 -1    1.300     2.485941      1.406      1.186     1.284016     3.769957  68   0    0.400
2L78 IA111V  I V  7 17 -1 -1 -1    0.900    -0.214455      1.242      1.114     2.501591     2.287136  62   0    1.100
1CV1 MA111V  M V 10 17 -1 -1 -1    0.700    -0.198371      0.807      0.898     2.098139     1.899768  60   0    1.400
1TLA FA117S  F S  4 15 -1 -1 -1   -1.100    -1.238242      0.019      0.138     2.333989     1.095747  63   0    0.100
1CVK AA118L  A L  0  9 -1 -1 -1    3.200     2.135653      1.133      1.064     1.230285     3.365938  65   0   20.200
1CV4 MA118L  M L 10  9 -1 -1 -1    0.700     1.949454      1.561      1.249     1.828521     3.777975  67   0    5.700
233L LA120M  L M  9 10 -1 -1 -1   -0.500     1.627604      4.527      2.128     1.394041     3.021644  48   0   10.900
232L KA120M  K M  8 10 -1 -1 -1    1.600     2.312317      0.507      0.712     0.531538     2.843855  48   0   27.200
1P6Y YA120M  Y M 19 10 -1 -1 -1    0.100     1.248006      1.318      1.148     1.657892     2.905898  48   0   20.300
1CV3 MA121L  M L 10  9 -1 -1 -1    0.800     2.334535      2.355      1.535     1.592159     3.926694  59   0    1.100
1QTC FA129A  F A  4  0 -1 -1 -1    1.200     0.259748      0.884      0.940     1.922632     2.182380  51   0    1.500
1QTD WA129A  W A 18  0 -1 -1 -1    2.200     0.738011      2.137      1.462     1.398130     2.136142  49   0    0.400
118L SA130A  S A 15  0 -1 -1 -1    1.000     1.782287      0.612      0.782     0.624424     2.406711  57   0    8.500
1P64 FA133L  F L  4  9 -1 -1 -1    0.300     0.103756      0.039      0.196     3.181036     3.284793  63   0    0.000
1CV5 MA133L  M L 10  9 -1 -1 -1    0.400     0.620775      0.049      0.221     2.896552     3.517327  61   0    0.800
119L SA134A  S A 15  0 -1 -1 -1    0.100     1.485448      1.919      1.385     0.565696     2.051144  49   0   27.400
1L39 EA144N  E N  3 11 -1 -1 -1   -0.500     0.426991      0.859      0.927     0.717755     1.144746  46   0   64.800
237L AA149V  A V  0 17 -1 -1 -1    3.200     2.568139      0.399      0.632     1.759698     4.327837  79   0    1.100
1G07 CA149V  C V  1 17 -1 -1 -1    2.000     2.994699      0.989      0.995     1.050045     4.044744  77   0    0.200
1G0P GA149V  G V  5 17 -1 -1 -1    4.900     4.532287      0.135      0.368    -0.309475     4.222812  79   0    8.900
1G0Q IA149V  I V  7 17 -1 -1 -1    0.100     1.266137      1.360      1.166     2.630353     3.896490  80   0    0.300
1CV6 MA149V  M V 10 17 -1 -1 -1    2.800     1.806003      0.988      0.994     2.009130     3.815134  76   0    0.000
126L TA149V  T V 16 17 -1 -1 -1    2.800     3.570095      0.593      0.770     0.794125     4.364219  80   0    0.400
1G06 SA149V  S V 15 17 -1 -1 -1    4.400     3.791486      0.370      0.609     0.384997     4.176482  80   0    0.800
1G0G AA152T  A T  0 16 -1 -1 -1    1.500     0.047629      2.109      1.452     1.699928     1.747556  66   0    0.600
1G0K CA152T  C T  1 16 -1 -1 -1    0.500     0.662469      0.026      0.162     0.854685     1.517154  69   0    0.100
1G0M IA152T  I T  7 16 -1 -1 -1    0.400    -1.004933      1.974      1.405     2.634149     1.629216  66   0    0.100
1G0J SA152T  S T 15 16 -1 -1 -1    2.000     1.413145      0.344      0.587     0.542959     1.956105  68   0    0.100
1G0L VA152T  V T 17 16 -1 -1 -1   -0.200     0.437817      0.407      0.638     1.477993     1.915809  69   0    0.100
1L85 AA153F  A F  0  4 -1 -1 -1    3.800     2.990174      0.656      0.810     1.735671     4.725845  76   0    4.500
1L86 IA153F  I F  7  4 -1 -1 -1    0.200     1.295632      1.200      1.096     3.266297     4.561930  72   0    0.100
1L87 LA153F  L F  9  4 -1 -1 -1   -0.300     2.059015      5.565      2.359     2.953520     5.012535  72   0    1.400
1L88 MA153F  M F 10  4 -1 -1 -1    0.600     2.506481      3.635      1.906     2.406003     4.912484  73   0    1.000
1L95 VA153F  V F 17  4 -1 -1 -1    1.800     2.846656      1.095      1.047     1.927457     4.774113  73   0    0.300
1OUG AA2V    A V  0 17 -1 -1 -1    1.500     0.235886      1.598      1.264     0.207668     0.443554  41   1   74.200
1GAY GA2V    G V  5 17 -1 -1 -1    2.290     0.634500      2.741      1.656    -0.183749     0.450750  42   1   72.900
1GF8 SA2V    S V 15 17 -1 -1 -1    1.400     0.946582      0.206      0.453     0.234410     1.180991  42   1   64.800
1GF9 YA2V    Y V 19 17 -1 -1 -1    0.400     0.669471      0.073      0.269     0.524581     1.194052  42   1   71.000
1GFA DA2V    D V  2 17 -1 -1 -1    1.400     0.152042      1.557      1.248     0.331307     0.483350  42   1   72.100
1GFE NA2V    N V 11 17 -1 -1 -1    1.300     0.967321      0.111      0.333     0.311702     1.279023  42   1   66.500
1GFG RA2V    R V 14 17 -1 -1 -1    0.400     0.559450      0.025      0.159     0.576472     1.135922  43   1   79.000
1GB0 LA2V    L V  9 17 -1 -1 -1    0.050     0.196618      0.021      0.147     0.227532     0.424149  42   1   62.000
1GB2 MA2V    M V 10 17 -1 -1 -1    0.200     0.585288      0.148      0.385     0.288809     0.874097  42   1   77.900
1GB3 FA2V    F V  4 17 -1 -1 -1    0.800     0.681207      0.014      0.119     0.066552     0.747759  42   1   69.600
1WQN FA20Y   F Y  4 19 -1 -1 -1    0.500     1.245736      0.556      0.746     1.280811     2.526547  46   1   22.400
2HEB AA23I   A I  0  7 -1 -1 -1    2.500     2.003009      0.247      0.497     0.616935     2.619944  57   1    9.800
1YAN VA23I   V I 17  7 -1 -1 -1    0.400     0.907017      0.257      0.507     2.219211     3.126228  59   1    7.300
1WQO FA38Y   F Y  4 19 -1 -1 -1    0.200     1.777256      2.488      1.577     1.903566     3.680822  62   1   10.900
1WQP FA45Y   F Y  4 19 -1 -1 -1   -0.100     0.654733      0.570      0.755     1.027155     1.681887  41   1   57.800
1LHL PA47A   P A 12  0 -1 -1 -1   -0.100    -0.174953      0.006      0.075     0.690077     0.515123  23   1   76.900
1WQQ FA54Y   F Y  4 19 -1 -1 -1    1.000     4.409623     11.626      3.410     0.464687     4.874310  72   1    9.900
2HEC AA56I   A I  0  7 -1 -1 -1    3.700     4.055801      0.127      0.356     0.249053     4.304854  78   1    3.700
1OUA TA56I   T I 16  7 -1 -1 -1    3.600     3.559010      0.002      0.041     0.278934     3.837944  77   1    0.900
1YAO VA56I   V I 17  7 -1 -1 -1    1.200     3.114036      3.664      1.914     1.110837     4.224873  77   1    0.900
2HED AA59I   A I  0  7 -1 -1 -1    1.700     3.457367      3.088      1.757     0.594376     4.051744  82   1    7.800
2HEE GA59I   G I  5  7 -1 -1 -1    3.800     3.531416      0.072      0.269     0.134546     3.665962  82   1   12.200
1YAP VA59I   V I 17  7 -1 -1 -1    1.100     0.519593      0.337      0.580     2.827746     3.347339  82   1    3.900
1WQR FA63Y   F Y  4 19 -1 -1 -1    0.200     0.764466      0.319      0.564     1.450131     2.214597  59   1   51.800
1LHI GA71P   G P  5 12 -1 -1 -1    1.600     0.167239      2.053      1.433     0.253204     0.420443  28   1   63.800
1OUH AA74V   A V  0 17 -1 -1 -1    0.400     1.045383      0.417      0.645     0.142500     1.187883  39   1   53.600
1GB5 GA74V   G V  5 17 -1 -1 -1    0.100     1.058169      0.918      0.958     0.086118     1.144287  40   1   41.400
1GB6 IA74V   I V  7 17 -1 -1 -1   -0.450     0.585356      1.072      1.035     0.526295     1.111650  38   1   62.900
1GB7 LA74V   L V  9 17 -1 -1 -1   -0.190     1.321770      2.285      1.512    -0.039397     1.282373  38   1   64.000
1GB8 MA74V   M V 10 17 -1 -1 -1   -0.650     0.935345      2.513      1.585     0.356265     1.291610  39   1   68.800
1GB9 FA74V   F V  4 17 -1 -1 -1    0.290     0.940128      0.423      0.650     0.405139     1.345268  37   1   68.200
1GFH YA74V   Y V 19 17 -1 -1 -1    0.300     0.630279      0.109      0.330     0.673280     1.303559  37   1   70.900
1GFJ DA74V   D V  2 17 -1 -1 -1    0.400     1.227622      0.685      0.828     0.215519     1.443140  38   1   66.200
1GFK NA74V   N V 11 17 -1 -1 -1    0.300     1.021495      0.521      0.721     0.247037     1.268532  38   1   67.800
1GFR RA74V   R V 14 17 -1 -1 -1    0.100     0.595336      0.245      0.495     0.547942     1.143278  37   1   81.900
1B7S SA74V   S V 15 17 -1 -1 -1    0.400     1.177625      0.605      0.778     0.008164     1.185789  38   1   60.000
1HNL AA77C   A C  0  1 -1 -1 -1    4.600    -0.174463     22.795      4.774    -0.120009    -0.294472  42   1   30.000
2HEF AA89I   A I  0  7 -1 -1 -1    2.700     2.054095      0.417      0.646     0.743932     2.798027  65   1    6.100
1YAQ VA89I   V I 17  7 -1 -1 -1    0.500     1.062111      0.316      0.562     2.199616     3.261727  65   1    4.100
1LHK PA91D   P D 12  2 -1 -1 -1    0.400    -0.004947      0.164      0.405     0.923749     0.918803  57   1   25.800
1OUI AA93V   A V  0 17 -1 -1 -1    0.700     1.884525      1.403      1.185     0.735932     2.620457  81   1    1.400
1OUJ AA99V   A V  0 17 -1 -1 -1    1.000     1.084245      0.007      0.084     1.331764     2.416008  67   1    2.800
1OUB AA100V  A V  0 17 -1 -1 -1    0.300    -0.121641      0.178      0.422     1.507522     1.385881  60   1    2.700
1LHJ GA103P  G P  5 12 -1 -1 -1    0.100    -0.255049      0.126      0.355     0.426837     0.171788  24   1  118.200
2HEA AA106I  A I  0  7 -1 -1 -1    0.900     1.534888      0.403      0.635     1.402315     2.937203  58   1    7.700
1YAM VA106I  V I 17  7 -1 -1 -1    0.700     1.451330      0.564      0.751     1.805577     3.256907  58   1    8.500
1OUC AA110V  A V  0 17 -1 -1 -1   -0.500     0.172143      0.452      0.672     0.505639     0.677782  51   1   52.300
1GFU DA110V  D V  2 17 -1 -1 -1   -0.200    -0.156174      0.002      0.044     0.663844     0.507670  48   1   57.200
1GBO GA110V  G V  5 17 -1 -1 -1   -0.480    -0.137877      0.117      0.342     0.426904     0.289026  52   1   49.600
1GBW IA110V  I V  7 17 -1 -1 -1   -0.860     0.160228      1.041      1.020     0.319012     0.479240  48   1   57.900
1GBX LA110V  L V  9 17 -1 -1 -1   -0.100     0.435998      0.287      0.536     0.126941     0.562939  48   1   66.000
1GBY MA110V  M V 10 17 -1 -1 -1   -0.400     0.690926      1.190      1.091     0.014628     0.705554  48   1   67.300
1GFV NA110V  N V 11 17 -1 -1 -1   -0.100    -0.382398      0.080      0.282     0.780771     0.398373  48   1   66.300
1INU RA110V  R V 14 17 -1 -1 -1   -0.900    -0.543343      0.127      0.357     0.929462     0.386119  49   1   81.000
1GBZ FA110V  F V  4 17 -1 -1 -1    0.050     1.354840      1.703      1.305    -0.668656     0.686184  46   1   74.700
1LHH PA110V  P V 12 17 -1 -1 -1   -0.500    -0.428259      0.005      0.072     0.961222     0.532964  49   1   58.000
1GFT YA110V  Y V 19 17 -1 -1 -1    0.100    -0.035130      0.018      0.135     0.692417     0.657288  47   1   77.100
1OUD AA121V  A V  0 17 -1 -1 -1    1.400     1.906072      0.256      0.506     0.120653     2.026725  46   1   11.500
1WQM FA124Y  F Y  4 19 -1 -1 -1    0.400     1.451879      1.106      1.052     1.246067     2.697947  51   1    9.300
1OUE AA125V  A V  0 17 -1 -1 -1    1.300     1.536311      0.056      0.236     0.586188     2.122499  47   1   10.100
1OUF AA130V  A V  0 17 -1 -1 -1    0.800     0.005291      0.632      0.795     0.935957     0.941248  35   1   53.200
1DMQ FA32Y   F Y  4 19 -1 -1 -1   -0.200    -0.125970      0.005      0.074     3.555197     3.429227  66  15    0.000
1DMM FA57Y   F Y  4 19 -1 -1 -1    1.200    -0.147240      1.815      1.347     2.715788     2.568548  59  15    5.500
1RGC KA25Q   K Q  8 13 -1 -1 -1   -1.400    -0.378265      1.044      1.022     0.773207     0.394942  45  11   54.200
1VQG LA47I   L I  9  7 -1 -1 -1    0.400     0.638783      0.057      0.239     2.932937     3.571720  62   6    1.200
1VQH MA47I   M I 10  7 -1 -1 -1    1.700     0.750676      0.901      0.949     2.590041     3.340718  61   6    1.900
1VQI VA47I   V I 17  7 -1 -1 -1    2.000     0.644182      1.838      1.356     2.685333     3.329515  62   6    2.000
1VQJ IA35V   I V  7 17 -1 -1 -1    0.600     0.262497      0.114      0.338     2.891780     3.154278  47   6    6.200
1YHB FA41Y   F Y  4 19 -1 -1 -1    3.200    -0.063497     10.650      3.263     0.574208     0.510711  20   6   82.700
149L LA3I    L I  9  7 -1 -1 -1   -0.700     0.683054      1.913      1.383     2.141226     2.824280  65   0   13.900
172L CA3I    C I  1  7 -1 -1 -1   -1.200     2.212758     11.647      3.413     0.786913     2.999670  65   0   13.900
1L96 PA3I    P I 12  7 -1 -1 -1    3.000     2.357313      0.413      0.643     0.689953     3.047266  66   0   22.800
1L18 YA3I    Y I 19  7 -1 -1 -1    2.300     1.178595      1.258      1.121     1.538504     2.717099  66   0   31.500
1L17 VA3I    V I 17  7 -1 -1 -1    0.400     1.702240      1.696      1.302     1.381086     3.083325  64   0   12.100
150L IA6M    I M  7 10 -1 -1 -1    1.400     1.448893      0.002      0.049     2.095011     3.543904  64   0    2.200
1L42 EA16K   E K  3  8 -1 -1 -1   -0.500     0.862522      1.856      1.363     0.489611     1.352133  51   0   63.600
1L19 DA38S   D S  2 15 -1 -1 -1   -0.600     0.151940      0.565      0.752     0.637561     0.789501  29   0   48.600
1L21 GA55N   G N  5 11 -1 -1 -1    0.600     0.527894      0.005      0.072     0.527054     1.054948  36   0   60.500
1L56 PA60K   P K 12  8 -1 -1 -1    0.001     0.133437      0.018      0.132     0.943076     1.076513  42   0   50.400
1L23 AA77G   A G  0  5 -1 -1 -1   -0.400    -0.972104      0.327      0.572     1.309064     0.336960  43   0   10.500
1L24 PA82A   P A 12  0 -1 -1 -1   -0.800    -0.046479      0.568      0.754     1.247098     1.200619  37   0   81.100
3C81 AA85K   A K  0  8 -1 -1 -1    0.600     0.295602      0.093      0.304     1.149639     1.445242  51   0   16.700
3C83 AA89D   A D  0  2 -1 -1 -1    0.500     0.004880      0.245      0.495     0.848421     0.853301  43   0   49.300
3C7Y AA96R   A R  0 14 -1 -1 -1    2.000     1.253411      0.557      0.747     1.934519     3.187930  75   0    8.500
3C8Q DA96R   D R  2 14 -1 -1 -1    3.500     2.690949      0.655      0.809     0.642096     3.333046  76   0   12.100
3CDV MA96R   M R 10 14 -1 -1 -1    2.700     0.817932      3.542      1.882     2.534930     3.352862  76   0   24.300
3C8S EA96R   E R  3 14 -1 -1 -1    2.500     2.343965      0.024      0.156     1.037888     3.381853  77   0   21.300
3C8R GA96R   G R  5 14 -1 -1 -1    2.600     3.032135      0.187      0.432     0.261530     3.293665  77   0    3.500
3CDR QA96R   Q R 13 14 -1 -1 -1    0.300     1.690251      1.933      1.390     1.622741     3.312992  76   0   19.900
3F8V HA96R   H R  6 14 -1 -1 -1    3.100     1.585181      2.295      1.515     1.171446     2.756628  77   0   22.600
3CDT NA96R   N R 11 14 -1 -1 -1    3.000     1.838444      1.349      1.162     1.042534     2.880979  79   0    9.100
3C7W KA96R   K R  8 14 -1 -1 -1    0.001     1.958691      3.833      1.958     1.218734     3.177425  76   0   25.300
3CDQ SA96R   S R 15 14 -1 -1 -1    2.600     2.446193      0.024      0.154     0.745887     3.192080  77   0    9.300
3C80 YA96R   Y R 19 14 -1 -1 -1    4.700     0.400496     18.486      4.300     2.013025     2.413521  79   0   26.500
3CDO VA96R   V R 17 14 -1 -1 -1    2.400     0.960086      2.073      1.440     2.036897     2.996983  79   0   14.100
3FI5 WA96R   W R 18 14 -1 -1 -1    4.500     0.997754     12.266      3.502     2.164813     3.162566  80   0   25.100
1L48 VA98A   V A 17  0 -1 -1 -1    4.900     0.796940     16.835      4.103     2.440141     3.237080  90   0    0.000
1L00 AA105Q  A Q  0 13 -1 -1 -1    0.600     0.701756      0.010      0.102     0.998421     1.700177  80   0   39.900
1L98 EA105Q  E Q  3 13 -1 -1 -1    1.100     1.339779      0.057      0.240     0.571599     1.911378  83   0   36.200
1L99 GA105Q  G Q  5 13 -1 -1 -1    1.500     1.612153      0.013      0.112     0.029321     1.641474  84   0   59.100
1L60 AA113G  A G  0  5 -1 -1 -1   -0.300    -0.134732      0.027      0.165     0.653922     0.519190  46   0   80.000
1L37 EA115T  E T  3 16 -1 -1 -1   -0.300     0.375042      0.456      0.675     0.655074     1.030115  50   0   62.000
1L57 DA116N  D N  2 11 -1 -1 -1   -0.600     0.716101      1.732      1.316     0.632359     1.348460  45   0   50.400
1L44 EA119R  E R  3 14 -1 -1 -1    0.040     1.068850      1.059      1.029     0.755907     1.824756  49   0   53.800
1L38 EA123Q  E Q  3 13 -1 -1 -1   -0.400     0.756140      1.337      1.156     0.622304     1.378444  37   0   48.700
1L22 GA124K  G K  5  8 -1 -1 -1    0.100     0.493712      0.155      0.394     0.771339     1.265051  44   0   40.200
1L33 AA131V  A V  0 17 -1 -1 -1   -0.300     0.485689      0.617      0.786     1.174348     1.660036  46   0   52.000
1DYA DA131V  D V  2 17 -1 -1 -1   -0.100     0.981876      1.170      1.082     0.665722     1.647598  46   0   57.500
1DYB GA131V  G V  5 17 -1 -1 -1    0.700     1.307530      0.369      0.608     0.238993     1.546523  46   0   46.900
1DYC IA131V  I V  7 17 -1 -1 -1   -0.200     1.109237      1.714      1.309     0.499042     1.608279  46   0   63.900
1DYD LA131V  L V  9 17 -1 -1 -1   -0.100     0.915473      1.031      1.015     0.700616     1.616089  46   0   69.400
1DYE SA131V  S V 15 17 -1 -1 -1    0.100     1.001387      0.812      0.901     0.575119     1.576506  46   0   58.400
1DYF MA131V  M V 10 17 -1 -1 -1   -0.100     0.787971      0.788      0.888     0.907990     1.695961  47   0   66.900
1DYG EA131V  E V  3 17 -1 -1 -1   -0.200     0.710706      0.829      0.911     0.858904     1.569610  48   0   59.900
1L69 AA133L  A L  0  9 -1 -1 -1    4.200     1.670278      6.399      2.530     1.658380     3.328657  61   0    6.000
1L45 EA135K  E K  3  8 -1 -1 -1    1.000     0.482548      0.268      0.517     0.753625     1.236173  41   0   81.200
1L20 DA144N  D N  2 11 -1 -1 -1   -0.400     0.524026      0.854      0.924     0.567185     1.091211  45   0   73.000
1L46 EA147K  E K  3  8 -1 -1 -1    0.700     0.631849      0.005      0.068     0.785229     1.417077  58   0   42.300
1L53 CA149V  C V  1 17 -1 -1 -1    2.200     3.361097      1.348      1.161     0.535365     3.896462  79   0    0.100
1L52 SA152T  S T 15 16 -1 -1 -1    2.600     1.352990      1.555      1.247     0.601391     1.954382  68   0    0.000
1L47 EA154R  E R  3 14 -1 -1 -1    1.100     1.981902      0.778      0.882     0.566381     2.548283  55   0   43.000
1L16 DA156G  D G  2  5 -1 -1 -1    2.300     0.899136      1.962      1.401     0.170141     1.069277  50   0   38.800
1L02 AA157T  A T  0 16 -1 -1 -1    0.500     1.978512      2.186      1.479    -0.573157     1.405355  45   0   32.700
1L03 CA157T  C T  1 16 -1 -1 -1    1.300     1.045445      0.065      0.255     0.083072     1.128516  45   0   47.600
1L04 DA157T  D T  2 16 -1 -1 -1    1.100     0.644778      0.207      0.455     0.452474     1.097251  45   0   48.600
1L06 EA157T  E T  3 16 -1 -1 -1    0.800     1.124889      0.106      0.325     0.236372     1.361261  45   0   54.800
1L07 FA157T  F T  4 16 -1 -1 -1    2.400     1.074937      1.756      1.325     0.185715     1.260652  45   0   66.400
1L08 GA157T  G T  5 16 -1 -1 -1    1.100     0.722535      0.142      0.377     0.512129     1.234663  45   0   32.200
1L09 HA157T  H T  6 16 -1 -1 -1    2.100     1.212374      0.788      0.888     0.233910     1.446284  45   0   61.600
1L10 IA157T  I T  7 16 -1 -1 -1    1.500     1.702636      0.041      0.203    -0.461464     1.241172  45   0   49.500
1L11 LA157T  L T  9 16 -1 -1 -1    1.700     1.435284      0.070      0.265     0.010405     1.445689  43   0   55.000
1L12 NA157T  N T 11 16 -1 -1 -1    1.200    -0.069675      1.612      1.270     1.141784     1.072110  45   0   41.400
1L13 RA157T  R T 14 16 -1 -1 -1   -0.300     0.556567      0.734      0.857     1.007170     1.563737  45   0   53.600
1L14 SA157T  S T 15 16 -1 -1 -1    0.700     0.910426      0.044      0.210     0.633692     1.544118  45   0   28.800
1L15 VA157T  V T 17 16 -1 -1 -1    1.200     1.429985      0.053      0.230    -0.133332     1.296654  45   0   44.300
1RDA NA10D   N D 11  2 -1 -1 -1   -0.900     0.196118      1.201      1.096     0.912025     1.108144  81   3   11.100
1RDB QA48E   Q E 13  3 -1 -1 -1   -0.200    -0.023666      0.031      0.176     0.978353     0.954688  97   3   11.000
3AA5 FX52A   F A  4  0 -1 -1 -1    0.500    -1.695576      4.821      2.196     3.708104     2.012528  96   3    0.700
3AA2 IA52A   I A  7  0 -1 -1 -1   -1.900    -1.336433      0.318      0.564     3.995815     2.659382  95   3    0.000
3AA3 LA52A   L A  9  0 -1 -1 -1   -1.300    -0.805551      0.244      0.494     3.357671     2.552120  96   3    0.100
3AA4 VA52A   V A 17  0 -1 -1 -1   -1.700    -0.094748      2.577      1.605     2.656342     2.561594  95   3    0.000
1RBS AA62H   A H  0  6 -1 -1 -1   -0.400     0.049086      0.202      0.449     0.488638     0.537724  36   3   60.400
1RBR PA62H   P H 12  6 -1 -1 -1   -1.100    -1.113384      0.000      0.013     1.410828     0.297444  36   3   64.600
1RDC NA70D   N D 11  2 -1 -1 -1   -0.900    -0.247759      0.425      0.652     1.163980     0.916221  63   3   31.300
1LAV LA74V   L V  9 17 -1 -1 -1   -0.190    -0.247989      0.003      0.058     2.517781     2.269792  75   3    0.000
1LAW IA74V   I V  7 17 -1 -1 -1   -0.450    -0.158175      0.085      0.292     2.474562     2.316387  74   3    0.100
1GOB AA77G   A G  0  5 -1 -1 -1    0.900    -0.911487      3.281      1.811     1.011743     0.100256  61   3    0.000
1RBV AA95K   A K  0  8 -1 -1 -1   -0.100     0.548428      0.420      0.648    -0.053772     0.494656  21   3   65.300
1RBT GA95K   G K  5  8 -1 -1 -1   -1.900    -0.102591      3.231      1.797     0.504466     0.401875  21   3   55.200
1RBU NA95K   N K 11  8 -1 -1 -1   -0.900    -0.169432      0.534      0.731     0.670851     0.501419  21   3   71.200
1KVA AA134D  A D  0  2 -1 -1 -1   -2.100    -0.474526      2.642      1.625     1.287757     0.813232  67   3   28.900
1KVB HA134D  H D  6  2 -1 -1 -1   -2.300     0.140918      5.958      2.441     0.677958     0.818877  68   3   25.900
1KVC NA134D  N D 11  2 -1 -1 -1   -1.000     0.475217      2.176      1.475     0.370887     0.846104  68   3   16.700
1IOS FA12M   F M  4 10 -1 -1 -1   -0.500     0.439232      0.882      0.939     3.104974     3.544206  72   1    0.000
1IOT LA12M   L M  9 10 -1 -1 -1    0.400     0.094738      0.093      0.305     3.401336     3.496074  72   1    2.100
1HER SA40T   S T 15 16 -1 -1 -1    0.300     0.929588      0.396      0.630     0.421308     1.350896  59   1    1.100
1FN5 AA49G   A G  0  5 -1 -1 -1    1.900     0.233094      2.779      1.667     0.326554     0.559648  29   1   33.000
1HEO VA55I   V I 17  7 -1 -1 -1    0.900     3.855510      8.735      2.956     0.260297     4.115807  79   1    1.100
1IR8 MA58I   M I 10  7 -1 -1 -1    1.200     2.581382      1.908      1.381     0.962682     3.544063  83   1    1.500
1FLU AA67G   A G  0  5 -1 -1 -1    0.500     0.376988      0.015      0.123     0.000139     0.377126  36   1   86.100
1FLW AA71G   A G  0  5 -1 -1 -1    0.380     0.401061      0.000      0.021     0.037567     0.438628  30   1   81.800
1IR7 MA78I   M I 10  7 -1 -1 -1    0.900     2.011599      1.236      1.112     0.017108     2.028706  49   1   18.100
1LSN AA91S   A S  0 15 -1 -1 -1    1.800    -1.309113      9.667      3.109     1.934894     0.625782  82   1    5.900
1HEM TA91S   T S 16 15 -1 -1 -1   -1.000     0.402217      1.966      1.402     0.313386     0.715603  82   1    3.400
1IR9 MA98I   M I 10  7 -1 -1 -1    0.900     0.666710      0.054      0.233     1.989426     2.656136  64   1    5.700
1FLY AA102G  A G  0  5 -1 -1 -1   -0.020    -0.475064      0.207      0.455     0.728017     0.252953  24   1   96.900
1FLQ AA117G  A G  0  5 -1 -1 -1    1.460     0.612669      0.718      0.847    -0.191602     0.421067  34   1  101.300
1BTI AA22F   A F  0  4 -1 -1 -1    1.200     1.972647      0.597      0.773     1.038671     3.011318  52   5    2.900
1BPT AA23Y   A Y  0 19 -1 -1 -1    5.900     2.441075     11.964      3.459     0.741924     3.182999  44   5    4.700
8PTI GA35Y   G Y  5 19 -1 -1 -1    5.000    -0.430694     29.492      5.431     0.374284    -0.056410  35   5   18.600
1NAG GA43N   G N  5 11 -1 -1 -1    5.700     1.278935     19.546      4.421     0.099408     1.378343  50   5   16.500
1FAN AA45F   A F  0  4 -1 -1 -1    6.900     1.576266     28.342      5.324     0.705308     2.281574  50   5   18.500
