1QIS FA191C  F C  4  1 -1 -1 -1    1.600     2.248549      0.421      0.649    -0.485639     1.762909  89  -1   -1.000
5EAA SA191C  S C 15  1 -1 -1 -1    1.900     0.804227      1.201      1.096     0.370296     1.174523  92  -1   -1.000
1QIT WA191C  W C 18  1 -1 -1 -1    3.900     1.603443      5.274      2.297     0.130997     1.734439  87  -1   -1.000
1QIR YA191C  Y C 19  1 -1 -1 -1    2.300     1.531872      0.590      0.768    -0.047095     1.484777  88  -1   -1.000
1MYK LA8P    L P  9 12 -1 -1 -1   -2.490    -1.186126      1.700      1.304     1.156527    -0.029598  29  -1   -1.000
1BRG LA7F    L F  9  4 -1 -1 -1    4.100     0.381841     13.825      3.718     1.537849     1.919690  58  -1   -1.000
1BSA VA51I   V I 17  7 -1 -1 -1    1.100     0.625394      0.225      0.475     2.046018     2.671411  70  -1   -1.000
1BRI AA76I   A I  0  7 -1 -1 -1    1.700     1.755139      0.003      0.055     0.868286     2.623425  67  -1   -1.000
1BSB VA76I   V I 17  7 -1 -1 -1    1.000     0.525613      0.225      0.474     2.375037     2.900650  71  -1   -1.000
1BRJ AA88I   A I  0  7 -1 -1 -1    4.000     1.974242      4.104      2.026     1.206402     3.180644  74  -1   -1.000
1BSC VA88I   V I 17  7 -1 -1 -1    1.600     0.289624      1.717      1.310     3.611787     3.901412  75  -1   -1.000
1BRK AA96I   A I  0  7 -1 -1 -1    3.200     2.534303      0.443      0.666     1.113778     3.648081  64  -1   -1.000
1BSD VA96I   V I 17  7 -1 -1 -1    0.900     0.158955      0.549      0.741     3.654361     3.813316  63  -1   -1.000
1BRH AA14L   A L  0  9 -1 -1 -1    4.500     1.385089      9.703      3.115     1.066670     2.451759  52  -1   -1.000
1BSE VA89L   V L 17  9 -1 -1 -1    0.500    -0.812864      1.724      1.313     3.456069     2.643204  76  -1   -1.000
1BAN AA91S   A S  0 15 -1 -1 -1    1.800     0.303721      2.239      1.496     0.508995     0.812716  55  -1   -1.000
1BNS AA26T   A T  0 16 -1 -1 -1    1.700     0.555372      1.310      1.145     0.482881     1.038253  56  -1   -1.000
1BAO FA78Y   F Y  4 19 -1 -1 -1    1.100     1.138813      0.002      0.039     0.529543     1.668357  57  -1   -1.000
1E6K AA12D   A D  0  2 -1 -1 -1   -2.500     0.100101      6.761      2.600     1.246443     1.346544  62  -1   -1.000
1E6L AA13D   A D  0  2 -1 -1 -1   -2.700     0.733045     11.786      3.433     0.003803     0.736848  48  -1   -1.000
1E6M AA57D   A D  0  2 -1 -1 -1   -3.300     0.656665     15.655      3.957     1.063813     1.720478  80  -1   -1.000
2F0I LA72I   L I  9  7 -1 -1 -1    0.200     0.834589      0.403      0.635     2.893891     3.728480  61  -1   -1.000
2F0J VA72I   V I 17  7 -1 -1 -1    1.200     0.066974      1.284      1.133     3.621079     3.688054  60  -1   -1.000
2F0D VA92I   V I 17  7 -1 -1 -1    0.400     0.433139      0.001      0.033     3.139581     3.572720  88  -1   -1.000
1KAB GA116K  G K  5  8 -1 -1 -1   -1.000    -0.578540      0.178      0.421     0.604919     0.026379  29  -1   -1.000
2F0F IA25L   I L  7  9 -1 -1 -1    1.700    -0.725662      5.884      2.426     3.767493     3.041832  61  -1   -1.000
1SYG AA117P  A P  0 12 -1 -1 -1   -0.800     0.714698      2.294      1.515    -0.788286    -0.073589  35  -1   -1.000
1SYC GA117P  G P  5 12 -1 -1 -1   -0.900    -0.947208      0.002      0.047     0.723683    -0.223525  35  -1   -1.000
1SYE TA117P  T P 16 12 -1 -1 -1   -1.100    -0.342393      0.574      0.758     0.068807    -0.273586  35  -1   -1.000
1EY7 AA128S  A S  0 15 -1 -1 -1   -0.700    -0.887957      0.035      0.188     1.405461     0.517504  49  -1   -1.000
1EY4 AA59S   A S  0 15 -1 -1 -1   -0.500    -0.611350      0.012      0.111     1.183220     0.571870  64  -1   -1.000
2EYM CA120T  C T  1 16 -1 -1 -1    1.700     0.138396      2.439      1.562     0.198711     0.337107  44  -1   -1.000
2EYO SA120T  S T 15 16 -1 -1 -1    0.600    -0.006447      0.368      0.606     0.460354     0.453906  46  -1   -1.000
2EYP VA120T  V T 17 16 -1 -1 -1    1.800     0.107399      2.865      1.693     0.342325     0.449724  47  -1   -1.000
2EXZ CA22T   C T  1 16 -1 -1 -1    0.900     1.158811      0.067      0.259     0.016722     1.175533  79  -1   -1.000
2EY1 VA22T   V T 17 16 -1 -1 -1    0.900    -1.101208      4.005      2.001     2.353158     1.251950  80  -1   -1.000
1EY5 VA33T   V T 17 16 -1 -1 -1   -0.400    -1.486531      1.181      1.087     2.690229     1.203698  57  -1   -1.000
2EY2 CA41T   C T  1 16 -1 -1 -1   -0.600    -0.387125      0.045      0.213     0.968124     0.580999  72  -1   -1.000
1EY6 IA41T   I T  7 16 -1 -1 -1   -0.700    -1.050837      0.123      0.351     1.656216     0.605379  72  -1   -1.000
2EY5 SA41T   S T 15 16 -1 -1 -1    1.100     0.230518      0.756      0.869     0.437140     0.667658  73  -1   -1.000
2EY6 VA41T   V T 17 16 -1 -1 -1   -0.800    -1.199094      0.159      0.399     1.763012     0.563918  73  -1   -1.000
2EYF VA44T   V T 17 16 -1 -1 -1   -0.100    -0.598369      0.248      0.498     0.731136     0.132767  41  -1   -1.000
2EYH SA62T   S T 15 16 -1 -1 -1    2.100     0.454372      2.708      1.646     0.024622     0.478994  74  -1   -1.000
2EYJ VA62T   V T 17 16 -1 -1 -1    0.200    -1.620756      3.315      1.821     2.131526     0.510770  71  -1   -1.000
2EYL SA82T   S T 15 16 -1 -1 -1    0.700     0.338539      0.131      0.361     0.199840     0.538379  45  -1   -1.000
2F0E LA23V   L V  9 17 -1 -1 -1    0.100     1.232180      1.282      1.132     2.141136     3.373317  79  -1   -1.000
2F0G IA66V   I V  7 17 -1 -1 -1    1.000    -0.580051      2.497      1.580     3.096972     2.516921  62  -1   -1.000
2SNM KA66V   K V  8 17 -1 -1 -1    7.500     2.248478     27.578      5.252     0.009374     2.257853  64  -1   -1.000
2F0H LA66V   L V  9 17 -1 -1 -1    0.300    -0.372489      0.452      0.672     2.758698     2.386209  63  -1   -1.000
1MX2 NA71F   N F 11  4 -1 -1 -1   -0.700     1.358857      4.239      2.059     0.520072     1.878929  57  -1   -1.000
1MX4 QA82F   Q F 13  4 -1 -1 -1    0.400     0.324929      0.006      0.075     1.439969     1.764898  61  -1   -1.000
1MX6 NA92F   N F 11  4 -1 -1 -1    1.100     0.787768      0.097      0.312     1.166743     1.954511  49  -1   -1.000
1HIB GA9T    G T  5 16 -1 -1 -1    2.600     0.954320      2.708      1.646     0.214562     1.168883  67  -1   -1.000
1QTC FA129A  F A  4  0 -1 -1 -1    1.200     0.259748      0.884      0.940     1.922632     2.182380  51  -1   -1.000
1QTD WA129A  W A 18  0 -1 -1 -1    2.200     0.738011      2.137      1.462     1.398130     2.136142  49  -1   -1.000
118L SA130A  S A 15  0 -1 -1 -1    1.000     1.782287      0.612      0.782     0.624424     2.406711  57  -1   -1.000
119L SA134A  S A 15  0 -1 -1 -1    0.100     1.485448      1.919      1.385     0.565696     2.051144  49  -1   -1.000
120L SA41A   S A 15  0 -1 -1 -1    0.600     0.773288      0.030      0.173     0.375409     1.148697  36  -1   -1.000
206L SA42A   S A 15  0 -1 -1 -1    2.300     1.439431      0.741      0.861     0.339043     1.778473  45  -1   -1.000
1QTB VA42A   V A 17  0 -1 -1 -1    2.700    -0.408850      9.665      3.109     1.784366     1.375516  43  -1   -1.000
221L SA49A   S A 15  0 -1 -1 -1    0.500     1.244414      0.554      0.744     0.200622     1.445036  51  -1   -1.000
122L SA73A   S A 15  0 -1 -1 -1    0.400     1.038572      0.408      0.639     0.300918     1.339490  48  -1   -1.000
123L SA82A   S A 15  0 -1 -1 -1    0.300     0.576730      0.077      0.277     0.657653     1.234383  37  -1   -1.000
224L SA93A   S A 15  0 -1 -1 -1    0.200     1.323490      1.262      1.123     0.484564     1.808054  51  -1   -1.000
1QSB CA98A   C A  1  0 -1 -1 -1    1.000     2.045292      1.093      1.045     1.200715     3.246007  94  -1   -1.000
1QS5 LA98A   L A  9  0 -1 -1 -1    4.300     0.014982     18.361      4.285     2.625118     2.640100  93  -1   -1.000
125L SA98A   S A 15  0 -1 -1 -1    2.500     2.678581      0.032      0.179     0.747819     3.426400  93  -1   -1.000
1QS9 VA98A   V A 17  0 -1 -1 -1    3.200     0.489086      7.349      2.711     2.533760     3.022846  89  -1   -1.000
253L AA20D   A D  0  2 -1 -1 -1    0.300     0.017387      0.080      0.283     0.729800     0.747186  55  -1   -1.000
255L NA20D   N D 11  2 -1 -1 -1   -1.300    -0.298511      1.003      1.001     0.859287     0.560776  55  -1   -1.000
254L SA20D   S D 15  2 -1 -1 -1   -0.700     0.363904      1.132      1.064     0.394493     0.758397  56  -1   -1.000
1L65 AA47D   A D  0  2 -1 -1 -1    1.000    -0.413963      1.999      1.414     1.075773     0.661810  43  -1   -1.000
1L76 PA72D   P D 12  2 -1 -1 -1    2.700     0.054925      6.996      2.645     0.540174     0.595099  48  -1   -1.000
1L55 NA92D   N D 11  2 -1 -1 -1    1.400     0.119323      1.640      1.281     1.234743     1.354066  46  -1   -1.000
1QT6 HA11E   H E  6  3 -1 -1 -1   -0.100     0.248206      0.121      0.348     0.891255     1.139461  71  -1   -1.000
1QT7 NA11E   N E 11  3 -1 -1 -1    0.100     0.653238      0.306      0.553     0.618119     1.271357  71  -1   -1.000
1CV0 MA104F  M F 10  4 -1 -1 -1    0.400     2.470847      4.288      2.071     1.529334     4.000181  81  -1   -1.000
1L85 AA153F  A F  0  4 -1 -1 -1    3.800     2.990174      0.656      0.810     1.735671     4.725845  76  -1   -1.000
1L86 IA153F  I F  7  4 -1 -1 -1    0.200     1.295632      1.200      1.096     3.266297     4.561930  72  -1   -1.000
1L87 LA153F  L F  9  4 -1 -1 -1   -0.300     2.059015      5.565      2.359     2.953520     5.012535  72  -1   -1.000
1L88 MA153F  M F 10  4 -1 -1 -1    0.600     2.506481      3.635      1.906     2.406003     4.912484  73  -1   -1.000
1L95 VA153F  V F 17  4 -1 -1 -1    1.800     2.846656      1.095      1.047     1.927457     4.774113  73  -1   -1.000
246L AA67F   A F  0  4 -1 -1 -1    1.900     1.888211      0.000      0.012     1.166750     3.054961  64  -1   -1.000
244L AA100I  A I  0  7 -1 -1 -1    3.400     2.523243      0.769      0.877     2.046437     4.569681  83  -1   -1.000
1CUP MA100I  M I 10  7 -1 -1 -1    1.600     2.134194      0.285      0.534     2.938788     5.072982  83  -1   -1.000
1P36 VA100I  V I 17  7 -1 -1 -1    0.400     2.388510      3.954      1.989     2.823283     5.211793  84  -1   -1.000
239L AA17I   A I  0  7 -1 -1 -1    2.700     2.497442      0.041      0.203     1.001933     3.499375  56  -1   -1.000
240L AA27I   A I  0  7 -1 -1 -1    3.100     3.178469      0.006      0.078     1.425618     4.604087  67  -1   -1.000
1D2W MA27I   M I 10  7 -1 -1 -1    3.100     1.947292      1.329      1.153     2.257645     4.204937  66  -1   -1.000
241L AA29I   A I  0  7 -1 -1 -1    2.600     4.251816      2.728      1.652     0.333697     4.585514  65  -1   -1.000
242L AA50I   A I  0  7 -1 -1 -1    2.000     1.509465      0.241      0.491     0.921697     2.431162  44  -1   -1.000
1D2Y MA50I   M I 10  7 -1 -1 -1    0.400     1.349564      0.902      0.950     0.914059     2.263623  44  -1   -1.000
243L AA58I   A I  0  7 -1 -1 -1    3.200     1.813521      1.922      1.386     0.862770     2.676291  48  -1   -1.000
1G1V TA58I   T I 16  7 -1 -1 -1    3.400     2.509388      0.793      0.891     0.207813     2.717201  47  -1   -1.000
1CTW AA78I   A I  0  7 -1 -1 -1    1.200     1.647827      0.201      0.448     1.368244     3.016071  57  -1   -1.000
1CU0 MA78I   M I 10  7 -1 -1 -1    1.500     1.812858      0.098      0.313     2.019347     3.832205  52  -1   -1.000
1P2R VA78I   V I 17  7 -1 -1 -1    0.800     1.991107      1.419      1.191     2.010757     4.001864  53  -1   -1.000
1L66 AA43K   A K  0  8 -1 -1 -1    1.000    -0.073280      1.152      1.073     1.269182     1.195902  45  -1   -1.000
1CVK AA118L  A L  0  9 -1 -1 -1    3.200     2.135653      1.133      1.064     1.230285     3.365938  65  -1   -1.000
1CV4 MA118L  M L 10  9 -1 -1 -1    0.700     1.949454      1.561      1.249     1.828521     3.777975  67  -1   -1.000
1CV3 MA121L  M L 10  9 -1 -1 -1    0.800     2.334535      2.355      1.535     1.592159     3.926694  59  -1   -1.000
1P64 FA133L  F L  4  9 -1 -1 -1    0.300     0.103756      0.039      0.196     3.181036     3.284793  63  -1   -1.000
1CV5 MA133L  M L 10  9 -1 -1 -1    0.400     0.620775      0.049      0.221     2.896552     3.517327  61  -1   -1.000
1L67 AA46L   A L  0  9 -1 -1 -1    1.900     1.640620      0.067      0.259     1.417267     3.057887  54  -1   -1.000
1D3J MA66L   M L 10  9 -1 -1 -1    1.000     0.349113      0.424      0.651     1.899438     2.248551  61  -1   -1.000
247L AA84L   A L  0  9 -1 -1 -1    2.600     2.418603      0.033      0.181     1.210222     3.628825  56  -1   -1.000
1CU2 MA84L   M L 10  9 -1 -1 -1    1.900     1.734974      0.027      0.165     1.697680     3.432654  54  -1   -1.000
1CU6 AA91L   A L  0  9 -1 -1 -1    2.600     2.338860      0.068      0.261     0.898758     3.237617  53  -1   -1.000
1CU5 MA91L   M L 10  9 -1 -1 -1    0.800     1.096218      0.088      0.296     2.142562     3.238779  51  -1   -1.000
1L90 AA99L   A L  0  9 -1 -1 -1    4.500     2.845071      2.739      1.655     1.820900     4.665971  91  -1   -1.000
1L91 FA99L   F L  4  9 -1 -1 -1    0.300     1.378482      1.163      1.078     3.029903     4.408385  93  -1   -1.000
1L92 IA99L   I L  7  9 -1 -1 -1    1.500     1.199636      0.090      0.300     2.992374     4.192010  92  -1   -1.000
1L93 MA99L   M L 10  9 -1 -1 -1    0.600     1.046589      0.199      0.447     3.388007     4.434596  93  -1   -1.000
1L94 VA99L   V L 17  9 -1 -1 -1    2.000     1.630861      0.136      0.369     2.643498     4.274359  91  -1   -1.000
1L77 LA102M  L M  9 10 -1 -1 -1    1.000     2.756814      3.086      1.757     2.868722     5.625535 101  -1   -1.000
1P46 IA106M  I M  7 10 -1 -1 -1   -0.200     1.353574      2.414      1.554     0.970694     2.324268  74  -1   -1.000
231L KA106M  K M  8 10 -1 -1 -1    3.400     2.927715      0.223      0.472     0.679023     3.606738  77  -1   -1.000
234L LA106M  L M  9 10 -1 -1 -1   -0.500     1.237342      3.018      1.737     1.732176     2.969518  75  -1   -1.000
232L KA120M  K M  8 10 -1 -1 -1    1.600     2.312317      0.507      0.712     0.531538     2.843855  48  -1   -1.000
233L LA120M  L M  9 10 -1 -1 -1   -0.500     1.627604      4.527      2.128     1.394041     3.021644  48  -1   -1.000
1P6Y YA120M  Y M 19 10 -1 -1 -1    0.100     1.248006      1.318      1.148     1.657892     2.905898  48  -1   -1.000
245L AA6M    A M  0 10 -1 -1 -1    1.900     2.094106      0.038      0.194     1.558958     3.653064  64  -1   -1.000
230L LA6M    L M  9 10 -1 -1 -1    2.800     1.315837      2.203      1.484     2.360452     3.676289  64  -1   -1.000
1I6S AA101N  A N  0 11 -1 -1 -1    1.500     0.216848      1.646      1.283     2.028797     2.245645  90  -1   -1.000
1L39 EA144N  E N  3 11 -1 -1 -1   -0.500     0.426991      0.859      0.927     0.717755     1.144746  46  -1   -1.000
1G1W MA105Q  M Q 10 13 -1 -1 -1    1.200     0.511664      0.474      0.688     1.432730     1.944394  81  -1   -1.000
1TLA FA117S  F S  4 15 -1 -1 -1   -1.100    -1.238242      0.019      0.138     2.333989     1.095747  63  -1   -1.000
1L61 NA38S   N S 11 15 -1 -1 -1    0.010     0.311636      0.091      0.302     0.505267     0.816903  29  -1   -1.000
1L68 AA44S   A S  0 15 -1 -1 -1   -0.300    -0.165263      0.018      0.135     0.941146     0.775883  39  -1   -1.000
217L EA44S   E S  3 15 -1 -1 -1   -0.001     0.011351      0.000      0.012     0.769284     0.780635  39  -1   -1.000
137L FA44S   F S  4 15 -1 -1 -1   -0.100     0.050998      0.023      0.151     0.745594     0.796592  39  -1   -1.000
107L GA44S   G S  5 15 -1 -1 -1    0.500     0.566290      0.004      0.066     0.213490     0.779781  39  -1   -1.000
108L IA44S   I S  7 15 -1 -1 -1   -0.300     0.189569      0.240      0.490     0.567670     0.757239  39  -1   -1.000
109L KA44S   K S  8 15 -1 -1 -1   -0.200    -0.074718      0.016      0.125     0.792485     0.717768  39  -1   -1.000
110L LA44S   L S  9 15 -1 -1 -1   -0.400     0.100377      0.250      0.500     0.668215     0.768593  39  -1   -1.000
111L NA44S   N S 11 15 -1 -1 -1    0.100     0.169756      0.005      0.070     0.642167     0.811923  39  -1   -1.000
112L PA44S   P S 12 15 -1 -1 -1    3.000     0.395109      6.785      2.605     0.321374     0.716483  38  -1   -1.000
113L RA44S   R S 14 15 -1 -1 -1   -0.200    -0.508117      0.095      0.308     1.252846     0.744729  39  -1   -1.000
114L TA44S   T S 16 15 -1 -1 -1   -0.010     0.268414      0.078      0.278     0.501344     0.769758  39  -1   -1.000
115L VA44S   V S 17 15 -1 -1 -1   -0.100    -0.184473      0.007      0.084     0.915834     0.731362  39  -1   -1.000
1L62 DA109T  D T  2 16 -1 -1 -1   -0.600     0.344864      0.893      0.945     0.721406     1.066270  42  -1   -1.000
1L59 NA109T  N T 11 16 -1 -1 -1   -0.100     0.539042      0.408      0.639     0.536032     1.075074  43  -1   -1.000
1G0G AA152T  A T  0 16 -1 -1 -1    1.500     0.047629      2.109      1.452     1.699928     1.747556  66  -1   -1.000
1G0K CA152T  C T  1 16 -1 -1 -1    0.500     0.662469      0.026      0.162     0.854685     1.517154  69  -1   -1.000
1G0M IA152T  I T  7 16 -1 -1 -1    0.400    -1.004933      1.974      1.405     2.634149     1.629216  66  -1   -1.000
1G0J SA152T  S T 15 16 -1 -1 -1    2.000     1.413145      0.344      0.587     0.542959     1.956105  68  -1   -1.000
1G0L VA152T  V T 17 16 -1 -1 -1   -0.200     0.437817      0.407      0.638     1.477993     1.915809  69  -1   -1.000
1LYJ AA59T   A T  0 16 -1 -1 -1    1.500     0.780172      0.518      0.720     0.458837     1.239008  38  -1   -1.000
1LYI DA59T   D T  2 16 -1 -1 -1    1.200     0.434654      0.586      0.765     0.790955     1.225610  38  -1   -1.000
1LYH GA59T   G T  5 16 -1 -1 -1    1.600     0.621602      0.957      0.978     0.514241     1.135843  38  -1   -1.000
1LYG NA59T   N T 11 16 -1 -1 -1    1.100     0.163200      0.878      0.937     1.039252     1.202451  38  -1   -1.000
1LYF SA59T   S T 15 16 -1 -1 -1    0.200     0.442723      0.059      0.243     0.867024     1.309747  39  -1   -1.000
1LYE VA59T   V T 17 16 -1 -1 -1    1.500     1.020217      0.230      0.480     0.147363     1.167580  37  -1   -1.000
238L AA103V  A V  0 17 -1 -1 -1    2.200     1.923125      0.077      0.277     1.824369     3.747494  78  -1   -1.000
1P7S IA103V  I V  7 17 -1 -1 -1    0.500     0.964184      0.215      0.464     2.739789     3.703973  83  -1   -1.000
1CUQ MA103V  M V 10 17 -1 -1 -1    1.200     0.651192      0.301      0.549     2.829386     3.480579  79  -1   -1.000
235L AA111V  A V  0 17 -1 -1 -1    1.300     2.485941      1.406      1.186     1.284016     3.769957  68  -1   -1.000
2L78 IA111V  I V  7 17 -1 -1 -1    0.900    -0.214455      1.242      1.114     2.501591     2.287136  62  -1   -1.000
1CV1 MA111V  M V 10 17 -1 -1 -1    0.700    -0.198371      0.807      0.898     2.098139     1.899768  60  -1   -1.000
237L AA149V  A V  0 17 -1 -1 -1    3.200     2.568139      0.399      0.632     1.759698     4.327837  79  -1   -1.000
1G07 CA149V  C V  1 17 -1 -1 -1    2.000     2.994699      0.989      0.995     1.050045     4.044744  77  -1   -1.000
1G0P GA149V  G V  5 17 -1 -1 -1    4.900     4.532287      0.135      0.368    -0.309475     4.222812  79  -1   -1.000
1G0Q IA149V  I V  7 17 -1 -1 -1    0.100     1.266137      1.360      1.166     2.630353     3.896490  80  -1   -1.000
1CV6 MA149V  M V 10 17 -1 -1 -1    2.800     1.806003      0.988      0.994     2.009130     3.815134  76  -1   -1.000
1G06 SA149V  S V 15 17 -1 -1 -1    4.400     3.791486      0.370      0.609     0.384997     4.176482  80  -1   -1.000
126L TA149V  T V 16 17 -1 -1 -1    2.800     3.570095      0.593      0.770     0.794125     4.364219  80  -1   -1.000
127L TA75V   T V 16 17 -1 -1 -1    1.300     1.776218      0.227      0.476     0.610113     2.386332  56  -1   -1.000
236L AA87V   A V  0 17 -1 -1 -1    1.700     1.707496      0.000      0.007     1.432528     3.140024  61  -1   -1.000
1P2L IA87V   I V  7 17 -1 -1 -1    0.300     0.960182      0.436      0.660     2.235220     3.195401  61  -1   -1.000
1CU3 MA87V   M V 10 17 -1 -1 -1    2.300     0.533395      3.121      1.767     1.873789     2.407185  58  -1   -1.000
128L TA87V   T V 16 17 -1 -1 -1    1.600     2.681303      1.169      1.081     0.538224     3.219527  60  -1   -1.000
1LHL PA47A   P A 12  0 -1 -1 -1   -0.100    -0.174953      0.006      0.075     0.690077     0.515123  23  -1   -1.000
1HNL AA77C   A C  0  1 -1 -1 -1    4.600    -0.174463     22.795      4.774    -0.120009    -0.294472  42  -1   -1.000
1LHK PA91D   P D 12  2 -1 -1 -1    0.400    -0.004947      0.164      0.405     0.923749     0.918803  57  -1   -1.000
2HEA AA106I  A I  0  7 -1 -1 -1    0.900     1.534888      0.403      0.635     1.402315     2.937203  58  -1   -1.000
1YAM VA106I  V I 17  7 -1 -1 -1    0.700     1.451330      0.564      0.751     1.805577     3.256907  58  -1   -1.000
2HEB AA23I   A I  0  7 -1 -1 -1    2.500     2.003009      0.247      0.497     0.616935     2.619944  57  -1   -1.000
1YAN VA23I   V I 17  7 -1 -1 -1    0.400     0.907017      0.257      0.507     2.219211     3.126228  59  -1   -1.000
2HEC AA56I   A I  0  7 -1 -1 -1    3.700     4.055801      0.127      0.356     0.249053     4.304854  78  -1   -1.000
1OUA TA56I   T I 16  7 -1 -1 -1    3.600     3.559010      0.002      0.041     0.278934     3.837944  77  -1   -1.000
1YAO VA56I   V I 17  7 -1 -1 -1    1.200     3.114036      3.664      1.914     1.110837     4.224873  77  -1   -1.000
2HED AA59I   A I  0  7 -1 -1 -1    1.700     3.457367      3.088      1.757     0.594376     4.051744  82  -1   -1.000
2HEE GA59I   G I  5  7 -1 -1 -1    3.800     3.531416      0.072      0.269     0.134546     3.665962  82  -1   -1.000
1YAP VA59I   V I 17  7 -1 -1 -1    1.100     0.519593      0.337      0.580     2.827746     3.347339  82  -1   -1.000
2HEF AA89I   A I  0  7 -1 -1 -1    2.700     2.054095      0.417      0.646     0.743932     2.798027  65  -1   -1.000
1YAQ VA89I   V I 17  7 -1 -1 -1    0.500     1.062111      0.316      0.562     2.199616     3.261727  65  -1   -1.000
1LHJ GA103P  G P  5 12 -1 -1 -1    0.100    -0.255049      0.126      0.355     0.426837     0.171788  24  -1   -1.000
1LHI GA71P   G P  5 12 -1 -1 -1    1.600     0.167239      2.053      1.433     0.253204     0.420443  28  -1   -1.000
1OUB AA100V  A V  0 17 -1 -1 -1    0.300    -0.121641      0.178      0.422     1.507522     1.385881  60  -1   -1.000
1OUC AA110V  A V  0 17 -1 -1 -1   -0.500     0.172143      0.452      0.672     0.505639     0.677782  51  -1   -1.000
1GFU DA110V  D V  2 17 -1 -1 -1   -0.200    -0.156174      0.002      0.044     0.663844     0.507670  48  -1   -1.000
1GBZ FA110V  F V  4 17 -1 -1 -1    0.050     1.354840      1.703      1.305    -0.668656     0.686184  46  -1   -1.000
1GBO GA110V  G V  5 17 -1 -1 -1   -0.480    -0.137877      0.117      0.342     0.426904     0.289026  52  -1   -1.000
1GBW IA110V  I V  7 17 -1 -1 -1   -0.860     0.160228      1.041      1.020     0.319012     0.479240  48  -1   -1.000
1GBX LA110V  L V  9 17 -1 -1 -1   -0.100     0.435998      0.287      0.536     0.126941     0.562939  48  -1   -1.000
1GBY MA110V  M V 10 17 -1 -1 -1   -0.400     0.690926      1.190      1.091     0.014628     0.705554  48  -1   -1.000
1GFV NA110V  N V 11 17 -1 -1 -1   -0.100    -0.382398      0.080      0.282     0.780771     0.398373  48  -1   -1.000
1LHH PA110V  P V 12 17 -1 -1 -1   -0.500    -0.428259      0.005      0.072     0.961222     0.532964  49  -1   -1.000
1INU RA110V  R V 14 17 -1 -1 -1   -0.900    -0.543343      0.127      0.357     0.929462     0.386119  49  -1   -1.000
1GFT YA110V  Y V 19 17 -1 -1 -1    0.100    -0.035130      0.018      0.135     0.692417     0.657288  47  -1   -1.000
1OUD AA121V  A V  0 17 -1 -1 -1    1.400     1.906072      0.256      0.506     0.120653     2.026725  46  -1   -1.000
1OUE AA125V  A V  0 17 -1 -1 -1    1.300     1.536311      0.056      0.236     0.586188     2.122499  47  -1   -1.000
1OUF AA130V  A V  0 17 -1 -1 -1    0.800     0.005291      0.632      0.795     0.935957     0.941248  35  -1   -1.000
1OUG AA2V    A V  0 17 -1 -1 -1    1.500     0.235886      1.598      1.264     0.207668     0.443554  41  -1   -1.000
1GFA DA2V    D V  2 17 -1 -1 -1    1.400     0.152042      1.557      1.248     0.331307     0.483350  42  -1   -1.000
1GB3 FA2V    F V  4 17 -1 -1 -1    0.800     0.681207      0.014      0.119     0.066552     0.747759  42  -1   -1.000
1GAY GA2V    G V  5 17 -1 -1 -1    2.290     0.634500      2.741      1.656    -0.183749     0.450750  42  -1   -1.000
1GAZ IA2V    I V  7 17 -1 -1 -1   -1.100     0.279383      1.903      1.379     0.493308     0.772691  43  -1   -1.000
1GB0 LA2V    L V  9 17 -1 -1 -1    0.050     0.196618      0.021      0.147     0.227532     0.424149  42  -1   -1.000
1GB2 MA2V    M V 10 17 -1 -1 -1    0.200     0.585288      0.148      0.385     0.288809     0.874097  42  -1   -1.000
1GFE NA2V    N V 11 17 -1 -1 -1    1.300     0.967321      0.111      0.333     0.311702     1.279023  42  -1   -1.000
1GFG RA2V    R V 14 17 -1 -1 -1    0.400     0.559450      0.025      0.159     0.576472     1.135922  43  -1   -1.000
1GF8 SA2V    S V 15 17 -1 -1 -1    1.400     0.946582      0.206      0.453     0.234410     1.180991  42  -1   -1.000
1GF9 YA2V    Y V 19 17 -1 -1 -1    0.400     0.669471      0.073      0.269     0.524581     1.194052  42  -1   -1.000
1OUH AA74V   A V  0 17 -1 -1 -1    0.400     1.045383      0.417      0.645     0.142500     1.187883  39  -1   -1.000
1GFJ DA74V   D V  2 17 -1 -1 -1    0.400     1.227622      0.685      0.828     0.215519     1.443140  38  -1   -1.000
1GB9 FA74V   F V  4 17 -1 -1 -1    0.290     0.940128      0.423      0.650     0.405139     1.345268  37  -1   -1.000
1GB5 GA74V   G V  5 17 -1 -1 -1    0.100     1.058169      0.918      0.958     0.086118     1.144287  40  -1   -1.000
1GB6 IA74V   I V  7 17 -1 -1 -1   -0.450     0.585356      1.072      1.035     0.526295     1.111650  38  -1   -1.000
1GB7 LA74V   L V  9 17 -1 -1 -1   -0.190     1.321770      2.285      1.512    -0.039397     1.282373  38  -1   -1.000
1GB8 MA74V   M V 10 17 -1 -1 -1   -0.650     0.935345      2.513      1.585     0.356265     1.291610  39  -1   -1.000
1GFK NA74V   N V 11 17 -1 -1 -1    0.300     1.021495      0.521      0.721     0.247037     1.268532  38  -1   -1.000
1GFR RA74V   R V 14 17 -1 -1 -1    0.100     0.595336      0.245      0.495     0.547942     1.143278  37  -1   -1.000
1B7S SA74V   S V 15 17 -1 -1 -1    0.400     1.177625      0.605      0.778     0.008164     1.185789  38  -1   -1.000
1GFH YA74V   Y V 19 17 -1 -1 -1    0.300     0.630279      0.109      0.330     0.673280     1.303559  37  -1   -1.000
1OUI AA93V   A V  0 17 -1 -1 -1    0.700     1.884525      1.403      1.185     0.735932     2.620457  81  -1   -1.000
1OUJ AA99V   A V  0 17 -1 -1 -1    1.000     1.084245      0.007      0.084     1.331764     2.416008  67  -1   -1.000
1WQM FA124Y  F Y  4 19 -1 -1 -1    0.400     1.451879      1.106      1.052     1.246067     2.697947  51  -1   -1.000
1WQN FA20Y   F Y  4 19 -1 -1 -1    0.500     1.245736      0.556      0.746     1.280811     2.526547  46  -1   -1.000
1WQO FA38Y   F Y  4 19 -1 -1 -1    0.200     1.777256      2.488      1.577     1.903566     3.680822  62  -1   -1.000
1WQP FA45Y   F Y  4 19 -1 -1 -1   -0.100     0.654733      0.570      0.755     1.027155     1.681887  41  -1   -1.000
1WQQ FA54Y   F Y  4 19 -1 -1 -1    1.000     4.409623     11.626      3.410     0.464687     4.874310  72  -1   -1.000
1WQR FA63Y   F Y  4 19 -1 -1 -1    0.200     0.764466      0.319      0.564     1.450131     2.214597  59  -1   -1.000
1VAR TA58I   T I 16  7 -1 -1 -1    2.700     0.638496      4.250      2.062     0.461647     1.100142  29  -1   -1.000
1DMQ FA32Y   F Y  4 19 -1 -1 -1   -0.200    -0.125970      0.005      0.074     3.555197     3.429227  66  -1   -1.000
1DMM FA57Y   F Y  4 19 -1 -1 -1    1.200    -0.147240      1.815      1.347     2.715788     2.568548  59  -1   -1.000
1RGC KA25Q   K Q  8 13 -1 -1 -1   -1.400    -0.378265      1.044      1.022     0.773207     0.394942  45  -1   -1.000
1VQG LA47I   L I  9  7 -1 -1 -1    0.400     0.638783      0.057      0.239     2.932937     3.571720  62  -1   -1.000
1VQH MA47I   M I 10  7 -1 -1 -1    1.700     0.750676      0.901      0.949     2.590041     3.340718  61  -1   -1.000
1VQI VA47I   V I 17  7 -1 -1 -1    2.000     0.644182      1.838      1.356     2.685333     3.329515  62  -1   -1.000
1VQJ IA35V   I V  7 17 -1 -1 -1    0.600     0.262497      0.114      0.338     2.891780     3.154278  47  -1   -1.000
1YHB FA41Y   F Y  4 19 -1 -1 -1    3.200    -0.063497     10.650      3.263     0.574208     0.510711  20  -1   -1.000
1L24 PA82A   P A 12  0 -1 -1 -1   -0.800    -0.046479      0.568      0.754     1.247098     1.200619  37  -1   -1.000
1L48 VA98A   V A 17  0 -1 -1 -1    4.900     0.796940     16.835      4.103     2.440141     3.237080  90  -1   -1.000
3C83 AA89D   A D  0  2 -1 -1 -1    0.500     0.004880      0.245      0.495     0.848421     0.853301  43  -1   -1.000
1L60 AA113G  A G  0  5 -1 -1 -1   -0.300    -0.134732      0.027      0.165     0.653922     0.519190  46  -1   -1.000
1L16 DA156G  D G  2  5 -1 -1 -1    2.300     0.899136      1.962      1.401     0.170141     1.069277  50  -1   -1.000
1L23 AA77G   A G  0  5 -1 -1 -1   -0.400    -0.972104      0.327      0.572     1.309064     0.336960  43  -1   -1.000
172L CA3I    C I  1  7 -1 -1 -1   -1.200     2.212758     11.647      3.413     0.786913     2.999670  65  -1   -1.000
149L LA3I    L I  9  7 -1 -1 -1   -0.700     0.683054      1.913      1.383     2.141226     2.824280  65  -1   -1.000
1L96 PA3I    P I 12  7 -1 -1 -1    3.000     2.357313      0.413      0.643     0.689953     3.047266  66  -1   -1.000
1L17 VA3I    V I 17  7 -1 -1 -1    0.400     1.702240      1.696      1.302     1.381086     3.083325  64  -1   -1.000
1L18 YA3I    Y I 19  7 -1 -1 -1    2.300     1.178595      1.258      1.121     1.538504     2.717099  66  -1   -1.000
1L22 GA124K  G K  5  8 -1 -1 -1    0.100     0.493712      0.155      0.394     0.771339     1.265051  44  -1   -1.000
1L45 EA135K  E K  3  8 -1 -1 -1    1.000     0.482548      0.268      0.517     0.753625     1.236173  41  -1   -1.000
1L46 EA147K  E K  3  8 -1 -1 -1    0.700     0.631849      0.005      0.068     0.785229     1.417077  58  -1   -1.000
1L42 EA16K   E K  3  8 -1 -1 -1   -0.500     0.862522      1.856      1.363     0.489611     1.352133  51  -1   -1.000
1L56 PA60K   P K 12  8 -1 -1 -1    0.001     0.133437      0.018      0.132     0.943076     1.076513  42  -1   -1.000
3C81 AA85K   A K  0  8 -1 -1 -1    0.600     0.295602      0.093      0.304     1.149639     1.445242  51  -1   -1.000
1L69 AA133L  A L  0  9 -1 -1 -1    4.200     1.670278      6.399      2.530     1.658380     3.328657  61  -1   -1.000
150L IA6M    I M  7 10 -1 -1 -1    1.400     1.448893      0.002      0.049     2.095011     3.543904  64  -1   -1.000
1L57 DA116N  D N  2 11 -1 -1 -1   -0.600     0.716101      1.732      1.316     0.632359     1.348460  45  -1   -1.000
1L20 DA144N  D N  2 11 -1 -1 -1   -0.400     0.524026      0.854      0.924     0.567185     1.091211  45  -1   -1.000
1L21 GA55N   G N  5 11 -1 -1 -1    0.600     0.527894      0.005      0.072     0.527054     1.054948  36  -1   -1.000
1L00 AA105Q  A Q  0 13 -1 -1 -1    0.600     0.701756      0.010      0.102     0.998421     1.700177  80  -1   -1.000
1L98 EA105Q  E Q  3 13 -1 -1 -1    1.100     1.339779      0.057      0.240     0.571599     1.911378  83  -1   -1.000
1L99 GA105Q  G Q  5 13 -1 -1 -1    1.500     1.612153      0.013      0.112     0.029321     1.641474  84  -1   -1.000
1L38 EA123Q  E Q  3 13 -1 -1 -1   -0.400     0.756140      1.337      1.156     0.622304     1.378444  37  -1   -1.000
1L44 EA119R  E R  3 14 -1 -1 -1    0.040     1.068850      1.059      1.029     0.755907     1.824756  49  -1   -1.000
1L47 EA154R  E R  3 14 -1 -1 -1    1.100     1.981902      0.778      0.882     0.566381     2.548283  55  -1   -1.000
3C7Y AA96R   A R  0 14 -1 -1 -1    2.000     1.253411      0.557      0.747     1.934519     3.187930  75  -1   -1.000
3C8Q DA96R   D R  2 14 -1 -1 -1    3.500     2.690949      0.655      0.809     0.642096     3.333046  76  -1   -1.000
3C8S EA96R   E R  3 14 -1 -1 -1    2.500     2.343965      0.024      0.156     1.037888     3.381853  77  -1   -1.000
3C8R GA96R   G R  5 14 -1 -1 -1    2.600     3.032135      0.187      0.432     0.261530     3.293665  77  -1   -1.000
3F8V HA96R   H R  6 14 -1 -1 -1    3.100     1.585181      2.295      1.515     1.171446     2.756628  77  -1   -1.000
3C7W KA96R   K R  8 14 -1 -1 -1    0.001     1.958691      3.833      1.958     1.218734     3.177425  76  -1   -1.000
3CDV MA96R   M R 10 14 -1 -1 -1    2.700     0.817932      3.542      1.882     2.534930     3.352862  76  -1   -1.000
3CDT NA96R   N R 11 14 -1 -1 -1    3.000     1.838444      1.349      1.162     1.042534     2.880979  79  -1   -1.000
3CDR QA96R   Q R 13 14 -1 -1 -1    0.300     1.690251      1.933      1.390     1.622741     3.312992  76  -1   -1.000
3CDQ SA96R   S R 15 14 -1 -1 -1    2.600     2.446193      0.024      0.154     0.745887     3.192080  77  -1   -1.000
3CDO VA96R   V R 17 14 -1 -1 -1    2.400     0.960086      2.073      1.440     2.036897     2.996983  79  -1   -1.000
3FI5 WA96R   W R 18 14 -1 -1 -1    4.500     0.997754     12.266      3.502     2.164813     3.162566  80  -1   -1.000
3C80 YA96R   Y R 19 14 -1 -1 -1    4.700     0.400496     18.486      4.300     2.013025     2.413521  79  -1   -1.000
1L19 DA38S   D S  2 15 -1 -1 -1   -0.600     0.151940      0.565      0.752     0.637561     0.789501  29  -1   -1.000
1L37 EA115T  E T  3 16 -1 -1 -1   -0.300     0.375042      0.456      0.675     0.655074     1.030115  50  -1   -1.000
1L52 SA152T  S T 15 16 -1 -1 -1    2.600     1.352990      1.555      1.247     0.601391     1.954382  68  -1   -1.000
1L02 AA157T  A T  0 16 -1 -1 -1    0.500     1.978512      2.186      1.479    -0.573157     1.405355  45  -1   -1.000
1L03 CA157T  C T  1 16 -1 -1 -1    1.300     1.045445      0.065      0.255     0.083072     1.128516  45  -1   -1.000
1L04 DA157T  D T  2 16 -1 -1 -1    1.100     0.644778      0.207      0.455     0.452474     1.097251  45  -1   -1.000
1L06 EA157T  E T  3 16 -1 -1 -1    0.800     1.124889      0.106      0.325     0.236372     1.361261  45  -1   -1.000
1L07 FA157T  F T  4 16 -1 -1 -1    2.400     1.074937      1.756      1.325     0.185715     1.260652  45  -1   -1.000
1L08 GA157T  G T  5 16 -1 -1 -1    1.100     0.722535      0.142      0.377     0.512129     1.234663  45  -1   -1.000
1L09 HA157T  H T  6 16 -1 -1 -1    2.100     1.212374      0.788      0.888     0.233910     1.446284  45  -1   -1.000
1L10 IA157T  I T  7 16 -1 -1 -1    1.500     1.702636      0.041      0.203    -0.461464     1.241172  45  -1   -1.000
1L11 LA157T  L T  9 16 -1 -1 -1    1.700     1.435284      0.070      0.265     0.010405     1.445689  43  -1   -1.000
1L12 NA157T  N T 11 16 -1 -1 -1    1.200    -0.069675      1.612      1.270     1.141784     1.072110  45  -1   -1.000
1L13 RA157T  R T 14 16 -1 -1 -1   -0.300     0.556567      0.734      0.857     1.007170     1.563737  45  -1   -1.000
1L14 SA157T  S T 15 16 -1 -1 -1    0.700     0.910426      0.044      0.210     0.633692     1.544118  45  -1   -1.000
1L15 VA157T  V T 17 16 -1 -1 -1    1.200     1.429985      0.053      0.230    -0.133332     1.296654  45  -1   -1.000
1L33 AA131V  A V  0 17 -1 -1 -1   -0.300     0.485689      0.617      0.786     1.174348     1.660036  46  -1   -1.000
1DYA DA131V  D V  2 17 -1 -1 -1   -0.100     0.981876      1.170      1.082     0.665722     1.647598  46  -1   -1.000
1DYG EA131V  E V  3 17 -1 -1 -1   -0.200     0.710706      0.829      0.911     0.858904     1.569610  48  -1   -1.000
1DYB GA131V  G V  5 17 -1 -1 -1    0.700     1.307530      0.369      0.608     0.238993     1.546523  46  -1   -1.000
1DYC IA131V  I V  7 17 -1 -1 -1   -0.200     1.109237      1.714      1.309     0.499042     1.608279  46  -1   -1.000
1DYD LA131V  L V  9 17 -1 -1 -1   -0.100     0.915473      1.031      1.015     0.700616     1.616089  46  -1   -1.000
1DYF MA131V  M V 10 17 -1 -1 -1   -0.100     0.787971      0.788      0.888     0.907990     1.695961  47  -1   -1.000
1DYE SA131V  S V 15 17 -1 -1 -1    0.100     1.001387      0.812      0.901     0.575119     1.576506  46  -1   -1.000
1L53 CA149V  C V  1 17 -1 -1 -1    2.200     3.361097      1.348      1.161     0.535365     3.896462  79  -1   -1.000
3AA5 FX52A   F A  4  0 -1 -1 -1    0.500    -1.695576      4.821      2.196     3.708104     2.012528  96  -1   -1.000
3AA2 IA52A   I A  7  0 -1 -1 -1   -1.900    -1.336433      0.318      0.564     3.995815     2.659382  95  -1   -1.000
3AA3 LA52A   L A  9  0 -1 -1 -1   -1.300    -0.805551      0.244      0.494     3.357671     2.552120  96  -1   -1.000
3AA4 VA52A   V A 17  0 -1 -1 -1   -1.700    -0.094748      2.577      1.605     2.656342     2.561594  95  -1   -1.000
1RDA NA10D   N D 11  2 -1 -1 -1   -0.900     0.196118      1.201      1.096     0.912025     1.108144  81  -1   -1.000
1KVA AA134D  A D  0  2 -1 -1 -1   -2.100    -0.474526      2.642      1.625     1.287757     0.813232  67  -1   -1.000
1KVB HA134D  H D  6  2 -1 -1 -1   -2.300     0.140918      5.958      2.441     0.677958     0.818877  68  -1   -1.000
1KVC NA134D  N D 11  2 -1 -1 -1   -1.000     0.475217      2.176      1.475     0.370887     0.846104  68  -1   -1.000
1RDC NA70D   N D 11  2 -1 -1 -1   -0.900    -0.247759      0.425      0.652     1.163980     0.916221  63  -1   -1.000
1RDB QA48E   Q E 13  3 -1 -1 -1   -0.200    -0.023666      0.031      0.176     0.978353     0.954688  97  -1   -1.000
1GOB AA77G   A G  0  5 -1 -1 -1    0.900    -0.911487      3.281      1.811     1.011743     0.100256  61  -1   -1.000
1RBS AA62H   A H  0  6 -1 -1 -1   -0.400     0.049086      0.202      0.449     0.488638     0.537724  36  -1   -1.000
1RBR PA62H   P H 12  6 -1 -1 -1   -1.100    -1.113384      0.000      0.013     1.410828     0.297444  36  -1   -1.000
1RBV AA95K   A K  0  8 -1 -1 -1   -0.100     0.548428      0.420      0.648    -0.053772     0.494656  21  -1   -1.000
1RBT GA95K   G K  5  8 -1 -1 -1   -1.900    -0.102591      3.231      1.797     0.504466     0.401875  21  -1   -1.000
1RBU NA95K   N K 11  8 -1 -1 -1   -0.900    -0.169432      0.534      0.731     0.670851     0.501419  21  -1   -1.000
1LAW IA74V   I V  7 17 -1 -1 -1   -0.450    -0.158175      0.085      0.292     2.474562     2.316387  74  -1   -1.000
1LAV LA74V   L V  9 17 -1 -1 -1   -0.190    -0.247989      0.003      0.058     2.517781     2.269792  75  -1   -1.000
3NWV SA41G   S G 15  5 -1 -1 -1    3.900     0.151507     14.051      3.748     0.560748     0.712254  52  -1   -1.000
5O10 HA48Y   H Y  6 19 -1 -1 -1    5.560     2.296485     10.651      3.264     0.609193     2.905678  47  -1   -1.000
6EW5 AA57F   A F  0  4 -1 -1 -1    1.910    -0.020942      3.729      1.931     0.178697     0.157755  29  -1   -1.000
5N4M NA43I   N I 11  7 -1 -1 -1    7.630     3.675155     15.641      3.955     0.334229     4.009383  61  -1   -1.000
5N4P TA52I   T I 16  7 -1 -1 -1    5.170     3.205481      3.859      1.965     0.994935     4.200415  78  -1   -1.000
4D6B GA38P   G P  5 12 -1 -1 -1    5.380     1.104007     18.284      4.276     0.288202     1.392209  57  -1   -1.000
5N4Q PA51T   P T 12 16 -1 -1 -1    1.510     0.832244      0.459      0.678     0.432737     1.264981  55  -1   -1.000
1FLY AA102G  A G  0  5 -1 -1 -1   -0.020    -0.475064      0.207      0.455     0.728017     0.252953  24  -1   -1.000
1FLQ AA117G  A G  0  5 -1 -1 -1    1.460     0.612669      0.718      0.847    -0.191602     0.421067  34  -1   -1.000
1FN5 AA49G   A G  0  5 -1 -1 -1    1.900     0.233094      2.779      1.667     0.326554     0.559648  29  -1   -1.000
1FLU AA67G   A G  0  5 -1 -1 -1    0.500     0.376988      0.015      0.123     0.000139     0.377126  36  -1   -1.000
1FLW AA71G   A G  0  5 -1 -1 -1    0.380     0.401061      0.000      0.021     0.037567     0.438628  30  -1   -1.000
1HEO VA55I   V I 17  7 -1 -1 -1    0.900     3.855510      8.735      2.956     0.260297     4.115807  79  -1   -1.000
1IR8 MA58I   M I 10  7 -1 -1 -1    1.200     2.581382      1.908      1.381     0.962682     3.544063  83  -1   -1.000
1IR7 MA78I   M I 10  7 -1 -1 -1    0.900     2.011599      1.236      1.112     0.017108     2.028706  49  -1   -1.000
1IR9 MA98I   M I 10  7 -1 -1 -1    0.900     0.666710      0.054      0.233     1.989426     2.656136  64  -1   -1.000
1IOS FA12M   F M  4 10 -1 -1 -1   -0.500     0.439232      0.882      0.939     3.104974     3.544206  72  -1   -1.000
1IOT LA12M   L M  9 10 -1 -1 -1    0.400     0.094738      0.093      0.305     3.401336     3.496074  72  -1   -1.000
1LSN AA91S   A S  0 15 -1 -1 -1    1.800    -1.309113      9.667      3.109     1.934894     0.625782  82  -1   -1.000
1HEM TA91S   T S 16 15 -1 -1 -1   -1.000     0.402217      1.966      1.402     0.313386     0.715603  82  -1   -1.000
1HER SA40T   S T 15 16 -1 -1 -1    0.300     0.929588      0.396      0.630     0.421308     1.350896  59  -1   -1.000
1BTI AA22F   A F  0  4 -1 -1 -1    1.200     1.972647      0.597      0.773     1.038671     3.011318  52  -1   -1.000
1FAN AA45F   A F  0  4 -1 -1 -1    6.900     1.576266     28.342      5.324     0.705308     2.281574  50  -1   -1.000
1NAG GA43N   G N  5 11 -1 -1 -1    5.700     1.278935     19.546      4.421     0.099408     1.378343  50  -1   -1.000
1BPT AA23Y   A Y  0 19 -1 -1 -1    5.900     2.441075     11.964      3.459     0.741924     3.182999  44  -1   -1.000
8PTI GA35Y   G Y  5 19 -1 -1 -1    5.000    -0.430694     29.492      5.431     0.374284    -0.056410  35  -1   -1.000
