1AMQ CA191Y  C Y  1 19 -1 -1 -1   -2.300    -2.895312      0.354      0.595     2.346318    -0.548994  93  -1   -1.000
1AMQ CA191F  C F  1  4 -1 -1 -1   -1.600    -2.222882      0.388      0.623     2.346318     0.123436  93  -1   -1.000
1AMQ CA191W  C W  1 18 -1 -1 -1   -3.900    -1.929274      3.884      1.971     2.346318     0.417044  93  -1   -1.000
1AMQ CA191S  C S  1 15 -1 -1 -1   -1.900    -1.681089      0.048      0.219     2.346318     0.665229  93  -1   -1.000
1BNI FA7L    F L  4  9 -1 -1 -1   -4.100    -0.297980     14.455      3.802     1.981716     1.683735  59  -1   -1.000
1BNI LA14A   L A  9  0 -1 -1 -1   -4.500    -0.667093     14.691      3.833     2.272321     1.605228  52  -1   -1.000
1BNI TA26A   T A 16  0 -1 -1 -1   -1.700    -0.093355      2.581      1.607     1.018034     0.924679  56  -1   -1.000
1BNI IA51V   I V  7 17 -1 -1 -1   -1.100    -0.637846      0.214      0.462     2.513887     1.876041  71  -1   -1.000
1BNI IA76A   I A  7  0 -1 -1 -1   -1.700    -1.212722      0.237      0.487     2.603045     1.390323  67  -1   -1.000
1BNI IA76V   I V  7 17 -1 -1 -1   -1.000    -0.567194      0.187      0.433     2.603045     2.035851  67  -1   -1.000
1BNI YA78F   Y F 19  4 -1 -1 -1   -1.100    -0.954325      0.021      0.146     1.868121     0.913796  58  -1   -1.000
1BNI IA88A   I A  7  0 -1 -1 -1   -4.000    -1.908762      4.373      2.091     3.150212     1.241450  75  -1   -1.000
1BNI IA88V   I V  7 17 -1 -1 -1   -1.600     0.430634      4.123      2.031     3.150212     3.580846  75  -1   -1.000
1BNI LA89V   L V  9 17 -1 -1 -1   -0.500     1.264238      3.113      1.764     2.189261     3.453500  76  -1   -1.000
1BNI SA91A   S A 15  0 -1 -1 -1   -1.800    -0.107357      2.865      1.693     0.828801     0.721444  54  -1   -1.000
1BNI IA96A   I A  7  0 -1 -1 -1   -3.200    -2.254446      0.894      0.946     3.538582     1.284136  63  -1   -1.000
1BNI IA96V   I V  7 17 -1 -1 -1   -0.900     0.150780      1.104      1.051     3.538582     3.689362  63  -1   -1.000
1CEY DA12A   D A  2  0 -1 -1 -1    2.500     0.066355      5.923      2.434     0.902647     0.969002  64  -1   -1.000
1CEY DA13A   D A  2  0 -1 -1 -1    2.700    -0.067604      7.660      2.768     0.841809     0.774205  48  -1   -1.000
1CEY DA57A   D A  2  0 -1 -1 -1    3.300     0.213953      9.524      3.086     0.794116     1.008069  72  -1   -1.000
1EY0 TA22C   T C 16  1 -1 -1 -1   -0.900    -0.897231      0.000      0.003     1.148821     0.251590  80  -1   -1.000
1EY0 TA22V   T V 16 17 -1 -1 -1   -0.900     1.185247      4.348      2.085     1.148821     2.334068  80  -1   -1.000
1EY0 VA23L   V L 17  9 -1 -1 -1   -0.100    -0.937072      0.701      0.837     3.261757     2.324685  79  -1   -1.000
1EY0 LA25I   L I  9  7 -1 -1 -1   -1.700     0.853796      6.522      2.554     2.928477     3.782273  61  -1   -1.000
1EY0 TA33V   T V 16 17 -1 -1 -1    0.400     1.803487      1.970      1.403     1.178440     2.981927  57  -1   -1.000
1EY0 TA41C   T C 16  1 -1 -1 -1    0.600     0.462551      0.019      0.137     0.755320     1.217871  73  -1   -1.000
1EY0 TA41I   T I 16  7 -1 -1 -1    0.700     1.533504      0.695      0.834     0.755320     2.288824  73  -1   -1.000
1EY0 TA41S   T S 16 15 -1 -1 -1   -1.100     0.054135      1.332      1.154     0.755320     0.809454  73  -1   -1.000
1EY0 TA41V   T V 16 17 -1 -1 -1    0.800     1.152299      0.124      0.352     0.755320     1.907619  73  -1   -1.000
1EY0 TA44V   T V 16 17 -1 -1 -1    0.100     0.347240      0.061      0.247     0.102493     0.449733  41  -1   -1.000
1EY0 SA59A   S A 15  0 -1 -1 -1    0.500     1.029655      0.281      0.530     0.461944     1.491599  64  -1   -1.000
1EY0 TA62S   T S 16 15 -1 -1 -1   -2.100    -0.036491      4.258      2.064     0.600526     0.564035  75  -1   -1.000
1EY0 TA62V   T V 16 17 -1 -1 -1   -0.200     2.414780      6.837      2.615     0.600526     3.015306  75  -1   -1.000
1EY0 VA66I   V I 17  7 -1 -1 -1   -1.000     0.894500      3.589      1.895     2.397557     3.292057  63  -1   -1.000
1EY0 VA66L   V L 17  9 -1 -1 -1   -0.300     0.822973      1.261      1.123     2.397557     3.220530  63  -1   -1.000
1EY0 VA66K   V K 17  8 -1 -1 -1   -7.500    -1.808824     32.389      5.691     2.397557     0.588733  63  -1   -1.000
1EY0 IA72L   I L  7  9 -1 -1 -1   -0.200    -0.437277      0.056      0.237     3.760869     3.323591  59  -1   -1.000
1EY0 IA72V   I V  7 17 -1 -1 -1   -1.200     0.115771      1.731      1.316     3.760869     3.876639  59  -1   -1.000
1EY0 TA82S   T S 16 15 -1 -1 -1   -0.700    -0.131621      0.323      0.568     0.541482     0.409861  44  -1   -1.000
1EY0 IA92V   I V  7 17 -1 -1 -1   -0.400    -0.589456      0.036      0.189     3.891194     3.301738  87  -1   -1.000
1EY0 KA116G  K G  8  5 -1 -1 -1    1.000     0.022904      0.955      0.977     0.383995     0.406899  32  -1   -1.000
1EY0 PA117A  P A 12  0 -1 -1 -1    0.800    -0.596982      1.952      1.397     1.060098     0.463115  34  -1   -1.000
1EY0 PA117G  P G 12  5 -1 -1 -1    0.900    -1.069767      3.880      1.970     1.060098    -0.009670  34  -1   -1.000
1EY0 PA117T  P T 12 16 -1 -1 -1    1.100    -1.004828      4.430      2.105     1.060098     0.055270  34  -1   -1.000
1EY0 TA120C  T C 16  1 -1 -1 -1   -1.700    -0.216043      2.202      1.484     0.454652     0.238609  45  -1   -1.000
1EY0 TA120S  T S 16 15 -1 -1 -1   -0.600     0.271329      0.759      0.871     0.454652     0.725981  45  -1   -1.000
1EY0 TA120V  T V 16 17 -1 -1 -1   -1.800    -0.009832      3.205      1.790     0.454652     0.444820  45  -1   -1.000
1EY0 SA128A  S A 15  0 -1 -1 -1    0.700     1.252886      0.306      0.553     0.461859     1.714745  48  -1   -1.000
1IHB FA71N   F N  4 11 -1 -1 -1    0.700    -1.311903      4.048      2.012     2.030287     0.718383  58  -1   -1.000
1IHB FA82Q   F Q  4 13 -1 -1 -1   -0.400    -0.494689      0.009      0.095     2.082999     1.588310  60  -1   -1.000
1IHB FA92N   F N  4 11 -1 -1 -1   -1.100    -0.703370      0.157      0.397     1.929488     1.226118  48  -1   -1.000
1IOB TA9G    T G 16  5 -1 -1 -1   -2.600    -0.753482      3.410      1.847     1.206233     0.452750  71  -1   -1.000
1L63 MA6A    M A 10  0 -1 -1 -1   -1.900    -1.995956      0.009      0.096     3.743117     1.747161  59  -1   -1.000
1L63 MA6L    M L 10  9 -1 -1 -1   -2.800    -1.262471      2.364      1.538     3.743117     2.480646  59  -1   -1.000
1L63 EA11H   E H  3  6 -1 -1 -1    0.100    -0.024061      0.015      0.124     1.060662     1.036600  69  -1   -1.000
1L63 EA11N   E N  3 11 -1 -1 -1   -0.100    -0.392032      0.085      0.292     1.060662     0.668629  69  -1   -1.000
1L63 IA17A   I A  7  0 -1 -1 -1   -2.700    -2.153298      0.299      0.547     3.379538     1.226240  55  -1   -1.000
1L63 DA20A   D A  2  0 -1 -1 -1   -0.300    -0.300452      0.000      0.000     0.851423     0.550970  56  -1   -1.000
1L63 DA20N   D N  2 11 -1 -1 -1    1.300     0.384711      0.838      0.915     0.851423     1.236133  56  -1   -1.000
1L63 DA20S   D S  2 15 -1 -1 -1    0.700    -0.327075      1.055      1.027     0.851423     0.524348  56  -1   -1.000
1L63 IA27A   I A  7  0 -1 -1 -1   -3.100    -3.172465      0.005      0.072     4.624411     1.451945  66  -1   -1.000
1L63 IA27M   I M  7 10 -1 -1 -1   -3.100    -2.353792      0.557      0.746     4.624411     2.270618  66  -1   -1.000
1L63 IA29A   I A  7  0 -1 -1 -1   -2.600    -4.340889      3.031      1.741     4.439143     0.098254  65  -1   -1.000
1L63 SA38N   S N 15 11 -1 -1 -1   -0.010     0.025650      0.001      0.036     0.788195     0.813845  29  -1   -1.000
1L63 AA41S   A S  0 15 -1 -1 -1   -0.600    -0.603406      0.000      0.003     1.221140     0.617734  36  -1   -1.000
1L63 AA42V   A V  0 17 -1 -1 -1   -2.700     0.345110      9.273      3.045     1.853980     2.199090  45  -1   -1.000
1L63 AA42S   A S  0 15 -1 -1 -1   -2.300    -1.360644      0.882      0.939     1.853980     0.493335  45  -1   -1.000
1L63 KA43A   K A  8  0 -1 -1 -1   -1.000     0.281638      1.643      1.282     1.255203     1.536840  45  -1   -1.000
1L63 SA44A   S A 15  0 -1 -1 -1    0.300     0.419565      0.014      0.120     0.778562     1.198126  39  -1   -1.000
1L63 SA44I   S I 15  7 -1 -1 -1    0.300     0.134316      0.027      0.166     0.778562     0.912877  39  -1   -1.000
1L63 SA44L   S L 15  9 -1 -1 -1    0.400     0.147029      0.064      0.253     0.778562     0.925591  39  -1   -1.000
1L63 SA44K   S K 15  8 -1 -1 -1    0.200     0.315920      0.013      0.116     0.778562     1.094482  39  -1   -1.000
1L63 SA44E   S E 15  3 -1 -1 -1    0.001     0.212994      0.045      0.212     0.778562     0.991556  39  -1   -1.000
1L63 SA44G   S G 15  5 -1 -1 -1   -0.500    -0.335923      0.027      0.164     0.778562     0.442639  39  -1   -1.000
1L63 SA44R   S R 15 14 -1 -1 -1    0.200     0.728453      0.279      0.528     0.778562     1.507015  39  -1   -1.000
1L63 SA44N   S N 15 11 -1 -1 -1   -0.100     0.064113      0.027      0.164     0.778562     0.842674  39  -1   -1.000
1L63 SA44F   S F 15  4 -1 -1 -1    0.100     0.301908      0.041      0.202     0.778562     1.080469  39  -1   -1.000
1L63 SA44P   S P 15 12 -1 -1 -1   -3.000    -1.104173      3.594      1.896     0.778562    -0.325611  39  -1   -1.000
1L63 SA44T   S T 15 16 -1 -1 -1    0.010    -0.041139      0.003      0.051     0.778562     0.737423  39  -1   -1.000
1L63 SA44V   S V 15 17 -1 -1 -1    0.100     0.331180      0.053      0.231     0.778562     1.109742  39  -1   -1.000
1L63 LA46A   L A  9  0 -1 -1 -1   -1.900    -1.653216      0.061      0.247     3.286755     1.633540  54  -1   -1.000
1L63 DA47A   D A  2  0 -1 -1 -1   -1.000     0.655333      2.740      1.655     0.664470     1.319803  45  -1   -1.000
1L63 AA49S   A S  0 15 -1 -1 -1   -0.500    -0.993083      0.243      0.493     1.434943     0.441860  51  -1   -1.000
1L63 IA50A   I A  7  0 -1 -1 -1   -2.000    -1.467455      0.284      0.533     2.461243     0.993788  44  -1   -1.000
1L63 IA50M   I M  7 10 -1 -1 -1   -0.400    -0.988870      0.347      0.589     2.461243     1.472373  44  -1   -1.000
1L63 IA58A   I A  7  0 -1 -1 -1   -3.200    -2.086169      1.241      1.114     2.900155     0.813986  46  -1   -1.000
1L63 IA58T   I T  7 16 -1 -1 -1   -3.400    -2.423686      0.953      0.976     2.900155     0.476469  46  -1   -1.000
1L63 TA59A   T A 16  0 -1 -1 -1   -1.500    -0.541759      0.918      0.958     1.251451     0.709692  38  -1   -1.000
1L63 TA59D   T D 16  2 -1 -1 -1   -1.200    -0.242551      0.917      0.957     1.251451     1.008900  38  -1   -1.000
1L63 TA59G   T G 16  5 -1 -1 -1   -1.600    -0.467265      1.283      1.133     1.251451     0.784186  38  -1   -1.000
1L63 TA59N   T N 16 11 -1 -1 -1   -1.100    -0.050038      1.102      1.050     1.251451     1.201413  38  -1   -1.000
1L63 TA59S   T S 16 15 -1 -1 -1   -0.200    -0.187297      0.000      0.013     1.251451     1.064154  38  -1   -1.000
1L63 TA59V   T V 16 17 -1 -1 -1   -1.500    -0.743491      0.572      0.757     1.251451     0.507960  38  -1   -1.000
1L63 LA66M   L M  9 10 -1 -1 -1   -1.000    -0.577183      0.179      0.423     2.599880     2.022697  63  -1   -1.000
1L63 FA67A   F A  4  0 -1 -1 -1   -1.900    -1.690507      0.044      0.209     2.836081     1.145574  63  -1   -1.000
1L63 DA72P   D P  2 12 -1 -1 -1   -2.700    -0.855615      3.402      1.844     0.665513    -0.190103  49  -1   -1.000
1L63 AA73S   A S  0 15 -1 -1 -1   -0.400    -0.785063      0.148      0.385     1.361657     0.576593  48  -1   -1.000
1L63 VA75T   V T 17 16 -1 -1 -1   -1.300    -1.799387      0.249      0.499     2.518466     0.719079  55  -1   -1.000
1L63 IA78A   I A  7  0 -1 -1 -1   -1.200    -2.580088      1.905      1.380     3.994601     1.414513  53  -1   -1.000
1L63 IA78M   I M  7 10 -1 -1 -1   -1.500    -0.982109      0.268      0.518     3.994601     3.012492  53  -1   -1.000
1L63 IA78V   I V  7 17 -1 -1 -1   -0.800    -1.188909      0.151      0.389     3.994601     2.805692  53  -1   -1.000
1L63 AA82S   A S  0 15 -1 -1 -1   -0.300    -0.343718      0.002      0.044     1.247741     0.904023  37  -1   -1.000
1L63 LA84A   L A  9  0 -1 -1 -1   -2.600    -2.461823      0.019      0.138     3.947879     1.486056  56  -1   -1.000
1L63 LA84M   L M  9 10 -1 -1 -1   -1.900    -2.010432      0.012      0.110     3.947879     1.937447  56  -1   -1.000
1L63 VA87A   V A 17  0 -1 -1 -1   -1.700    -1.557442      0.020      0.143     3.252378     1.694936  61  -1   -1.000
1L63 VA87M   V M 17 10 -1 -1 -1   -2.300    -1.213854      1.180      1.086     3.252378     2.038524  61  -1   -1.000
1L63 VA87I   V I 17  7 -1 -1 -1   -0.300    -0.511147      0.045      0.211     3.252378     2.741231  61  -1   -1.000
1L63 VA87T   V T 17 16 -1 -1 -1   -1.600    -2.409466      0.655      0.809     3.252378     0.842911  61  -1   -1.000
1L63 LA91A   L A  9  0 -1 -1 -1   -2.600    -2.279577      0.103      0.320     3.604227     1.324651  54  -1   -1.000
1L63 LA91M   L M  9 10 -1 -1 -1   -0.800    -1.608299      0.653      0.808     3.604227     1.995929  54  -1   -1.000
1L63 DA92N   D N  2 11 -1 -1 -1   -1.400    -0.024982      1.891      1.375     1.338035     1.313053  45  -1   -1.000
1L63 AA93S   A S  0 15 -1 -1 -1   -0.200    -0.952432      0.566      0.752     1.877136     0.924704  50  -1   -1.000
1L63 AA98C   A C  0  1 -1 -1 -1   -1.000    -1.847468      0.718      0.847     3.503071     1.655603  91  -1   -1.000
1L63 AA98L   A L  0  9 -1 -1 -1   -4.300    -1.096189     10.264      3.204     3.503071     2.406882  91  -1   -1.000
1L63 AA98S   A S  0 15 -1 -1 -1   -2.500    -2.533912      0.001      0.034     3.503071     0.969159  91  -1   -1.000
1L63 AA98V   A V  0 17 -1 -1 -1   -3.200    -0.922990      5.185      2.277     3.503071     2.580081  91  -1   -1.000
1L63 LA99A   L A  9  0 -1 -1 -1   -4.500    -2.831432      2.784      1.669     4.552584     1.721152  93  -1   -1.000
1L63 LA99F   L F  9  4 -1 -1 -1   -0.300    -1.801270      2.254      1.501     4.552584     2.751314  93  -1   -1.000
1L63 LA99I   L I  9  7 -1 -1 -1   -1.500    -1.105834      0.155      0.394     4.552584     3.446750  93  -1   -1.000
1L63 LA99M   L M  9 10 -1 -1 -1   -0.600    -1.133214      0.284      0.533     4.552584     3.419370  93  -1   -1.000
1L63 LA99V   L V  9 17 -1 -1 -1   -2.000    -1.799310      0.040      0.201     4.552584     2.753274  93  -1   -1.000
1L63 IA100A  I A  7  0 -1 -1 -1   -3.400    -3.003767      0.157      0.396     5.108022     2.104254  83  -1   -1.000
1L63 IA100M  I M  7 10 -1 -1 -1   -1.600    -2.002908      0.162      0.403     5.108022     3.105114  83  -1   -1.000
1L63 IA100V  I V  7 17 -1 -1 -1   -0.400    -2.057582      2.748      1.658     5.108022     3.050440  83  -1   -1.000
1L63 NA101A  N A 11  0 -1 -1 -1   -1.500    -0.344603      1.335      1.155     2.389062     2.044459  90  -1   -1.000
1L63 MA102L  M L 10  9 -1 -1 -1   -1.000    -3.206992      4.871      2.207     6.418321     3.211329  99  -1   -1.000
1L63 VA103A  V A 17  0 -1 -1 -1   -2.200    -1.515466      0.469      0.685     3.526734     2.011268  78  -1   -1.000
1L63 VA103I  V I 17  7 -1 -1 -1   -0.500    -0.686158      0.035      0.186     3.526734     2.840576  78  -1   -1.000
1L63 VA103M  V M 17 10 -1 -1 -1   -1.200    -0.890653      0.096      0.309     3.526734     2.636081  78  -1   -1.000
1L63 FA104M  F M  4 10 -1 -1 -1   -0.400    -1.918798      2.307      1.519     3.617667     1.698869  80  -1   -1.000
1L63 QA105M  Q M 13 10 -1 -1 -1   -1.200    -0.648242      0.304      0.552     2.068962     1.420721  81  -1   -1.000
1L63 MA106I  M I 10  7 -1 -1 -1    0.200    -1.915323      4.475      2.115     3.313417     1.398095  75  -1   -1.000
1L63 MA106L  M L 10  9 -1 -1 -1    0.500    -1.955571      6.030      2.456     3.313417     1.357846  75  -1   -1.000
1L63 MA106K  M K 10  8 -1 -1 -1   -3.400    -2.527210      0.762      0.873     3.313417     0.786207  75  -1   -1.000
1L63 TA109D  T D 16  2 -1 -1 -1    0.600    -0.056237      0.431      0.656     0.999762     0.943525  43  -1   -1.000
1L63 TA109N  T N 16 11 -1 -1 -1    0.100    -0.258564      0.129      0.359     0.999762     0.741198  43  -1   -1.000
1L63 VA111A  V A 17  0 -1 -1 -1   -1.300    -2.354087      1.111      1.054     3.761418     1.407330  67  -1   -1.000
1L63 VA111I  V I 17  7 -1 -1 -1   -0.900    -1.053361      0.024      0.153     3.761418     2.708057  67  -1   -1.000
1L63 VA111M  V M 17 10 -1 -1 -1   -0.700    -1.749100      1.101      1.049     3.761418     2.012317  67  -1   -1.000
1L63 SA117F  S F 15  4 -1 -1 -1    1.100     1.068580      0.001      0.031     1.438082     2.506662  62  -1   -1.000
1L63 LA118A  L A  9  0 -1 -1 -1   -3.200    -2.084766      1.244      1.115     3.637915     1.553149  67  -1   -1.000
1L63 LA118M  L M  9 10 -1 -1 -1   -0.700    -1.541675      0.708      0.842     3.637915     2.096240  67  -1   -1.000
1L63 MA120L  M L 10  9 -1 -1 -1    0.500    -1.476678      3.907      1.977     3.037286     1.560608  48  -1   -1.000
1L63 MA120K  M K 10  8 -1 -1 -1   -1.600    -2.160459      0.314      0.560     3.037286     0.876827  48  -1   -1.000
1L63 MA120Y  M Y 10 19 -1 -1 -1   -0.100    -1.159754      1.123      1.060     3.037286     1.877532  48  -1   -1.000
1L63 LA121M  L M  9 10 -1 -1 -1   -0.800    -1.868807      1.142      1.069     4.003545     2.134738  59  -1   -1.000
1L63 AA129F  A F  0  4 -1 -1 -1   -1.200    -0.730584      0.220      0.469     2.594320     1.863737  52  -1   -1.000
1L63 AA129W  A W  0 18 -1 -1 -1   -2.200    -0.959025      1.540      1.241     2.594320     1.635295  52  -1   -1.000
1L63 AA130S  A S  0 15 -1 -1 -1   -1.000    -1.570857      0.326      0.571     2.366919     0.796062  57  -1   -1.000
1L63 LA133F  L F  9  4 -1 -1 -1   -0.300    -0.369769      0.005      0.070     3.465894     3.096125  62  -1   -1.000
1L63 LA133M  L M  9 10 -1 -1 -1   -0.400    -0.260101      0.020      0.140     3.465894     3.205793  62  -1   -1.000
1L63 AA134S  A S  0 15 -1 -1 -1   -0.100    -1.104607      1.009      1.005     1.971658     0.867051  49  -1   -1.000
1L63 NA144E  N E 11  3 -1 -1 -1    0.500    -0.215810      0.512      0.716     1.152113     0.936303  43  -1   -1.000
1L63 VA149A  V A 17  0 -1 -1 -1   -3.200    -2.288043      0.832      0.912     4.022492     1.734449  77  -1   -1.000
1L63 VA149C  V C 17  1 -1 -1 -1   -2.000    -2.928982      0.863      0.929     4.022492     1.093510  77  -1   -1.000
1L63 VA149G  V G 17  5 -1 -1 -1   -4.900    -3.811667      1.184      1.088     4.022492     0.210825  77  -1   -1.000
1L63 VA149I  V I 17  7 -1 -1 -1   -0.100    -1.285232      1.405      1.185     4.022492     2.737260  77  -1   -1.000
1L63 VA149M  V M 17 10 -1 -1 -1   -2.800    -1.998895      0.642      0.801     4.022492     2.023597  77  -1   -1.000
1L63 VA149T  V T 17 16 -1 -1 -1   -2.800    -3.104321      0.093      0.304     4.022492     0.918171  77  -1   -1.000
1L63 VA149S  V S 17 15 -1 -1 -1   -4.400    -3.670628      0.532      0.729     4.022492     0.351864  77  -1   -1.000
1L63 TA152A  T A 16  0 -1 -1 -1   -1.500    -0.131051      1.874      1.369     1.963877     1.832826  66  -1   -1.000
1L63 TA152C  T C 16  1 -1 -1 -1   -0.500    -0.934561      0.189      0.435     1.963877     1.029317  66  -1   -1.000
1L63 TA152I  T I 16  7 -1 -1 -1   -0.400     0.613572      1.027      1.014     1.963877     2.577449  66  -1   -1.000
1L63 TA152S  T S 16 15 -1 -1 -1   -2.000    -1.191760      0.653      0.808     1.963877     0.772117  66  -1   -1.000
1L63 TA152V  T V 16 17 -1 -1 -1    0.200     0.103850      0.009      0.096     1.963877     2.067727  66  -1   -1.000
1L63 FA153A  F A  4  0 -1 -1 -1   -3.800    -4.366129      0.321      0.566     5.778357     1.412227  72  -1   -1.000
1L63 FA153I  F I  4  7 -1 -1 -1   -0.200    -2.772427      6.617      2.572     5.778357     3.005929  72  -1   -1.000
1L63 FA153L  F L  4  9 -1 -1 -1    0.300    -2.318251      6.855      2.618     5.778357     3.460106  72  -1   -1.000
1L63 FA153M  F M  4 10 -1 -1 -1   -0.600    -3.374975      7.700      2.775     5.778357     2.403382  72  -1   -1.000
1L63 FA153V  F V  4 17 -1 -1 -1   -1.800    -4.080961      5.203      2.281     5.778357     1.697395  72  -1   -1.000
1LZ1 VA2A    V A 17  0 -1 -1 -1   -1.500    -0.640018      0.740      0.860     1.122779     0.482761  43  -1   -1.000
1LZ1 VA2G    V G 17  5 -1 -1 -1   -2.290    -0.952936      1.788      1.337     1.122779     0.169844  43  -1   -1.000
1LZ1 VA2S    V S 17 15 -1 -1 -1   -1.400    -0.670184      0.533      0.730     1.122779     0.452595  43  -1   -1.000
1LZ1 VA2Y    V Y 17 19 -1 -1 -1   -0.400    -0.286072      0.013      0.114     1.122779     0.836707  43  -1   -1.000
1LZ1 VA2D    V D 17  2 -1 -1 -1   -1.400    -0.664418      0.541      0.736     1.122779     0.458361  43  -1   -1.000
1LZ1 VA2N    V N 17 11 -1 -1 -1   -1.300    -0.445744      0.730      0.854     1.122779     0.677035  43  -1   -1.000
1LZ1 VA2R    V R 17 14 -1 -1 -1   -0.400    -0.292721      0.012      0.107     1.122779     0.830058  43  -1   -1.000
1LZ1 VA2L    V L 17  9 -1 -1 -1   -0.050    -0.889179      0.704      0.839     1.122779     0.233601  43  -1   -1.000
1LZ1 VA2M    V M 17 10 -1 -1 -1   -0.200    -0.262761      0.004      0.063     1.122779     0.860018  43  -1   -1.000
1LZ1 VA2F    V F 17  4 -1 -1 -1   -0.800    -0.861895      0.004      0.062     1.122779     0.260884  43  -1   -1.000
1LZ1 YA20F   Y F 19  4 -1 -1 -1   -0.500    -0.798342      0.089      0.298     2.474095     1.675753  47  -1   -1.000
1LZ1 IA23A   I A  7  0 -1 -1 -1   -2.500    -1.740864      0.576      0.759     2.631360     0.890496  59  -1   -1.000
1LZ1 IA23V   I V  7 17 -1 -1 -1   -0.400     0.027289      0.183      0.427     2.631360     2.658649  59  -1   -1.000
1LZ1 YA38F   Y F 19  4 -1 -1 -1   -0.200    -0.323694      0.015      0.124     3.211655     2.887962  63  -1   -1.000
1LZ1 YA45F   Y F 19  4 -1 -1 -1    0.100    -0.344099      0.197      0.444     1.592621     1.248522  42  -1   -1.000
1LZ1 AA47P   A P  0 12 -1 -1 -1    0.100     0.440697      0.116      0.341     0.373680     0.814377  24  -1   -1.000
1LZ1 YA54F   Y F 19  4 -1 -1 -1   -1.000    -3.995376      8.972      2.995     4.884520     0.889144  72  -1   -1.000
1LZ1 IA56A   I A  7  0 -1 -1 -1   -3.700    -2.868819      0.691      0.831     4.169627     1.300809  77  -1   -1.000
1LZ1 IA56T   I T  7 16 -1 -1 -1   -3.600    -3.414682      0.034      0.185     4.169627     0.754945  77  -1   -1.000
1LZ1 IA56V   I V  7 17 -1 -1 -1   -1.200    -2.794971      2.544      1.595     4.169627     1.374656  77  -1   -1.000
1LZ1 IA59A   I A  7  0 -1 -1 -1   -1.700    -3.273538      2.476      1.574     4.485661     1.212123  83  -1   -1.000
1LZ1 IA59G   I G  7  5 -1 -1 -1   -3.800    -4.003545      0.041      0.204     4.485661     0.482116  83  -1   -1.000
1LZ1 IA59V   I V  7 17 -1 -1 -1   -1.100    -1.377198      0.077      0.277     4.485661     3.108463  83  -1   -1.000
1LZ1 YA63F   Y F 19  4 -1 -1 -1   -0.200    -0.500698      0.090      0.301     2.363530     1.862833  60  -1   -1.000
1LZ1 PA71G   P G 12  5 -1 -1 -1   -1.600    -0.619563      0.961      0.980     0.956486     0.336923  28  -1   -1.000
1LZ1 VA74A   V A 17  0 -1 -1 -1   -0.400    -0.004983      0.156      0.395     0.635609     0.630625  36  -1   -1.000
1LZ1 VA74G   V G 17  5 -1 -1 -1   -0.100    -0.353716      0.064      0.254     0.635609     0.281893  36  -1   -1.000
1LZ1 VA74I   V I 17  7 -1 -1 -1    0.450     0.504723      0.003      0.055     0.635609     1.140332  36  -1   -1.000
1LZ1 VA74L   V L 17  9 -1 -1 -1    0.190     0.013532      0.031      0.176     0.635609     0.649140  36  -1   -1.000
1LZ1 VA74M   V M 17 10 -1 -1 -1    0.650     0.064522      0.343      0.585     0.635609     0.700131  36  -1   -1.000
1LZ1 VA74F   V F 17  4 -1 -1 -1   -0.290    -0.320648      0.001      0.031     0.635609     0.314960  36  -1   -1.000
1LZ1 VA74Y   V Y 17 19 -1 -1 -1   -0.300     1.112654      1.996      1.413     0.635609     1.748263  36  -1   -1.000
1LZ1 VA74D   V D 17  2 -1 -1 -1   -0.400    -0.125181      0.076      0.275     0.635609     0.510428  36  -1   -1.000
1LZ1 VA74N   V N 17 11 -1 -1 -1   -0.300    -0.238775      0.004      0.061     0.635609     0.396833  36  -1   -1.000
1LZ1 VA74R   V R 17 14 -1 -1 -1   -0.100     0.637441      0.544      0.737     0.635609     1.273050  36  -1   -1.000
1LZ1 VA74S   V S 17 15 -1 -1 -1   -0.400     0.074643      0.225      0.475     0.635609     0.710251  36  -1   -1.000
1LZ1 CA77A   C A  1  0 -1 -1 -1   -4.600    -0.382996     17.783      4.217     1.530045     1.147049  52  -1   -1.000
1LZ1 IA89A   I A  7  0 -1 -1 -1   -2.700    -2.693642      0.000      0.006     3.611773     0.918131  65  -1   -1.000
1LZ1 IA89V   I V  7 17 -1 -1 -1   -0.500    -2.179571      2.821      1.680     3.611773     1.432203  65  -1   -1.000
1LZ1 DA91P   D P  2 12 -1 -1 -1   -0.400     0.132881      0.284      0.533     0.932735     1.065616  58  -1   -1.000
1LZ1 VA93A   V A 17  0 -1 -1 -1   -0.700    -1.876510      1.384      1.177     3.046643     1.170133  81  -1   -1.000
1LZ1 VA99A   V A 17  0 -1 -1 -1   -1.000    -0.858909      0.020      0.141     2.499162     1.640253  68  -1   -1.000
1LZ1 VA100A  V A 17  0 -1 -1 -1   -0.300    -1.255785      0.914      0.956     2.349978     1.094193  58  -1   -1.000
1LZ1 PA103G  P G 12  5 -1 -1 -1   -0.100    -0.775254      0.456      0.675     1.240474     0.465220  26  -1   -1.000
1LZ1 IA106A  I A  7  0 -1 -1 -1   -0.900    -0.346917      0.306      0.553     1.978551     1.631634  60  -1   -1.000
1LZ1 IA106V  I V  7 17 -1 -1 -1   -0.700     0.247209      0.897      0.947     1.978551     2.225760  60  -1   -1.000
1LZ1 VA110A  V A 17  0 -1 -1 -1    0.500     0.508870      0.000      0.009     0.392288     0.901158  48  -1   -1.000
1LZ1 VA110D  V D 17  2 -1 -1 -1    0.200     0.481556      0.079      0.282     0.392288     0.873844  48  -1   -1.000
1LZ1 VA110G  V G 17  5 -1 -1 -1    0.480     0.146408      0.111      0.334     0.392288     0.538696  48  -1   -1.000
1LZ1 VA110I  V I 17  7 -1 -1 -1    0.860     0.144038      0.513      0.716     0.392288     0.536326  48  -1   -1.000
1LZ1 VA110L  V L 17  9 -1 -1 -1    0.100    -0.118997      0.048      0.219     0.392288     0.273291  48  -1   -1.000
1LZ1 VA110M  V M 17 10 -1 -1 -1    0.400     0.547835      0.022      0.148     0.392288     0.940123  48  -1   -1.000
1LZ1 VA110N  V N 17 11 -1 -1 -1    0.100     0.444433      0.119      0.344     0.392288     0.836721  48  -1   -1.000
1LZ1 VA110R  V R 17 14 -1 -1 -1    0.900     0.709636      0.036      0.190     0.392288     1.101924  48  -1   -1.000
1LZ1 VA110F  V F 17  4 -1 -1 -1   -0.050     0.170725      0.049      0.221     0.392288     0.563013  48  -1   -1.000
1LZ1 VA110P  V P 17 12 -1 -1 -1    0.500     0.732458      0.054      0.232     0.392288     1.124746  48  -1   -1.000
1LZ1 VA110Y  V Y 17 19 -1 -1 -1   -0.100     0.334949      0.189      0.435     0.392288     0.727237  48  -1   -1.000
1LZ1 VA121A  V A 17  0 -1 -1 -1   -1.400    -0.780589      0.384      0.619     1.816508     1.035919  46  -1   -1.000
1LZ1 YA124F  Y F 19  4 -1 -1 -1   -0.400    -0.708273      0.095      0.308     2.580735     1.872462  51  -1   -1.000
1LZ1 VA125A  V A 17  0 -1 -1 -1   -1.300    -1.597245      0.088      0.297     2.087015     0.489770  46  -1   -1.000
1LZ1 VA130A  V A 17  0 -1 -1 -1   -0.800    -0.717476      0.007      0.083     1.416420     0.698944  35  -1   -1.000
1OH0 YA32F   Y F 19  4 -1 -1 -1    0.200     0.357663      0.025      0.158     3.582521     3.940184  65  -1   -1.000
1OH0 YA57F   Y F 19  4 -1 -1 -1   -1.200     0.495914      2.876      1.696     2.684194     3.180108  62  -1   -1.000
1RN1 QC25K   Q K 13  8 -1 -1 -1    0.930     0.436660      0.243      0.493     0.548250     0.984910  45  -1   -1.000
1VQB IA47L   I L  7  9 -1 -1 -1   -0.400    -0.479056      0.006      0.079     3.644823     3.165767  62  -1   -1.000
1VQB IA47M   I M  7 10 -1 -1 -1   -1.700    -1.004805      0.483      0.695     3.644823     2.640018  62  -1   -1.000
1VQB IA47V   I V  7 17 -1 -1 -1   -2.000    -0.128841      3.501      1.871     3.644823     3.515982  62  -1   -1.000
1VQB VA35I   V I 17  7 -1 -1 -1   -0.600    -0.440767      0.025      0.159     3.571920     3.131154  47  -1   -1.000
1VQB YA41F   Y F 19  4 -1 -1 -1   -3.200    -0.871186      5.423      2.329     1.261871     0.390685  20  -1   -1.000
2LZM IA3L    I L  7  9 -1 -1 -1    0.700    -0.857683      2.426      1.558     3.055745     2.198062  64  -1   -1.000
2LZM IA3C    I C  7  1 -1 -1 -1    1.200    -2.224969     11.730      3.425     3.055745     0.830776  64  -1   -1.000
2LZM IA3P    I P  7 12 -1 -1 -1   -3.000    -2.287862      0.507      0.712     3.055745     0.767883  64  -1   -1.000
2LZM IA3Y    I Y  7 19 -1 -1 -1   -2.300    -0.884189      2.005      1.416     3.055745     2.171557  64  -1   -1.000
2LZM IA3V    I V  7 17 -1 -1 -1   -0.400    -1.016017      0.379      0.616     3.055745     2.039728  64  -1   -1.000
2LZM MA6I    M I 10  7 -1 -1 -1   -1.400    -1.113834      0.082      0.286     3.739355     2.625521  61  -1   -1.000
2LZM KA16E   K E  8  3 -1 -1 -1    0.500    -0.488153      0.976      0.988     1.373116     0.884963  51  -1   -1.000
2LZM SA38D   S D 15  2 -1 -1 -1    0.600     0.089083      0.261      0.511     0.737989     0.827072  29  -1   -1.000
2LZM NA55G   N G 11  5 -1 -1 -1   -0.600    -0.467655      0.018      0.132     1.182879     0.715225  35  -1   -1.000
2LZM KA60P   K P  8 12 -1 -1 -1   -0.001     0.146860      0.022      0.148     1.032604     1.179464  42  -1   -1.000
2LZM GA77A   G A  5  0 -1 -1 -1    0.400     1.154216      0.569      0.754     0.308676     1.462892  43  -1   -1.000
2LZM AA82P   A P  0 12 -1 -1 -1    0.800     0.374795      0.181      0.425     1.169731     1.544526  36  -1   -1.000
2LZM KA85A   K A  8  0 -1 -1 -1   -0.600    -0.058811      0.293      0.541     1.387893     1.329082  51  -1   -1.000
2LZM DA89A   D A  2  0 -1 -1 -1   -0.500     0.293033      0.629      0.793     0.809722     1.102755  43  -1   -1.000
2LZM RA96A   R A 14  0 -1 -1 -1   -2.000    -1.257297      0.552      0.743     3.213649     1.956352  74  -1   -1.000
2LZM RA96D   R D 14  2 -1 -1 -1   -3.500    -2.570786      0.863      0.929     3.213649     0.642863  74  -1   -1.000
2LZM RA96M   R M 14 10 -1 -1 -1   -2.700    -0.396668      5.305      2.303     3.213649     2.816980  74  -1   -1.000
2LZM RA96E   R E 14  3 -1 -1 -1   -2.500    -1.957264      0.295      0.543     3.213649     1.256384  74  -1   -1.000
2LZM RA96G   R G 14  5 -1 -1 -1   -2.600    -2.763064      0.027      0.163     3.213649     0.450585  74  -1   -1.000
2LZM RA96Q   R Q 14 13 -1 -1 -1   -0.300    -1.426626      1.269      1.127     3.213649     1.787023  74  -1   -1.000
2LZM RA96H   R H 14  6 -1 -1 -1   -3.100    -2.730509      0.137      0.369     3.213649     0.483139  74  -1   -1.000
2LZM RA96N   R N 14 11 -1 -1 -1   -3.000    -2.060450      0.883      0.940     3.213649     1.153198  74  -1   -1.000
2LZM RA96K   R K 14  8 -1 -1 -1   -0.001    -1.892402      3.577      1.891     3.213649     1.321246  74  -1   -1.000
2LZM RA96S   R S 14 15 -1 -1 -1   -2.600    -2.331410      0.072      0.269     3.213649     0.882238  74  -1   -1.000
2LZM RA96Y   R Y 14 19 -1 -1 -1   -4.700    -1.277654     11.712      3.422     3.213649     1.935994  74  -1   -1.000
2LZM RA96V   R V 14 17 -1 -1 -1   -2.400    -1.191936      1.459      1.208     3.213649     2.021712  74  -1   -1.000
2LZM RA96W   R W 14 18 -1 -1 -1   -4.500    -1.575282      8.554      2.925     3.213649     1.638366  74  -1   -1.000
2LZM AA98V   A V  0 17 -1 -1 -1   -4.900    -0.552355     18.902      4.348     3.221719     2.669364  93  -1   -1.000
2LZM QA105A  Q A 13  0 -1 -1 -1   -0.600    -1.010850      0.169      0.411     2.164323     1.153473  81  -1   -1.000
2LZM QA105E  Q E 13  3 -1 -1 -1   -1.100    -1.284942      0.034      0.185     2.164323     0.879381  81  -1   -1.000
2LZM QA105G  Q G 13  5 -1 -1 -1   -1.500    -2.034105      0.285      0.534     2.164323     0.130218  81  -1   -1.000
2LZM GA113A  G A  5  0 -1 -1 -1    0.300     0.285238      0.000      0.015     0.646343     0.931582  47  -1   -1.000
2LZM TA115E  T E 16  3 -1 -1 -1    0.300    -0.174768      0.225      0.475     1.074369     0.899601  47  -1   -1.000
2LZM NA116D  N D 11  2 -1 -1 -1    0.600    -0.499026      1.208      1.099     1.400744     0.901719  44  -1   -1.000
2LZM RA119E  R E 14  3 -1 -1 -1   -0.040    -0.714772      0.455      0.675     1.681095     0.966323  49  -1   -1.000
2LZM QA123E  Q E 13  3 -1 -1 -1    0.400    -0.394265      0.631      0.794     1.184024     0.789760  36  -1   -1.000
2LZM KA124G  K G  8  5 -1 -1 -1   -0.100    -0.364760      0.070      0.265     1.211553     0.846794  44  -1   -1.000
2LZM VA131A  V A 17  0 -1 -1 -1    0.300    -0.379318      0.461      0.679     1.702525     1.323206  45  -1   -1.000
2LZM VA131D  V D 17  2 -1 -1 -1    0.100    -0.800095      0.810      0.900     1.702525     0.902429  45  -1   -1.000
2LZM VA131G  V G 17  5 -1 -1 -1   -0.700    -1.302344      0.363      0.602     1.702525     0.400181  45  -1   -1.000
2LZM VA131I  V I 17  7 -1 -1 -1    0.200    -0.809856      1.020      1.010     1.702525     0.892669  45  -1   -1.000
2LZM VA131L  V L 17  9 -1 -1 -1    0.100    -0.632831      0.537      0.733     1.702525     1.069693  45  -1   -1.000
2LZM VA131S  V S 17 15 -1 -1 -1   -0.100    -0.907290      0.652      0.807     1.702525     0.795235  45  -1   -1.000
2LZM VA131M  V M 17 10 -1 -1 -1    0.100    -0.458861      0.312      0.559     1.702525     1.243663  45  -1   -1.000
2LZM VA131E  V E 17  3 -1 -1 -1    0.200    -0.604985      0.648      0.805     1.702525     1.097540  45  -1   -1.000
2LZM LA133A  L A  9  0 -1 -1 -1   -4.200    -1.603631      6.741      2.596     3.455183     1.851551  62  -1   -1.000
2LZM KA135E  K E  8  3 -1 -1 -1   -1.000    -0.267724      0.536      0.732     1.278703     1.010979  41  -1   -1.000
2LZM NA144D  N D 11  2 -1 -1 -1    0.400    -0.308773      0.502      0.709     1.128521     0.819748  45  -1   -1.000
2LZM KA147E  K E  8  3 -1 -1 -1   -0.700    -0.284233      0.173      0.416     1.408570     1.124337  60  -1   -1.000
2LZM VA149C  V C 17  1 -1 -1 -1   -2.200    -3.291758      1.192      1.092     4.250059     0.958301  79  -1   -1.000
2LZM TA152S  T S 16 15 -1 -1 -1   -2.600    -1.126673      2.171      1.473     1.797252     0.670579  68  -1   -1.000
2LZM RA154E  R E 14  3 -1 -1 -1   -1.100    -1.754534      0.428      0.655     2.532439     0.777905  56  -1   -1.000
2LZM GA156D  G D  5  2 -1 -1 -1   -2.300    -0.900613      1.958      1.399     1.255649     0.355035  52  -1   -1.000
2LZM TA157A  T A 16  0 -1 -1 -1   -0.500    -2.480225      3.921      1.980     1.506797    -0.973428  45  -1   -1.000
2LZM TA157C  T C 16  1 -1 -1 -1   -1.300    -1.232427      0.005      0.068     1.506797     0.274369  45  -1   -1.000
2LZM TA157D  T D 16  2 -1 -1 -1   -1.100    -0.685043      0.172      0.415     1.506797     0.821754  45  -1   -1.000
2LZM TA157E  T E 16  3 -1 -1 -1   -0.800    -0.872551      0.005      0.073     1.506797     0.634246  45  -1   -1.000
2LZM TA157F  T F 16  4 -1 -1 -1   -2.400    -1.503967      0.803      0.896     1.506797     0.002830  45  -1   -1.000
2LZM TA157G  T G 16  5 -1 -1 -1   -1.100    -0.843325      0.066      0.257     1.506797     0.663472  45  -1   -1.000
2LZM TA157H  T H 16  6 -1 -1 -1   -2.100    -0.702438      1.953      1.398     1.506797     0.804358  45  -1   -1.000
2LZM TA157I  T I 16  7 -1 -1 -1   -1.500    -1.804893      0.093      0.305     1.506797    -0.298096  45  -1   -1.000
2LZM TA157L  T L 16  9 -1 -1 -1   -1.700    -1.355870      0.118      0.344     1.506797     0.150926  45  -1   -1.000
2LZM TA157N  T N 16 11 -1 -1 -1   -1.200    -0.460060      0.548      0.740     1.506797     1.046737  45  -1   -1.000
2LZM TA157R  T R 16 14 -1 -1 -1    0.300    -0.492806      0.629      0.793     1.506797     1.013991  45  -1   -1.000
2LZM TA157S  T S 16 15 -1 -1 -1   -0.700    -0.652979      0.002      0.047     1.506797     0.853818  45  -1   -1.000
2LZM TA157V  T V 16 17 -1 -1 -1   -1.200    -1.968165      0.590      0.768     1.506797    -0.461368  45  -1   -1.000
2RN2 DA10N   D N  2 11 -1 -1 -1    0.900    -0.232778      1.283      1.133     1.150572     0.917794  80  -1   -1.000
2RN2 EA48Q   E Q  3 13 -1 -1 -1    0.200    -0.307757      0.258      0.508     1.289849     0.982092  97  -1   -1.000
2RN2 AA52F   A F  0  4 -1 -1 -1   -0.500     0.555078      1.113      1.055     2.576597     3.131675  95  -1   -1.000
2RN2 AA52I   A I  0  7 -1 -1 -1    1.900     1.657058      0.059      0.243     2.576597     4.233654  95  -1   -1.000
2RN2 AA52L   A L  0  9 -1 -1 -1    1.300     1.180996      0.014      0.119     2.576597     3.757593  95  -1   -1.000
2RN2 AA52V   A V  0 17 -1 -1 -1    1.700     0.433905      1.603      1.266     2.576597     3.010501  95  -1   -1.000
2RN2 HA62A   H A  6  0 -1 -1 -1    0.400     0.253063      0.022      0.147     0.425706     0.678769  36  -1   -1.000
2RN2 HA62P   H P  6 12 -1 -1 -1    1.100     1.237373      0.019      0.137     0.425706     1.663079  36  -1   -1.000
2RN2 DA70N   D N  2 11 -1 -1 -1    0.900     0.320987      0.335      0.579     0.884685     1.205673  61  -1   -1.000
2RN2 VA74L   V L 17  9 -1 -1 -1    0.190     0.549087      0.129      0.359     2.293185     2.842272  75  -1   -1.000
2RN2 VA74I   V I 17  7 -1 -1 -1    0.450     0.123030      0.107      0.327     2.293185     2.416215  75  -1   -1.000
2RN2 GA77A   G A  5  0 -1 -1 -1   -0.900     1.238227      4.572      2.138     0.288151     1.526377  62  -1   -1.000
2RN2 KA95A   K A  8  0 -1 -1 -1    0.100    -0.013311      0.013      0.113     0.629053     0.615742  21  -1   -1.000
2RN2 KA95G   K G  8  5 -1 -1 -1    1.900     0.154660      3.046      1.745     0.629053     0.783713  21  -1   -1.000
2RN2 KA95N   K N  8 11 -1 -1 -1    0.900     0.303512      0.356      0.596     0.629053     0.932565  21  -1   -1.000
2RN2 DA134A  D A  2  0 -1 -1 -1    2.100     0.792601      1.709      1.307     0.747307     1.539908  67  -1   -1.000
2RN2 DA134H  D H  2  6 -1 -1 -1    2.300     0.097274      4.852      2.203     0.747307     0.844581  67  -1   -1.000
2RN2 DA134N  D N  2 11 -1 -1 -1    1.000    -0.099778      1.210      1.100     0.747307     0.647529  67  -1   -1.000
4LYZ MA12F   M F 10  4 -1 -1 -1    0.500     0.011392      0.239      0.489     3.305126     3.316518  71  -1   -1.000
4LYZ MA12L   M L 10  9 -1 -1 -1   -0.400     0.358951      0.576      0.759     3.305126     3.664077  71  -1   -1.000
4LYZ TA40S   T S 16 15 -1 -1 -1   -0.300    -0.534182      0.055      0.234     1.037331     0.503150  60  -1   -1.000
4LYZ GA49A   G A  5  0 -1 -1 -1   -1.900     0.219351      4.492      2.119     0.432000     0.651351  31  -1   -1.000
4LYZ IA55V   I V  7 17 -1 -1 -1   -0.900    -2.334138      2.057      1.434     3.032257     0.698119  78  -1   -1.000
4LYZ IA58M   I M  7 10 -1 -1 -1   -1.200    -2.660219      2.132      1.460     3.878910     1.218691  86  -1   -1.000
4LYZ GA67A   G A  5  0 -1 -1 -1   -0.500    -0.165193      0.112      0.335     0.385308     0.220115  36  -1   -1.000
4LYZ GA71A   G A  5  0 -1 -1 -1   -0.380     0.222948      0.364      0.603     0.287410     0.510358  30  -1   -1.000
4LYZ IA78M   I M  7 10 -1 -1 -1   -0.900    -0.341893      0.311      0.558     1.594888     1.252996  51  -1   -1.000
4LYZ SA91A   S A 15  0 -1 -1 -1   -1.800     1.325855      9.771      3.126     0.649846     1.975702  80  -1   -1.000
4LYZ SA91T   S T 15 16 -1 -1 -1    1.000    -0.172742      1.375      1.173     0.649846     0.477104  80  -1   -1.000
4LYZ IA98M   I M  7 10 -1 -1 -1   -0.900    -0.221072      0.461      0.679     2.411965     2.190893  65  -1   -1.000
4LYZ GA102A  G A  5  0 -1 -1 -1    0.020    -1.210483      1.514      1.230     0.535318    -0.675165  28  -1   -1.000
4LYZ GA117A  G A  5  0 -1 -1 -1   -1.460    -0.879689      0.337      0.580     0.518976    -0.360713  35  -1   -1.000
5PTI FA22A   F A  4  0 -1 -1 -1   -1.200    -1.739846      0.291      0.540     3.199438     1.459592  53  -1   -1.000
5PTI YA23A   Y A 19  0 -1 -1 -1   -5.900    -3.049232      8.127      2.851     3.827401     0.778169  46  -1   -1.000
5PTI YA35G   Y G 19  5 -1 -1 -1   -5.000    -2.903235      4.396      2.097     3.265962     0.362728  37  -1   -1.000
5PTI NA43G   N G 11  5 -1 -1 -1   -5.700    -1.327866     19.116      4.372     1.767258     0.439393  51  -1   -1.000
5PTI FA45A   F A  4  0 -1 -1 -1   -6.900    -2.248934     21.632      4.651     3.000549     0.751615  50  -1   -1.000
