PDB  MUT_D     ddG_D PDB  MUT_R     ddG_R        KORPMD  KORPMR        CartddgD CartddgR       FoldXD  FoldXR          EvoD    EvoR          Dyna2D  Dyna2R          PopMsD PopMsR          DDGunD DDGunR           TNetD TNetR           ACDCNND ACDCNNR
1AMQ CA191Y   -2.300 1QIR YA191C    2.300	  -2.564   1.253	  -7.800  -6.020	  -1.890  -0.560	  -3.150  -0.850	  -1.226  -1.243	  -0.150  -0.010	   1.300  -1.062	   0.390  -0.590	   0.255  -0.716
1AMQ CA191F   -1.600 1QIS FA191C    1.600	  -2.007   1.798	  -8.000  -2.740	  -3.680  -2.700	  -0.430  -0.160	  -1.341  -2.070	  -0.010   0.050	   0.900  -0.669	   0.310  -0.310	   0.155  -0.179
1AMQ CA191W   -3.900 1QIT WA191C    3.900	  -1.784   1.342	  -8.000  -3.670	  -5.740  -1.250	   0.240  -0.480	  -1.752  -1.751	   0.040  -0.120	   1.000  -0.679	   0.400  -0.590	   0.175  -0.234
1AMQ CA191S   -1.900 5EAA SA191C    1.900	  -1.580   0.646	  -4.220   2.980	  -0.200   0.050	  -1.180   0.920	  -2.180  -1.601	  -0.330   0.230	  -0.500   0.165	  -0.100   0.120	  -0.310   0.150
1BNI SA91A    -1.800 1BAN AA91S     1.800	  -0.310   0.279	  -0.000  -2.870	  -2.560  -0.610	  -0.830   0.310	  -0.666  -0.269	  -0.930   0.700	   0.163  -0.166	   0.080  -0.120	   0.032  -0.037
1BNI YA78F    -1.100 1BAO FA78Y     1.100	  -0.915   0.920	  -1.350  -1.810	  -0.430   0.310	  -0.500  -0.660	  -0.773  -0.375	   1.110  -0.600	  -0.610   0.598	   0.230  -0.000	  -0.561   0.536
1BNI TA26A    -1.700 1BNS AA26T     1.700	  -0.266   0.431	  -3.290   1.510	   1.180  -0.980	  -0.570   0.300	  -0.476  -0.768	  -1.220   1.090	  -0.322   0.347	  -0.120  -0.080	  -0.606   0.537
1BNI FA7L     -4.100 1BRG LA7F      4.100	  -0.457   0.337	  -8.000  -0.300	  -0.820   0.240	  -0.540  -0.390	  -2.080  -1.008	  -0.150  -0.140	  -0.135   0.059	  -0.720   0.230	  -0.032  -0.151
1BNI LA14A    -4.500 1BRH AA14L     4.500	  -0.758   1.119	  -8.000   4.770	  -3.190   2.080	  -2.930   2.310	  -2.358   1.022	  -1.270   1.680	  -1.081   0.851	  -1.980   2.100	  -1.032   0.726
1BNI IA76A    -1.700 1BRI AA76I     1.700	  -1.141   1.350	  -8.000  -0.270	  -3.030  -1.470	  -2.850   1.150	  -2.909  -0.496	  -0.500   0.870	  -2.281   2.244	  -1.090   1.000	  -1.963   1.951
1BNI IA88A    -4.000 1BRJ AA88I     4.000	  -1.669   1.547	  -8.000   5.600	  -3.460   1.420	  -2.520   2.400	  -3.473   1.232	  -2.420   1.930	  -3.565   3.348	  -2.220   2.890	  -3.259   2.966
1BNI IA96A    -3.200 1BRK AA96I     3.200	  -1.938   1.974	  -7.680   1.890	  -4.280   0.930	  -2.390   1.980	  -3.513   0.122	  -1.040   1.050	  -2.046   1.962	  -1.870   1.820	  -1.780   1.698
1BNI IA51V    -1.100 1BSA VA51I     1.100	  -0.664   0.459	  -2.270   1.430	  -1.330   0.600	  -0.610   1.030	  -1.243  -0.969	  -0.370   0.530	  -0.558   0.552	  -0.280   0.310	  -0.488   0.483
1BNI IA76V    -1.000 1BSB VA76I     1.000	  -0.610   0.409	   0.250  -3.660	  -0.360  -0.780	  -0.950   0.870	  -1.247  -0.595	   0.210  -0.150	   0.270  -0.279	  -1.350   1.420	   0.211  -0.214
1BNI IA88V    -1.600 1BSC VA88I     1.600	   0.134   0.235	  -2.550  -0.180	  -0.790  -0.030	  -0.840   0.840	  -1.164  -0.911	   0.200  -0.240	  -1.028   1.025	  -0.870   1.170	  -1.038   1.037
1BNI IA96V    -0.900 1BSD VA96I     0.900	  -0.073   0.129	  -3.020   1.260	  -0.880   1.080	  -0.770   0.740	  -1.283  -0.728	   0.120  -0.170	  -0.367   0.363	  -0.410   0.380	  -0.268   0.293
1BNI LA89V    -0.500 1BSE VA89L     0.500	   0.772  -0.616	  -1.850  -2.690	  -0.470  -0.600	  -0.650   0.890	  -1.917  -0.872	   0.190  -0.410	   0.657  -0.653	  -0.150   0.230	   0.201  -0.200
1CEY DA12A     2.500 1E6K AA12D    -2.500	  -0.143   0.101	   0.540  -8.000	   0.920  -8.000	   0.660  -0.580	  -0.013  -1.131	   0.560  -0.360	   0.732  -0.384	   0.320  -0.440	   0.347  -0.124
1CEY DA13A     2.700 1E6L AA13D    -2.700	  -0.248   0.493	   1.440  -5.620	   1.480  -1.150	   0.910  -0.080	  -0.051  -1.200	  -0.270   0.140	   0.053  -0.062	   0.750  -0.180	   0.027   0.004
1CEY DA57A     3.300 1E6M AA57D    -3.300	  -0.098   0.501	  -6.690  -6.800	   1.320  -3.230	   0.110   0.350	   0.302  -1.325	   0.480  -1.020	   0.445  -0.435	   0.290  -0.520	  -0.141   0.128
1EY0 SA59A     0.500 1EY4 AA59S    -0.500	   0.538  -0.409	   3.070  -3.170	   0.300  -0.330	   0.050  -0.110	   0.325  -0.751	   0.490  -0.610	   0.093  -0.065	  -0.260  -0.030	   0.144  -0.138
1EY0 TA33V     0.400 1EY5 VA33T    -0.400	   1.172  -1.110	   3.000  -3.280	   0.210  -0.980	   0.850  -0.910	  -0.387  -1.440	  -0.110   0.190	   0.405  -0.427	   0.350  -0.360	  -0.294   0.281
1EY0 TA41I     0.700 1EY6 IA41T    -0.700	   0.974  -0.775	  -2.130  -6.880	  -1.160   1.250	   0.710  -1.530	   0.674  -2.479	   0.340  -0.450	   0.282  -0.327	   0.390  -0.160	   0.982  -0.990
1EY0 SA128A    0.700 1EY7 AA128S   -0.700	   0.677  -0.586	   1.020  -5.850	   0.550  -0.830	  -0.530   0.030	  -0.226  -1.256	   0.330   0.200	   0.636  -0.635	   0.170  -0.110	   0.466  -0.458
1EY0 KA116G    1.000 1KAB GA116K   -1.000	  -0.166  -0.409	  -3.120  -8.000	  -0.800  -2.370	  -0.900   0.970	  -0.186  -0.279	   0.300  -2.120	  -0.070   0.140	   0.120  -0.630	  -0.442   0.437
1EY0 PA117G    0.900 1SYC GA117P   -0.900	  -1.086  -0.714	  -5.370  -8.000	  -1.340  -5.490	  -1.470  -0.060	  -1.146   0.086	  -1.210  -2.450	  -0.347   0.327	  -1.130   1.220	  -0.313   0.313
1EY0 PA117T    1.100 1SYE TA117P   -1.100	  -1.053  -0.284	  -4.370  -8.000	  -2.810   1.750	  -0.310   1.120	   0.039   0.007	  -1.610  -0.390	   0.095  -0.093	  -0.050  -0.050	  -0.058   0.041
1EY0 PA117A    0.800 1SYG AA117P   -0.800	  -0.748   0.507	  -3.660  -8.000	  -2.670  -2.560	  -0.640   0.500	  -0.332   0.203	  -1.990  -1.060	  -0.028   0.023	  -1.450   1.130	  -0.171   0.171
1EY0 TA22C    -0.900 2EXZ CA22T     0.900	  -0.782   0.811	   0.220  -2.660	  -1.140   0.390	   0.460  -0.730	  -0.741  -0.314	  -0.490   0.210	  -0.863   0.862	  -0.000  -0.360	  -0.536   0.536
1EY0 TA22V    -0.900 2EY1 VA22T     0.900	   0.684  -0.824	   4.040  -2.730	  -0.320  -1.190	   0.610  -0.910	  -0.341  -1.697	  -0.620   0.600	  -0.105   0.090	   0.910  -0.540	  -0.624   0.623
1EY0 TA41C     0.600 2EY2 CA41T    -0.600	   0.223  -0.344	  -4.110  -0.610	   1.110  -1.750	   0.120  -0.780	  -0.646  -0.242	   0.720  -1.220	  -0.201   0.173	   0.360  -0.020	   0.139  -0.215
1EY0 TA41S    -1.100 2EY5 SA41T     1.100	  -0.139   0.169	  -4.020   2.930	  -0.040   0.530	  -1.240  -0.140	  -0.433  -0.619	   0.170  -0.230	  -0.532   0.545	  -0.020   0.410	  -0.416   0.432
1EY0 TA41V     0.800 2EY6 VA41T    -0.800	   0.678  -0.888	   2.370  -6.600	   1.980  -2.560	   0.530  -1.070	   0.085  -1.783	   0.420  -0.560	   0.311  -0.370	  -0.110   0.030	   0.663  -0.707
1EY0 TA44V     0.100 2EYF VA44T    -0.100	   0.092  -0.457	  -1.250  -0.540	  -0.090  -1.660	   0.680  -0.360	  -0.134  -0.984	   0.270  -0.170	   0.211  -0.161	   0.020   0.030	   0.301  -0.264
1EY0 TA62S    -2.100 2EYH SA62T     2.100	  -0.201   0.331	  -4.370   4.630	  -1.560   1.470	  -0.070   0.430	  -1.895  -0.498	  -0.440   0.470	  -0.942   0.835	  -1.590   1.270	  -0.790   0.657
1EY0 TA62V    -0.200 2EYJ VA62T     0.200	   1.615  -1.194	   1.030  -5.590	  -0.420  -2.330	   0.330  -0.680	  -0.286  -2.356	   1.760  -1.630	   1.526  -1.590	   0.490  -0.170	   1.230  -1.426
1EY0 TA82S    -0.700 2EYL SA82T     0.700	  -0.273   0.249	  -0.860   1.390	  -0.130   0.230	  -0.450   0.490	  -0.324  -0.313	  -0.070   0.100	  -0.208   0.186	  -0.350   0.310	  -0.329   0.308
1EY0 TA120C   -1.700 2EYM CA120T    1.700	  -0.325   0.079	  -2.490   2.520	  -1.270   0.270	   1.470  -0.700	  -0.717  -1.035	   0.050   0.030	  -0.193   0.209	  -0.120   0.060	  -0.182   0.182
1EY0 TA120S   -0.600 2EYO SA120T    0.600	   0.023  -0.005	  -2.110   1.980	  -0.580   0.160	   0.560   0.280	  -0.822  -0.530	   0.230  -0.200	  -0.147   0.131	  -0.090   0.070	  -0.207   0.209
1EY0 TA120V   -1.800 2EYP VA120T    1.800	  -0.197   0.093	  -0.160   0.840	  -0.030  -1.240	   1.390   0.130	  -0.196  -1.494	   0.220   0.020	   0.095  -0.101	   0.220  -0.230	  -0.205   0.203
1EY0 IA92V    -0.400 2F0D VA92I     0.400	  -0.602   0.343	  -2.460   0.150	  -1.010   0.970	  -0.770   0.650	  -1.247  -0.885	  -0.370   0.300	   0.037  -0.039	  -0.070   0.360	   0.134  -0.135
1EY0 VA23L    -0.100 2F0E LA23V     0.100	  -0.882   0.916	   0.570  -5.290	   1.040  -1.230	   0.840  -0.520	  -0.715  -2.000	  -0.730   0.260	   0.251  -0.271	   1.410  -1.550	   0.240  -0.267
1EY0 LA25I    -1.700 2F0F IA25L     1.700	   0.448  -0.534	  -5.190  -1.820	  -3.470   0.760	  -0.200   0.250	  -0.975  -1.127	   0.390  -0.390	   0.185  -0.188	  -0.150   0.090	   0.168  -0.169
1EY0 VA66I    -1.000 2F0G IA66V     1.000	   0.487  -0.432	  -0.860  -3.080	   0.040  -1.300	   0.510  -0.310	  -0.330  -1.091	   0.400  -0.270	   0.220  -0.217	  -0.030   0.270	   0.277  -0.302
1EY0 VA66L    -0.300 2F0H LA66V     0.300	   0.433  -0.279	   3.530  -8.000	   1.880  -3.450	   0.830  -1.020	  -0.409  -2.184	   0.830  -1.170	   0.441  -0.463	   0.520  -0.240	   0.368  -0.379
1EY0 IA72L    -0.200 2F0I LA72I     0.200	  -0.499   0.601	  -2.700  -0.300	   0.480  -0.520	   0.190  -0.120	  -0.736  -0.657	  -0.820   0.640	  -0.522   0.496	  -0.330   0.240	  -0.141   0.321
1EY0 IA72V    -1.200 2F0J VA72I     1.200	  -0.095   0.053	  -2.620  -3.970	  -1.240   1.120	  -0.640   0.890	  -1.370  -0.489	  -0.110  -0.150	   0.137  -0.157	  -0.480   0.360	  -0.141  -0.188
1EY0 VA66K    -7.500 2SNM KA66V     7.500	  -1.514   1.652	  -8.000   5.130	  -2.170  -0.120	  -2.210   2.100	  -2.477  -0.078	  -2.340   2.170	  -3.255   3.422	  -0.270   0.320	  -2.861   3.081
1IHB FA71N     0.700 1MX2 NA71F    -0.700	  -1.209   1.063	  -5.670   1.510	  -1.410   0.770	  -1.410   1.570	  -0.837   0.294	  -0.080  -0.060	  -1.081   1.072	  -1.130   1.580	  -0.531   0.420
1IHB FA82Q    -0.400 1MX4 QA82F     0.400	  -0.565   0.288	  -0.600  -0.230	  -1.870   0.090	  -1.110   1.780	   0.542  -0.559	  -0.510   0.450	  -0.509   0.522	  -1.280   0.890	  -0.264   0.255
1IHB FA92N    -1.100 1MX6 NA92F     1.100	  -0.754   0.640	  -6.050   2.310	  -1.910   0.160	  -2.020   1.890	  -0.837  -0.479	  -0.380   0.310	  -1.157   1.083	  -0.560   0.550	  -0.476   0.443
1IOB TA9G     -2.600 1HIB GA9T      2.600	  -0.732   0.703	  -6.790  -4.840	  -1.120  -0.540	  -1.140  -1.910	  -2.644  -1.664	  -1.060   1.390	  -1.244   1.293	   0.050   0.440	  -0.904   0.951
1L63 SA44G    -0.500 107L GA44S     0.500	  -0.432   0.427	  -1.900   1.690	  -0.470   0.570	  -0.750   0.700	  -0.396  -0.581	  -0.520   0.130	  -0.050   0.072	   0.020   0.010	   0.136  -0.131
1L63 SA44I     0.300 108L IA44S    -0.300	  -0.094   0.159	   1.410  -1.730	   0.700  -0.470	   1.460  -1.460	  -0.159  -0.295	  -0.280   0.390	   0.088  -0.106	   0.200  -0.400	   0.317  -0.334
1L63 SA44K     0.200 109L KA44S    -0.200	   0.054  -0.051	   0.830  -0.980	   0.530  -0.620	   0.250   0.060	  -0.350  -0.340	   0.430  -0.260	  -0.010   0.009	   0.040  -0.010	   0.175  -0.175
1L63 SA44L     0.400 110L LA44S    -0.400	  -0.077   0.087	   1.080  -1.260	   0.740  -0.650	   1.340  -1.340	  -0.263  -0.213	  -0.060   0.210	   0.076  -0.099	   0.210  -0.400	   0.140  -0.157
1L63 SA44N    -0.100 111L NA44S     0.100	  -0.131   0.127	   0.110  -0.240	   0.360  -0.610	   0.370  -0.150	  -0.213   0.218	   0.080  -0.020	  -0.000   0.000	  -0.050  -0.090	   0.030  -0.028
1L63 SA44P    -3.000 112L PA44S     3.000	  -1.031   0.264	  -8.000   8.870	  -3.980  -2.310	  -0.380  -0.540	  -0.243  -0.827	  -1.180   1.070	  -0.019   0.028	   0.100  -0.030	   0.154  -0.152
1L63 SA44R     0.200 113L RA44S    -0.200	   0.280  -0.294	   0.130  -0.180	   0.800  -0.480	   1.050  -0.560	  -0.405  -0.451	   0.420  -0.340	   0.048  -0.050	  -0.030  -0.030	   0.184  -0.189
1L63 SA44T     0.010 114L TA44S    -0.010	  -0.211   0.203	   0.900  -0.960	  -0.180   0.350	   0.140  -1.090	  -0.218  -0.178	   0.000   0.020	   0.034  -0.038	  -0.000  -0.200	   0.165  -0.167
1L63 SA44V     0.100 115L VA44S    -0.100	   0.062  -0.130	   0.930  -1.240	   0.180   0.090	   0.970  -1.000	  -0.165   0.051	  -0.370   0.320	   0.075  -0.083	   0.060  -0.240	   0.110  -0.125
1L63 AA130S   -1.000 118L SA130A    1.000	  -1.220   1.195	  -4.070   2.890	  -0.480  -0.020	   0.060  -0.010	  -1.388  -0.343	  -0.280   0.090	  -0.372   0.380	   0.040  -0.010	  -0.347   0.349
1L63 AA134S   -0.100 119L SA134A    0.100	  -0.905   1.007	  -1.890   2.310	   0.050  -0.040	   0.370  -0.500	  -1.487  -1.001	  -0.680   0.530	  -0.219   0.185	   0.050   0.020	  -0.162   0.161
1L63 AA41S    -0.600 120L SA41A     0.600	  -0.583   0.534	  -2.240   0.900	  -0.690   0.260	   0.020   0.080	  -0.494  -1.035	  -0.550   0.470	  -0.064   0.059	  -0.050  -0.060	  -0.118   0.105
1L63 AA73S    -0.400 122L SA73A     0.400	  -0.698   0.703	  -1.250   1.020	  -0.550   0.350	   0.050  -0.830	   0.244  -0.250	   0.030   0.060	  -0.238   0.227	  -0.060  -0.040	  -0.087   0.072
1L63 AA82S    -0.300 123L SA82A     0.300	  -0.387   0.383	   0.800  -0.830	  -0.270   0.270	   0.030   0.120	  -0.022  -0.140	   0.260  -0.130	  -0.032   0.027	  -0.070   0.090	  -0.141   0.142
1L63 AA98S    -2.500 125L SA98A     2.500	  -1.881   1.808	  -8.000   6.000	  -0.700   0.740	   0.170  -0.330	  -1.411  -1.259	   0.100   0.170	  -1.477   1.497	  -0.050  -0.170	  -0.841   0.848
1L63 VA149T   -2.800 126L TA149V    2.800	  -2.441   2.631	  -5.070   4.280	  -2.090   2.360	  -0.940   0.260	  -2.427  -0.251	  -0.660   0.830	  -0.922   0.918	  -0.090   0.350	  -0.907   0.901
1L63 VA75T    -1.300 127L TA75V     1.300	  -1.518   1.330	  -3.340   2.330	  -0.380   0.850	  -1.000   0.230	  -1.477  -0.115	  -0.880   0.680	  -0.671   0.646	  -0.090   0.250	  -0.611   0.510
1L63 VA87T    -1.600 128L TA87V     1.600	  -1.968   1.984	  -3.370  -0.080	  -1.480   1.390	  -1.100   0.880	  -2.808  -0.284	  -1.160   0.990	  -1.111   1.115	  -0.360   0.260	  -0.807   0.804
1L63 SA44F     0.100 137L FA44S    -0.100	   0.060   0.028	  -0.550   1.060	   0.550  -0.970	   0.430   0.090	  -0.866  -0.012	  -0.470   0.370	   0.077  -0.101	   0.740  -1.390	  -0.130  -0.002
1L63 IA78A    -1.200 1CTW AA78I     1.200	  -2.126   1.254	  -8.000   1.720	  -3.730  -2.230	  -2.770   2.220	  -3.664   0.318	  -0.780   0.590	  -2.242   2.214	  -1.300   1.120	  -2.018   1.970
1L63 IA78M    -1.500 1CU0 MA78I     1.500	  -1.299   1.648	  -6.720   4.330	  -1.190   0.260	  -0.560   0.300	  -1.062  -0.669	  -0.030  -0.100	  -0.844   0.836	  -0.790   0.600	  -0.669   0.662
1L63 LA84M    -1.900 1CU2 MA84L     1.900	  -1.916   1.509	  -4.260  -0.780	  -0.210   0.600	  -0.520   0.670	  -1.196  -0.984	  -1.500   1.420	  -0.543   0.543	  -0.530   0.910	  -0.166   0.166
1L63 VA87M    -2.300 1CU3 MA87V     2.300	  -1.350   0.685	  -8.000   2.260	  -0.130  -0.500	   0.030  -0.210	  -0.648  -0.961	  -0.170  -0.050	  -0.510   0.515	  -1.210   0.880	  -0.164   0.163
1L63 LA91M    -0.800 1CU5 MA91L     0.800	  -1.593   1.105	  -3.330   0.220	  -0.340   0.240	  -0.180  -0.090	  -0.403  -0.923	  -0.560   0.300	  -0.776   0.792	  -0.690   1.020	  -0.498   0.503
1L63 LA91A    -2.600 1CU6 AA91L     2.600	  -1.921   1.801	  -8.000  -2.910	  -3.250   3.140	  -2.280   2.100	  -2.690  -0.292	  -1.440   1.500	  -2.337   1.965	  -2.060   2.170	  -2.140   1.643
1L63 IA100M   -1.600 1CUP MA100I    1.600	  -2.112   2.029	  -7.070   2.170	  -0.580  -0.170	  -0.830   0.540	  -1.716  -2.142	   0.000  -0.080	  -1.001   0.901	  -0.030   0.010	  -0.757   0.662
1L63 VA103M   -1.200 1CUQ MA103V    1.200	  -1.183   0.881	  -8.000  -1.970	  -2.930  -0.980	  -0.430  -0.100	  -1.400  -1.082	  -0.380  -0.080	  -0.497   0.503	  -0.280   0.250	  -0.412   0.419
1L63 FA104M   -0.400 1CV0 MA104F    0.400	  -1.902   2.167	  -7.920   1.210	  -0.440   0.060	  -0.390   0.470	  -0.009  -1.662	   1.030  -0.670	  -1.760   1.744	  -0.780   0.930	  -1.018   1.021
1L63 VA111M   -0.700 1CV1 MA111V    0.700	  -1.730   0.144	  -8.000  -8.000	   0.300  -4.990	  -0.320  -0.820	  -0.350  -0.893	  -0.310  -0.830	  -0.066   0.071	  -1.990   2.470	   0.114  -0.112
1L63 LA121M   -0.800 1CV3 MA121L    0.800	  -1.857   1.995	  -3.630   1.920	   0.520  -0.320	  -0.560   0.650	  -1.239  -0.942	  -0.620   0.610	  -0.867   0.857	  -0.700   1.060	  -0.520   0.506
1L63 LA118M   -0.700 1CV4 MA118L    0.700	  -1.584   1.716	  -0.000   2.750	   0.500  -0.500	  -0.200   1.480	  -1.422  -1.729	  -0.100   0.740	  -0.779   0.956	  -0.330   0.360	  -0.401   0.534
1L63 LA133M   -0.400 1CV5 MA133L    0.400	  -0.805   0.887	  -3.210   1.430	   0.430  -0.460	  -0.320   0.210	   0.506  -0.323	  -0.370   0.350	  -0.544   0.545	   0.050   0.030	  -0.288   0.265
1L63 VA149M   -2.800 1CV6 MA149V    2.800	  -1.878   1.631	  -5.770   3.050	   0.120  -0.710	   0.200   0.110	  -0.587  -2.240	   0.760  -0.890	  -0.128   0.090	  -0.550   0.310	   0.157  -0.160
1L63 LA118A   -3.200 1CVK AA118L    3.200	  -1.780   1.643	  -8.000   5.590	  -3.030   2.950	  -1.930   1.980	  -2.793  -0.409	  -1.220  -0.050	  -1.958   1.543	  -2.440   2.620	  -1.600   1.278
1L63 IA27M    -3.100 1D2W MA27I     3.100	  -2.225   1.769	  -8.000   0.930	  -2.460   0.160	  -1.180   0.500	  -1.629  -1.224	  -0.810   0.750	  -1.419   1.407	  -0.830   0.750	  -1.096   1.085
1L63 IA50M    -0.400 1D2Y MA50I     0.400	  -1.100   1.151	  -6.150  -3.990	   0.430  -1.510	  -0.600   0.680	  -0.290  -0.574	  -0.290  -0.460	  -0.134   0.136	  -0.380   0.250	   0.144  -0.146
1L63 LA66M    -1.000 1D3J MA66L     1.000	  -0.869   0.538	  -1.950   0.500	   0.320  -0.280	  -0.260   0.930	  -0.036  -1.025	   0.000  -0.080	  -0.732   0.717	   0.190  -0.300	  -0.358   0.339
1L63 VA149S   -4.400 1G06 SA149V    4.400	  -2.862   2.808	  -8.000   9.290	  -3.590   2.700	  -1.620   1.850	  -3.422   0.398	  -0.370   0.530	  -1.422   1.267	  -0.930   1.120	  -1.398   1.252
1L63 VA149C   -2.000 1G07 CA149V    2.000	  -2.241   2.110	  -6.980   5.910	  -1.910   2.030	  -0.320   0.690	  -1.926  -1.657	   0.250  -0.150	  -0.810   0.805	  -0.860   0.940	  -0.286   0.284
1L63 TA152A   -1.500 1G0G AA152T    1.500	  -0.365   0.117	  -0.910   2.230	   0.060  -0.920	  -1.320   0.380	  -0.993  -1.650	   0.430  -0.600	  -0.007   0.008	  -0.380   0.360	  -0.234   0.218
1L63 TA152S   -2.000 1G0J SA152T    2.000	  -1.052   1.035	  -4.710   2.850	  -0.860  -0.120	  -1.440  -0.250	  -2.063  -1.238	  -0.020   0.430	  -0.293   0.319	  -0.610   0.620	  -0.258   0.267
1L63 TA152C   -0.500 1G0K CA152T    0.500	  -0.823   0.424	  -1.030  -3.590	   0.070  -0.750	  -0.200  -0.760	  -0.471  -1.435	   0.090  -0.330	   0.108  -0.097	  -0.350   0.430	   0.145  -0.159
1L63 TA152V    0.200 1G0L VA152T   -0.200	  -0.112   0.353	   3.540  -4.560	   1.810  -0.610	   0.240  -1.080	  -1.415  -2.555	  -0.350  -0.050	   0.509  -0.563	   0.590  -0.370	   0.376  -0.394
1L63 TA152I   -0.400 1G0M IA152T    0.400	   0.229  -0.734	   2.990  -5.010	   2.270  -2.740	   0.940  -1.840	  -1.395  -3.413	  -0.160   0.710	   0.628  -0.624	   1.390  -1.240	   0.739  -0.734
1L63 VA149G   -4.900 1G0P GA149V    4.900	  -2.966   3.314	  -8.000   9.970	  -3.820   3.790	  -2.390   2.580	  -3.318   0.943	  -1.440   1.400	  -1.789   1.156	  -1.500   1.800	  -2.226   1.308
1L63 VA149I   -0.100 1G0Q IA149V    0.100	  -1.158   0.950	   0.500  -2.110	   0.310  -0.720	   0.280  -0.380	  -0.745  -1.237	   0.550  -0.380	   0.147  -0.140	   1.050  -0.660	   0.349  -0.334
1L63 IA58T    -3.400 1G1V TA58I     3.400	  -1.984   1.868	  -8.000   8.340	  -2.810   0.780	  -1.880   1.590	  -1.957  -1.042	  -0.490   0.480	  -1.871   1.712	  -0.740   0.650	  -1.934   1.764
1L63 QA105M   -1.200 1G1W MA105Q    1.200	  -0.846   0.597	  -4.170  -0.520	   0.920  -1.370	   1.020  -1.190	   1.105   0.200	   0.160   0.120	   0.383  -0.402	   0.150  -0.170	   0.237  -0.239
1L63 NA101A   -1.500 1I6S AA101N    1.500	  -0.524   0.257	   1.430  -5.810	  -1.690  -2.920	  -0.260  -0.480	  -1.217  -1.471	   1.050  -1.150	   0.840  -0.817	  -0.190   0.100	  -0.216   0.225
1L63 NA144E    0.500 1L39 EA144N   -0.500	  -0.336   0.317	   1.320  -1.560	   1.530  -1.350	   0.570   0.100	   0.054  -0.455	   0.540  -0.370	  -0.011   0.006	   0.120  -0.010	   0.154  -0.152
1L63 DA92N    -1.400 1L55 NA92D     1.400	  -0.195   0.093	  -2.310  -0.820	  -5.010   4.170	  -0.670  -0.100	  -0.421   0.205	  -0.350   0.100	   0.308  -0.263	  -0.170   0.150	   0.210  -0.201
1L63 TA109N    0.100 1L59 NA109T   -0.100	  -0.359   0.392	   0.190  -0.460	  -0.170   0.110	   0.230   0.390	  -0.109   0.502	  -0.240   0.310	  -0.076   0.062	  -0.360   0.210	  -0.256   0.261
1L63 SA38N    -0.010 1L61 NA38S     0.010	  -0.156   0.235	   0.450  -3.520	   0.170  -0.820	  -0.350  -0.390	   0.062   0.108	  -0.630   0.010	  -0.027   0.021	  -0.000  -0.070	  -0.035   0.035
1L63 TA109D    0.600 1L62 DA109T   -0.600	  -0.207   0.245	   0.710  -1.030	   1.220   0.020	  -0.310   0.520	   0.123   0.776	   0.050  -0.240	  -0.160   0.110	  -0.250   0.050	  -0.269   0.286
1L63 DA47A    -1.000 1L65 AA47D     1.000	   0.251  -0.251	  -3.790  -1.640	  -1.780   0.920	  -0.280  -0.180	  -0.570  -0.826	   0.690  -0.770	   0.039  -0.080	   0.080  -0.040	  -0.125  -0.021
1L63 KA43A    -1.000 1L66 AA43K     1.000	  -0.027   0.004	  -1.970   1.280	  -0.710   0.740	  -0.240   0.350	  -0.385  -1.064	  -0.120   0.310	   0.096  -0.109	  -0.480   0.700	  -0.170   0.165
1L63 LA46A    -1.900 1L67 AA46L     1.900	  -1.484   1.295	  -8.000  -2.020	  -3.460   2.010	  -2.180   2.300	  -3.183  -0.157	  -0.410   0.840	  -0.539   0.324	  -2.250   2.230	  -0.908   0.490
1L63 SA44A     0.300 1L68 AA44S    -0.300	   0.082  -0.070	   0.910  -0.980	   0.510  -0.400	  -0.050   0.110	  -0.157  -0.501	   0.390  -0.530	   0.019  -0.031	   0.090  -0.110	   0.064  -0.074
1L63 DA72P    -2.700 1L76 PA72D     2.700	  -0.841  -0.001	  -8.000   8.100	  -2.150  -2.320	  -0.750  -0.910	  -0.166  -0.675	  -1.270   1.050	   0.042  -0.088	   0.040  -0.290	   0.181  -0.190
1L63 MA102L   -1.000 1L77 LA102M    1.000	  -1.649   1.282	  -4.270  -3.630	  -0.940  -0.080	   0.070  -0.510	  -0.627  -1.715	  -0.130   0.110	   0.698  -0.704	   0.480  -0.830	   0.224  -0.225
1L63 FA153A   -3.800 1L85 AA153F    3.800	  -3.646   2.439	  -8.000  -8.000	  -4.100  -2.660	  -2.960  -1.250	  -2.123  -1.250	  -0.260   0.440	  -1.023   0.698	  -3.090   3.750	  -0.866   0.485
1L63 FA153I   -0.200 1L86 IA153F    0.200	  -2.406   1.118	  -7.940  -0.950	  -1.940  -2.850	  -1.010  -1.900	   0.710  -2.596	   1.090  -0.770	  -0.008  -0.015	  -0.970   0.760	   0.296  -0.323
1L63 FA153L    0.300 1L87 LA153F   -0.300	  -2.078   1.662	  -5.040  -3.760	  -1.030   0.090	  -1.020  -0.730	   0.453  -2.038	   1.150  -0.970	   0.043  -0.057	  -0.760   0.810	   0.193  -0.210
1L63 FA153M   -0.600 1L88 MA153F    0.600	  -3.178   2.405	  -3.890  -8.000	  -1.190   1.170	  -1.480  -1.240	   0.433  -0.715	   0.900  -0.940	  -0.464   0.443	  -1.220   1.690	   0.106  -0.125
1L63 LA99A    -4.500 1L90 AA99L     4.500	  -2.364   2.209	  -8.000  11.780	  -3.520   3.630	  -2.290   2.310	  -3.753   0.865	  -2.030   2.010	  -3.109   2.529	  -2.660   2.670	  -2.622   2.261
1L63 LA99F    -0.300 1L91 FA99L     0.300	  -1.466   0.938	  -3.520  -1.670	  -1.460  -1.420	  -1.040  -0.100	  -2.151   0.287	  -0.800   0.720	  -0.890   0.875	   0.360  -0.660	  -0.796   0.801
1L63 LA99I    -1.500 1L92 IA99L     1.500	  -0.998   0.911	  -5.250   4.010	  -2.540   0.310	  -0.170  -0.050	  -1.468  -1.727	  -0.360   0.280	  -0.698   0.685	   0.200   0.100	  -0.338   0.341
1L63 LA99M    -0.600 1L93 MA99L     0.600	  -1.468   1.259	  -4.460   3.930	   0.290  -0.180	  -0.430   0.360	  -1.705  -1.349	  -0.530   0.580	  -1.298   1.294	  -0.680   0.540	  -0.802   0.796
1L63 LA99V    -2.000 1L94 VA99L     2.000	  -1.516   1.212	  -8.000   7.120	  -2.860   1.470	  -1.000   0.680	  -2.277  -0.362	  -1.160   1.190	  -1.171   1.137	  -1.340   0.970	  -0.871   0.855
1L63 FA153V   -1.800 1L95 VA153F    1.800	  -3.370   2.264	  -8.000  -6.630	  -3.780  -2.050	  -1.600  -1.670	  -1.607  -1.577	   0.490  -0.200	  -0.173   0.128	  -1.670   2.160	  -0.140   0.121
1L63 TA59V    -1.500 1LYE VA59T     1.500	  -0.720   0.748	  -2.250   0.740	  -1.600  -0.060	   0.190  -0.390	  -0.082  -0.686	  -1.270   0.820	  -0.136   0.123	   0.190  -0.140	  -0.422   0.415
1L63 TA59S    -0.200 1LYF SA59T     0.200	  -0.311   0.322	  -0.420   0.430	   0.830  -1.000	  -0.270   0.120	  -0.376  -0.149	  -0.290  -0.020	  -0.415   0.472	  -0.090  -0.100	  -0.512   0.516
1L63 TA59N    -1.100 1LYG NA59T     1.100	  -0.212   0.121	  -2.310   0.970	   0.520  -0.560	  -0.300   0.000	  -0.076   0.119	  -0.690   0.560	  -0.582   0.578	   0.060  -0.060	  -0.674   0.668
1L63 TA59G    -1.600 1LYH GA59T     1.600	  -0.542   0.477	  -4.380   2.410	   0.420  -1.200	  -1.460   0.800	   0.111  -0.553	  -0.920   0.560	  -1.009   1.325	   0.640  -0.690	  -1.187   1.176
1L63 TA59D    -1.200 1LYI DA59T     1.200	  -0.353   0.320	  -1.120  -0.110	   2.000  -2.170	  -0.470  -0.100	   0.487  -0.310	  -0.670   0.530	  -0.853   0.805	   0.090  -0.210	  -0.903   0.892
1L63 TA59A    -1.500 1LYJ AA59T     1.500	  -0.591   0.592	  -2.820   2.170	  -0.110  -0.870	  -0.800   0.100	  -0.230  -0.542	  -1.540   1.850	  -0.505   0.605	  -0.000  -0.020	  -0.794   0.773
1L63 VA87I    -0.300 1P2L IA87V     0.300	  -0.568   0.727	  -5.960   1.020	   0.850  -0.750	   0.480  -0.470	  -0.963  -1.333	  -0.060   0.060	  -0.014  -0.004	  -0.110  -0.110	   0.057  -0.109
1L63 IA78V    -0.800 1P2R VA78I     0.800	  -1.046   1.459	  -3.960   3.060	  -1.290   1.230	  -0.930   0.890	  -1.212  -0.686	  -0.540   0.870	  -0.004  -0.004	  -0.670   0.750	   0.096  -0.085
1L63 IA100V   -0.400 1P36 VA100I    0.400	  -1.689   1.753	  -2.080   1.520	  -0.830   0.770	  -0.750   0.620	  -1.301  -0.926	   0.200   0.010	   0.073  -0.073	  -0.310   0.330	   0.068  -0.070
1L63 MA106I    0.200 1P46 IA106M   -0.200	  -1.109   0.662	  -4.090  -2.540	  -2.120  -0.660	   0.120  -0.810	  -1.800  -0.006	  -0.440   0.030	   0.314  -0.291	   0.490  -0.300	   0.577  -0.519
1L63 LA133F   -0.300 1P64 FA133L    0.300	  -0.332  -0.021	  -0.450  -3.240	   0.550  -0.920	   0.150  -1.150	  -1.699   0.574	  -0.320  -0.070	   0.034   0.026	   0.100  -0.730	   0.129  -0.036
1L63 MA120Y   -0.100 1P6Y YA120M    0.100	  -0.558   0.472	   0.140  -1.930	  -0.250   0.430	   0.030  -1.060	  -0.477  -1.893	  -0.140  -0.260	   0.384  -0.380	   0.920  -1.160	  -0.108   0.020
1L63 VA103I   -0.500 1P7S IA103V    0.500	  -0.688   0.705	  -4.770  -0.160	   0.060  -1.320	   0.450  -0.790	  -1.137  -1.443	  -0.060   0.060	  -0.081   0.083	  -0.740   0.760	  -0.149   0.150
1L63 AA98L    -4.300 1QS5 LA98A     4.300	  -0.874  -0.084	  -8.000  -6.620	  -8.000  -3.660	   0.610  -2.670	   0.061  -3.075	  -0.690   1.670	   0.083  -0.173	  -0.480  -0.120	  -0.690   0.678
1L63 AA98V    -3.200 1QS9 VA98A     3.200	  -0.728   0.233	  -8.000  -1.820	  -4.520  -1.710	   0.540  -1.800	  -0.553  -2.523	  -0.200   0.480	   0.303  -0.319	   0.580  -0.660	  -0.478   0.469
1L63 AA98C    -1.000 1QSB CA98A     1.000	  -1.279   1.253	  -8.000  -0.480	  -2.560  -0.140	   0.830  -1.260	  -1.597  -1.632	   0.630  -0.160	  -0.896   0.895	  -0.200   0.020	  -0.286   0.283
1L63 EA11H     0.100 1QT6 HA11E    -0.100	  -0.181   0.167	  -4.680  -2.880	   0.450  -0.630	   0.030  -0.050	  -0.062  -0.390	   0.500  -1.290	   0.127  -0.162	  -0.970   0.880	  -0.220   0.217
1L63 EA11N    -0.100 1QT7 NA11E     0.100	  -0.443   0.463	  -1.560  -0.720	   0.870  -2.430	  -0.160  -0.030	  -0.761  -0.452	  -0.250   0.060	  -0.292   0.304	  -0.100   0.210	  -0.295   0.330
1L63 AA42V    -2.700 1QTB VA42A     2.700	   0.178  -0.369	  -8.000  -0.710	  -3.920  -2.150	   1.010  -1.630	  -1.163  -1.816	   0.260  -0.420	   0.351  -0.379	  -0.380   0.730	   0.330  -0.360
1L63 AA129F   -1.200 1QTC FA129A    1.200	  -0.519   0.046	  -8.000  -5.590	  -5.470  -2.450	  -1.870  -1.690	  -1.261  -3.404	  -0.250   0.320	   0.277  -0.395	   1.330  -1.310	  -0.263   0.324
1L63 AA129W   -2.200 1QTD WA129A    2.200	  -0.601   0.366	  -8.000  -8.000	  -8.000  -3.560	  -6.340  -1.900	  -1.553  -3.816	  -0.200  -0.870	   0.206  -0.255	   1.670  -1.500	  -0.391   0.464
1L63 SA117F    1.100 1TLA FA117S   -1.100	   0.666  -0.971	   4.430  -8.000	  -4.920  -6.250	  -0.740  -3.720	  -1.113  -3.736	   1.870  -1.560	   2.271  -2.598	   1.190  -1.680	   1.240  -1.790
1L63 AA42S    -2.300 206L SA42A     2.300	  -1.119   1.001	  -7.410   6.880	  -0.980   0.430	  -0.560   0.110	  -0.896  -0.828	  -1.120   1.380	  -0.176   0.175	  -0.180   0.240	  -0.126   0.124
1L63 SA44E     0.001 217L EA44S    -0.001	  -0.023   0.012	   0.090  -0.440	   0.370  -0.200	   0.280  -0.110	  -0.218  -0.279	   0.590  -0.430	  -0.005   0.005	  -0.100   0.010	   0.143  -0.143
1L63 AA49S    -0.500 221L SA49A     0.500	  -0.842   0.855	  -2.140   2.200	  -0.330   0.340	   0.020  -0.660	  -0.182  -0.453	  -0.310   0.330	  -0.046   0.060	   0.030   0.160	  -0.110   0.119
1L63 AA93S    -0.200 224L SA93A     0.200	  -0.795   0.883	  -0.440   0.380	  -0.310   0.330	  -0.020   0.060	   0.381  -0.090	  -0.020   0.040	  -0.023   0.018	  -0.060  -0.040	  -0.165   0.164
1L63 MA6L     -2.800 230L LA6M      2.800	  -0.571   0.438	   0.830  -0.100	  -3.430  -0.770	  -0.360  -0.640	  -1.696  -1.124	  -0.470   0.140	   0.655  -0.555	   0.080   0.310	   0.258  -0.239
1L63 MA106K   -3.400 231L KA106M    3.400	  -1.561   1.652	  -8.000  -0.020	  -2.530   1.990	  -1.280   1.260	  -0.687   0.217	  -0.110   0.220	  -1.691   1.644	  -0.390   0.410	  -1.336   1.531
1L63 MA120K   -1.600 232L KA120M    1.600	  -1.343   1.301	  -0.860   0.890	  -0.720   1.110	  -1.040   1.640	  -0.493   0.249	  -0.600   0.060	  -1.348   1.183	   0.060   0.120	  -0.621   0.634
1L63 MA120L    0.500 233L LA120M   -0.500	  -0.831   0.770	   0.360  -3.220	   0.300  -0.260	   0.440  -0.170	  -0.413  -1.440	  -0.330   0.350	   0.232  -0.244	   0.010  -0.480	  -0.143   0.142
1L63 MA106L    0.500 234L LA106M   -0.500	  -1.151   0.487	   0.480  -2.540	  -0.510  -0.460	   0.000  -0.200	  -1.918   0.006	  -0.050   0.070	   0.321  -0.293	   0.370  -0.270	   0.262  -0.261
1L63 VA111A   -1.300 235L AA111V    1.300	  -1.983   1.902	  -6.200  -2.240	  -2.440   2.070	  -1.850   1.630	  -2.197  -0.903	  -0.300   0.210	  -1.490   1.401	  -1.440   1.520	  -1.095   0.984
1L63 VA87A    -1.700 236L AA87V     1.700	  -1.409   1.336	  -5.290   0.650	  -1.910   2.100	  -1.580   1.550	  -2.205  -0.643	  -0.610   0.430	  -1.093   1.007	  -1.650   1.510	  -0.763   0.635
1L63 VA149A   -3.200 237L AA149V    3.200	  -1.917   1.983	  -6.870   3.360	  -1.940   2.030	  -1.560   1.690	  -2.142   0.270	  -0.360  -0.400	  -1.050   0.870	  -1.500   1.660	  -0.951   0.772
1L63 VA103A   -2.200 238L AA103V    2.200	  -1.384   1.504	  -6.090   1.900	  -1.880   1.500	  -1.650   1.660	  -2.354  -0.803	  -0.290   0.280	  -0.956   0.938	  -1.100   1.290	  -0.888   0.864
1L63 IA17A    -2.700 239L AA17I     2.700	  -1.826   1.913	  -8.000   4.820	  -2.540   2.440	  -2.170   2.340	  -2.138   1.052	  -1.530   0.960	  -0.498   0.469	  -1.980   2.160	  -0.024  -0.023
1L63 IA27A    -3.100 240L AA27I     3.100	  -2.611   2.444	  -8.000   0.510	  -3.090   1.930	  -2.620   1.740	  -3.664   0.275	  -0.820   0.780	  -3.018   2.825	  -2.720   2.820	  -2.909   2.525
1L63 IA29A    -2.600 241L AA29I     2.600	  -3.436   3.204	  -4.340  -5.500	  -2.640  -2.870	  -2.760   2.190	  -2.412   0.818	  -0.320   0.240	  -1.898   1.717	  -1.970   1.640	  -2.215   1.777
1L63 IA50A    -2.000 242L AA50I     2.000	  -1.325   1.185	  -5.390  -0.000	  -2.210   1.910	  -2.200   1.870	  -1.554  -0.586	  -0.430  -0.420	  -0.292   0.217	  -1.350   1.390	  -0.621   0.508
1L63 IA58A    -3.200 243L AA58I     3.200	  -1.761   1.391	  -8.000  -0.430	  -3.840   1.870	  -2.300   2.310	  -1.873  -0.363	  -1.160   1.100	  -2.256   2.147	  -1.410   1.450	  -2.090   1.865
1L63 IA100A   -3.400 244L AA100I    3.400	  -2.510   1.978	  -7.970   2.420	  -2.930   1.830	  -2.360   2.290	  -3.618   0.154	  -0.320   0.520	  -2.227   2.067	  -1.800   2.020	  -2.013   1.678
1L63 MA6A     -1.900 245L AA6M      1.900	  -1.186   1.093	  -2.720  -7.160	  -2.910  -0.810	  -2.090   1.740	  -2.502   0.302	  -1.280   0.280	  -1.301   1.236	  -1.620   1.110	  -1.050   0.910
1L63 FA67A    -1.900 246L AA67F     1.900	  -1.576   1.533	  -8.000  -5.900	  -4.640  -3.770	  -3.000   2.020	  -2.282  -1.080	  -1.540   0.780	  -2.384   2.185	  -2.200   2.280	  -1.861   1.501
1L63 LA84A    -2.600 247L AA84L     2.600	  -2.036   1.834	  -8.000  -2.070	  -3.920   3.760	  -2.360   2.210	  -3.528  -0.053	  -2.760   2.150	  -1.022   0.672	  -2.350   2.840	  -1.032   0.567
1L63 DA20A    -0.300 253L AA20D     0.300	  -0.375   0.043	  -5.070   1.060	  -1.450   1.260	  -1.530   1.490	  -0.871  -0.619	   0.140   0.700	  -0.439   0.496	  -0.280  -0.040	  -0.311   0.332
1L63 DA20S     0.700 254L SA20D    -0.700	  -0.411   0.279	  -2.930   1.000	  -2.850  -0.280	  -1.080  -1.560	  -0.736   0.083	   0.260  -0.130	  -0.417   0.460	  -0.340   0.070	  -0.191   0.194
1L63 DA20N     1.300 255L NA20D    -1.300	   0.114  -0.217	   0.590  -0.520	   0.650  -0.580	   0.060  -0.740	  -0.909  -0.367	   0.190   0.100	  -0.161   0.160	  -0.140  -0.010	  -0.206   0.205
1L63 VA111I   -0.900 2L78 IA111V    0.900	  -0.943  -0.161	  -6.110  -1.520	  -1.240  -1.320	   0.570  -0.740	  -0.563  -1.889	   0.260  -0.380	   0.287  -0.292	  -1.230   1.750	   0.327  -0.332
1LZ1 VA74S    -0.400 1B7S SA74V     0.400	  -0.120   0.920	  -2.770  -1.510	   0.110  -0.900	  -1.190   0.450	  -0.715  -0.749	   0.430   0.150	  -0.132   0.147	  -0.350   0.080	   0.004   0.212
1LZ1 VA2G     -2.290 1GAY GA2V      2.290	  -0.899   0.442	  -7.300   4.960	  -0.380   0.260	  -1.740   1.670	  -1.222  -1.129	  -0.530   0.750	  -0.624   0.491	  -0.970   0.880	  -1.165   1.148
1LZ1 VA2L     -0.050 1GB0 LA2V      0.050	  -0.868   0.155	  -0.300   0.390	   0.220  -0.130	   0.260  -0.320	  -0.584   0.767	  -0.360   0.460	  -0.113   0.123	  -0.150  -0.070	  -0.160   0.160
1LZ1 VA2M     -0.200 1GB2 MA2V      0.200	  -0.439   0.447	  -3.040   2.730	  -0.110   0.410	  -0.310   0.590	  -0.855  -0.423	  -0.290   0.290	  -0.123   0.099	  -0.420   0.070	  -0.155   0.155
1LZ1 VA2F     -0.800 1GB3 FA2V      0.800	  -0.869   0.541	  -2.170   1.440	   0.160  -0.050	  -0.770   0.310	  -0.832  -0.281	  -0.160   0.120	  -0.136   0.101	   0.340  -0.730	  -0.317   0.293
1LZ1 VA74G    -0.100 1GB5 GA74V     0.100	  -0.438   0.790	  -5.320  -2.370	   0.050  -0.340	  -1.990   1.550	  -1.196  -1.508	  -0.760   0.030	  -0.254   0.374	  -0.590  -0.000	   0.265   0.171
1LZ1 VA74I     0.450 1GB6 IA74V    -0.450	   0.206   0.468	  -0.680  -0.530	   0.420  -0.460	   0.540  -0.370	  -0.664   0.060	   0.120   0.180	   0.013  -0.010	   0.020  -0.350	  -0.031   0.052
1LZ1 VA74L     0.190 1GB7 LA74V    -0.190	  -0.159   1.041	  -1.230   0.390	   1.610  -0.290	   0.480  -0.600	  -0.576   0.065	   0.080   0.620	   0.022  -0.016	  -0.240  -0.130	  -0.071   0.085
1LZ1 VA74M     0.650 1GB8 MA74V    -0.650	  -0.193   0.783	  -2.850   0.350	  -0.270  -0.810	  -0.050   0.220	  -0.442  -0.198	  -0.270   0.660	   0.070  -0.032	  -0.180   0.050	   0.162  -0.145
1LZ1 VA74F    -0.290 1GB9 FA74V     0.290	  -0.424   0.729	  -1.320   0.930	   1.120  -1.250	   0.020   0.340	  -1.024   0.056	  -0.170   0.600	   0.134  -0.135	   0.010  -0.170	   0.021  -0.096
1LZ1 VA110G    0.480 1GBO GA110V   -0.480	  -0.094  -0.050	  -1.060   1.770	   0.390   0.230	  -1.500   1.350	  -0.816  -1.223	  -0.300   0.370	  -0.909   0.956	  -0.300   0.310	  -0.979   1.071
1LZ1 VA110I    0.860 1GBW IA110V   -0.860	  -0.077   0.122	  -0.670  -0.580	   0.140  -0.370	   0.390  -0.310	  -0.722   0.182	  -0.280   0.130	  -0.047   0.047	   0.210  -0.560	  -0.126   0.130
1LZ1 VA110L    0.100 1GBX LA110V   -0.100	  -0.265   0.324	   1.390   0.070	   0.480  -0.630	   0.290  -0.050	  -0.491   0.852	  -0.170  -0.020	  -0.074   0.065	   0.160  -0.280	  -0.186   0.197
1LZ1 VA110M    0.400 1GBY MA110V   -0.400	   0.143   0.516	  -0.440   0.230	   0.550  -0.680	  -0.420   0.940	  -0.435   0.063	  -0.080   0.250	  -0.045   0.031	  -0.140   0.110	  -0.117   0.110
1LZ1 VA110F   -0.050 1GBZ FA110V    0.050	  -0.058   1.097	   1.040   0.330	   0.500  -0.870	  -1.640   1.330	  -0.658   0.889	  -0.290   0.280	  -0.011   0.002	   0.180  -0.400	  -0.314   0.311
1LZ1 VA2S     -1.400 1GF8 SA2V      1.400	  -0.696   0.723	  -4.220   1.260	  -0.670   0.310	  -1.040   1.220	  -0.722  -0.555	  -0.350   0.450	  -0.462   0.433	  -0.670   0.950	  -0.502   0.503
1LZ1 VA2Y     -0.400 1GF9 YA2V      0.400	  -0.440   0.540	  -1.140   1.650	   0.000   0.080	  -0.190  -0.070	  -0.649   0.491	  -0.070   0.160	  -0.103   0.062	   0.170  -0.560	  -0.311   0.305
1LZ1 VA2D     -1.400 1GFA DA2V      1.400	  -0.695   0.116	  -4.030   3.420	  -0.170  -0.360	  -1.180   1.370	   0.167  -0.214	  -0.700   0.790	  -0.489   0.358	  -0.520   0.410	  -0.558   0.598
1LZ1 VA2N     -1.300 1GFE NA2V      1.300	  -0.536   0.748	  -3.370   3.150	   0.240  -1.670	  -0.350  -0.150	  -0.240  -0.573	  -0.340   0.380	  -0.444   0.380	  -0.630   0.670	  -0.532   0.536
1LZ1 VA2R     -0.400 1GFG RA2V      0.400	  -0.459   0.478	  -1.520   1.670	   0.290  -0.250	   0.430   0.430	  -0.079   0.328	  -0.060   0.340	  -0.304   0.157	  -0.710   0.690	  -0.241   0.238
1LZ1 VA74Y    -0.300 1GFH YA74V     0.300	   0.725   0.487	  -1.110  -0.950	   1.000  -0.550	   0.300   0.130	  -0.650   1.040	  -0.080   0.560	   0.288  -0.207	  -0.010  -0.240	   0.186  -0.201
1LZ1 VA74D    -0.400 1GFJ DA74V     0.400	  -0.272   0.944	  -4.660  -2.500	   0.550  -1.400	  -1.160   0.740	  -0.035  -0.669	   0.510   0.380	  -0.186   0.166	  -0.530   0.160	  -0.125   0.286
1LZ1 VA74N    -0.300 1GFK NA74V     0.300	  -0.354   0.799	  -2.460  -2.300	   0.400  -0.560	  -0.450   0.540	  -0.204  -0.558	   0.030   0.130	  -0.076   0.080	  -0.550   0.120	  -0.129   0.214
1LZ1 VA74R    -0.100 1GFR RA74V     0.100	   0.250   0.502	  -3.220   2.250	   0.700  -0.220	   0.390   0.450	  -0.256   0.339	   0.120   0.400	   0.113  -0.034	  -0.100  -0.110	   0.215  -0.180
1LZ1 VA110Y   -0.100 1GFT YA110V    0.100	   0.050   0.002	  -1.490  -0.670	   0.380  -0.960	  -0.560   1.510	  -0.477   0.882	  -0.260   0.070	   0.055  -0.033	   0.220  -0.220	  -0.123   0.114
1LZ1 VA110D    0.200 1GFU DA110V   -0.200	   0.163  -0.096	   0.800   0.130	   1.120  -1.400	  -0.840   1.030	  -0.103  -0.422	   0.710  -0.430	  -0.736   0.607	  -0.220   0.280	  -0.306   0.310
1LZ1 VA110N    0.100 1GFV NA110V   -0.100	   0.146  -0.273	   0.420   0.210	   0.590  -0.270	  -0.470   0.760	  -0.369  -0.227	   0.220   0.080	  -0.631   0.471	  -0.260   0.340	  -0.283   0.375
1LZ1 CA77A    -4.600 1HNL AA77C     4.600	  -0.641  -0.147	  -0.310  -0.920	  -3.760  -2.270	  -0.820   0.070	  -2.130  -0.002	  -2.470   0.860	  -2.750   2.318	  -0.920   0.580	  -2.656   2.525
1LZ1 VA110R    0.900 1INU RA110V   -0.900	   0.286  -0.334	  -0.520  -1.750	   0.200  -0.710	  -0.340   0.450	  -0.022   0.366	   0.000   0.020	  -0.386   0.133	  -0.160   0.050	  -0.096   0.125
1LZ1 VA110P    0.500 1LHH PA110V   -0.500	   0.429  -0.391	   0.840  -0.900	   1.970  -2.280	  -0.320   0.160	  -0.258  -0.265	   1.060  -1.130	  -0.484   0.460	   0.070  -0.150	  -0.399   0.365
1LZ1 PA71G    -1.600 1LHI GA71P     1.600	  -0.718   0.168	  -5.460  -8.000	  -1.170  -7.800	  -1.200  -0.380	  -0.507  -0.302	  -1.160   0.120	  -0.200   0.146	  -0.210  -0.050	  -0.288   0.277
1LZ1 PA103G   -0.100 1LHJ GA103P    0.100	  -0.869  -0.145	  -4.000   5.440	  -1.590   0.450	  -1.200   1.090	  -0.234  -0.315	  -0.950   0.680	  -0.066   0.048	  -0.240   0.100	  -0.288   0.295
1LZ1 DA91P    -0.400 1LHK PA91D     0.400	  -0.006  -0.090	  -7.000   0.340	   0.970  -1.620	   0.710  -0.640	   0.268  -1.098	  -0.480  -0.090	  -0.226   0.284	   0.310  -0.200	  -0.266   0.275
1LZ1 AA47P     0.100 1LHL PA47A    -0.100	   0.217  -0.216	   3.540  -4.310	   1.000  -2.000	   0.820  -0.830	  -0.290  -0.159	   0.660  -0.770	  -0.001  -0.002	   0.550  -0.650	   0.180  -0.183
1LZ1 IA56T    -3.600 1OUA TA56I     3.600	  -2.759   2.688	  -8.000   7.010	  -3.680   2.230	  -1.980   1.950	  -3.394  -0.797	  -0.570   0.610	  -2.705   2.772	  -0.880   1.120	  -2.841   2.985
1LZ1 VA100A   -0.300 1OUB AA100V    0.300	  -1.178  -0.047	  -3.850  -3.130	  -2.520  -2.280	  -2.020   1.370	  -2.361   0.205	   0.600  -0.320	  -1.497   1.428	  -0.750   0.770	  -1.404   1.359
1LZ1 VA110A    0.500 1OUC AA110V   -0.500	   0.157   0.170	   1.380  -0.050	   0.330  -0.350	  -0.890   0.830	  -0.094  -1.300	   0.330   0.040	  -0.406   0.425	  -0.210   0.230	  -0.278   0.247
1LZ1 VA121A   -1.400 1OUD AA121V    1.400	  -0.774   1.441	  -4.630   1.570	  -1.290   0.710	  -1.420   1.350	  -1.940  -0.770	   0.040  -0.520	  -0.690   0.641	  -0.850   0.760	  -0.500   0.476
1LZ1 VA125A   -1.300 1OUE AA125V    1.300	  -1.385   1.163	  -6.480  -0.990	  -2.060  -0.080	  -1.480   1.320	  -1.955  -0.686	   0.620   0.130	  -0.922   0.993	  -0.550   0.660	  -0.838   0.828
1LZ1 VA130A   -0.800 1OUF AA130V    0.800	  -0.727   0.036	  -1.730  -1.330	  -1.580  -0.530	  -1.750   1.030	   0.114  -0.684	  -0.240   0.120	  -0.282   0.172	  -0.010   0.270	  -0.401   0.177
1LZ1 VA2A     -1.500 1OUG AA2V      1.500	  -0.694   0.187	  -4.320   3.720	  -0.540  -0.350	  -1.060   0.950	  -0.570  -0.709	  -0.770   0.640	  -0.385   0.348	  -0.990   0.810	  -0.452   0.451
1LZ1 VA74A    -0.400 1OUH AA74V     0.400	  -0.183   0.825	  -1.750   2.410	   0.490  -0.440	  -1.220   0.710	  -1.124  -1.152	   0.130   0.700	  -0.141   0.199	  -0.490   0.180	   0.109   0.143
1LZ1 VA93A    -0.700 1OUI AA93V     0.700	  -1.644   1.473	  -4.770  -0.360	  -2.010   0.800	  -1.720   1.610	  -2.097  -0.811	   0.510  -0.190	  -1.957   1.889	  -0.380   0.460	  -1.585   1.496
1LZ1 VA99A    -1.000 1OUJ AA99V     1.000	  -0.907   0.887	  -6.770  -4.760	  -2.280   1.000	  -2.240   2.160	  -2.142  -0.271	   0.560  -0.320	  -2.053   1.893	  -0.790   0.880	  -1.830   1.473
1LZ1 YA124F   -0.400 1WQM FA124Y    0.400	  -0.792   1.170	  -1.740   1.400	  -0.260  -0.060	  -0.140   0.310	  -0.569  -0.144	  -0.310   0.520	  -0.225   0.206	   0.180  -0.140	  -0.255   0.216
1LZ1 YA20F    -0.500 1WQN FA20Y     0.500	  -0.762   0.920	  -2.530   0.060	  -0.510  -0.170	   0.170  -1.630	  -0.902  -0.258	  -0.320   0.240	  -0.015   0.011	   0.190  -0.230	   0.146  -0.146
1LZ1 YA38F    -0.200 1WQO FA38Y     0.200	  -0.428   1.476	  -0.240  -0.600	   0.500  -0.440	  -0.250  -0.980	  -0.704  -0.098	  -0.210   0.220	   0.284  -0.277	  -0.120   0.030	   0.285  -0.288
1LZ1 YA45F     0.100 1WQP FA45Y    -0.100	  -0.470   0.526	   0.350   0.370	   0.770  -0.160	  -0.460  -0.320	  -0.589  -0.520	   0.040  -0.090	  -0.228   0.240	   0.060   0.010	  -0.248   0.258
1LZ1 YA54F    -1.000 1WQQ FA54Y     1.000	  -3.330   3.460	  -2.350  -0.500	  -0.790   0.440	  -0.300   0.410	  -0.858   0.093	  -0.620   0.570	  -0.570   0.563	  -0.130  -0.040	  -0.572   0.536
1LZ1 YA63F    -0.200 1WQR FA63Y     0.200	  -0.564   0.602	  -2.600   0.650	   0.040  -0.080	   1.020   0.990	  -0.452  -0.365	  -0.250   0.200	  -0.167   0.183	   0.190  -0.090	  -0.223   0.224
1LZ1 IA106V   -0.700 1YAM VA106I    0.700	   0.006   1.137	  -3.040   1.870	  -1.570   1.310	  -1.140   1.110	  -1.586  -0.664	   0.140  -0.330	  -0.337   0.321	  -1.260   1.370	  -0.341   0.337
1LZ1 IA23V    -0.400 1YAN VA23I     0.400	  -0.146   0.680	  -2.590  -0.030	  -1.390   1.030	  -0.930   0.480	  -1.420  -0.949	   0.240  -0.050	  -0.115   0.116	  -0.020   0.090	  -0.013   0.005
1LZ1 IA56V    -1.200 1YAO VA56I     1.200	  -2.285   2.398	  -4.170   2.360	  -1.370   1.480	  -0.920   0.930	  -1.123  -0.943	   0.020  -0.180	  -0.969   0.961	  -0.540   0.650	  -1.018   1.002
1LZ1 IA59V    -1.100 1YAP VA59I     1.100	  -1.268   0.426	  -3.920   2.010	  -1.220  -0.430	  -0.640   0.730	  -2.110  -0.743	  -0.510  -0.100	  -1.177   1.164	  -0.880   0.840	  -1.082   1.075
1LZ1 IA89V    -0.500 1YAQ VA89I     0.500	  -1.767   0.809	  -3.690   0.410	  -1.720   0.740	  -0.800   0.800	  -1.886  -0.875	  -0.050  -0.120	  -1.073   1.062	  -0.810   1.130	  -0.925   0.914
1LZ1 IA106A   -0.900 2HEA AA106I    0.900	  -0.505   1.217	  -6.050   1.990	  -3.450   0.720	  -3.190   2.080	  -2.464   1.264	   0.110   0.200	  -1.592   1.332	  -1.840   2.020	  -1.720   1.336
1LZ1 IA23A    -2.500 2HEB AA23I     2.500	  -1.489   1.496	  -8.000  -8.000	  -3.390   2.470	  -2.630   2.390	  -2.196  -0.502	  -1.040   0.850	  -0.969   0.838	  -1.000   0.810	  -1.157   1.034
1LZ1 IA56A    -3.700 2HEC AA56I     3.700	  -2.376   3.117	  -8.000   8.170	  -3.470   3.380	  -2.620   2.560	  -3.374  -0.567	  -0.610   0.160	  -2.949   2.719	  -2.000   2.220	  -2.899   2.689
1LZ1 IA59A    -1.700 2HED AA59I     1.700	  -2.730   2.683	  -8.000   4.360	  -2.900   0.740	  -2.200   2.530	  -2.652  -0.269	  -1.410   1.290	  -3.260   2.892	  -2.190   2.420	  -3.377   2.872
1LZ1 IA59G    -3.800 2HEE GA59I     3.800	  -3.242   2.692	  -8.000  10.870	  -4.340   1.850	  -3.090   3.250	  -3.810  -0.087	  -1.540   1.080	  -4.562   3.782	  -1.870   1.970	  -4.947   4.180
1LZ1 IA89A    -2.700 2HEF AA89I     2.700	  -2.247   1.594	  -8.000   2.570	  -3.440   2.550	  -2.480   2.340	  -2.397  -0.653	  -0.730   0.630	  -2.687   2.307	  -1.840   2.070	  -2.581   2.121
1OH0 YA57F    -1.200 1DMM FA57Y     1.200	   0.211  -0.108	  -2.100   0.460	  -1.380   0.020	   0.160  -1.510	  -0.292  -0.147	   0.280  -0.480	   0.157  -0.187	   0.090  -0.080	   0.213  -0.226
1OH0 YA32F     0.200 1DMQ FA32Y    -0.200	   0.100  -0.101	   0.170  -2.080	  -0.460   0.140	   0.050   0.390	  -1.725  -2.345	   0.580  -0.840	   0.300  -0.307	   0.370  -0.210	   0.305  -0.304
1RN1 QC25K     0.930 1RGC KA25Q    -0.930	   0.161  -0.301	  -0.110  -0.900	   0.370  -0.200	   0.470   0.390	   0.048   0.006	  -0.270   0.260	  -0.354   0.342	  -0.060   0.020	   0.138  -0.138
1VQB IA47L    -0.400 1VQG LA47I     0.400	  -0.523   0.469	  -3.550   1.860	   0.490  -0.470	  -0.030  -0.040	  -0.630  -0.658	  -0.760   0.460	  -0.178   0.145	  -1.100   1.040	  -0.224   0.208
1VQB IA47M    -1.700 1VQH MA47I     1.700	  -1.294   0.965	  -7.100  -1.900	   0.400  -0.870	  -0.370  -0.040	  -0.301  -0.491	  -1.160   0.870	  -1.027   0.995	  -0.810   0.570	  -0.693   0.667
1VQB IA47V    -2.000 1VQI VA47I     2.000	  -0.280   0.448	  -2.020   0.270	  -1.420   0.740	  -0.720   0.730	  -0.940  -0.485	   0.250  -0.180	  -0.356   0.321	  -0.430   0.430	  -0.380   0.382
1VQB VA35I    -0.600 1VQJ IA35V     0.600	  -0.526   0.212	  -1.990  -1.090	   0.650  -0.880	   0.700  -0.700	  -0.233  -1.044	  -0.030  -0.120	  -0.037   0.013	   0.420  -0.330	  -0.103   0.088
1VQB YA41F    -3.200 1YHB FA41Y     3.200	  -0.881  -0.054	  -0.620   0.420	   0.080   0.000	   0.100   1.350	  -0.132   0.013	  -0.160   0.230	   0.019  -0.018	  -0.020   0.060	   0.292  -0.305
2LZM IA3L      0.700 149L LA3I     -0.700	  -0.814   0.507	  -4.770  -2.310	   0.190  -1.010	  -0.100   0.200	  -1.087  -0.640	  -0.040   0.220	   0.045  -0.048	   0.150  -0.340	   0.137  -0.138
2LZM MA6I     -1.400 150L IA6M      1.400	  -0.461   0.568	  -4.510  -6.280	  -4.000  -0.530	  -0.660  -0.040	  -1.939  -1.030	  -0.370   0.510	   0.283  -0.231	  -0.080  -0.350	  -0.162   0.155
2LZM IA3C      1.200 172L CA3I     -1.200	  -1.765   1.583	  -5.670   8.850	  -2.560  -0.870	  -1.350   1.900	  -1.798  -1.512	  -0.390  -0.100	  -0.772   0.691	  -1.950   1.500	  -0.399   0.380
2LZM VA131D    0.100 1DYA DA131V   -0.100	  -0.776   0.727	  -0.580   0.390	   0.020  -0.030	  -0.950   1.090	  -0.116   0.159	   0.430  -0.360	  -0.557   0.514	  -0.320   0.190	  -0.134   0.150
2LZM VA131G   -0.700 1DYB GA131V    0.700	  -1.147   0.973	  -3.750   3.570	  -0.450   0.260	  -1.630   1.830	  -0.563  -1.440	  -0.230  -0.270	  -0.808   0.966	  -0.380   0.330	  -0.835   0.845
2LZM VA131I    0.200 1DYC IA131V   -0.200	  -0.733   0.776	   0.330  -0.360	   0.760  -0.480	   0.540  -0.380	  -0.615   0.069	   0.070   0.110	   0.014  -0.015	   0.110  -0.090	  -0.092   0.090
2LZM VA131L    0.100 1DYD LA131V   -0.100	  -0.644   0.674	  -0.320  -0.600	   0.610  -0.480	   0.450  -0.400	  -0.423   0.840	   0.130  -0.150	  -0.011   0.007	   0.030  -0.070	  -0.171   0.170
2LZM VA131S   -0.100 1DYE SA131V    0.100	  -0.850   0.738	  -1.840   1.560	  -0.470   0.240	  -0.900   0.370	  -0.050  -0.023	   0.430  -0.500	  -0.419   0.360	  -0.490   0.410	  -0.179   0.199
2LZM VA131M    0.100 1DYF MA131V   -0.100	  -0.644   0.723	  -1.640   0.560	   0.540  -0.720	  -0.360   0.640	  -0.227  -0.437	   0.090  -0.030	  -0.009   0.010	  -0.310   0.100	  -0.045   0.056
2LZM VA131E    0.200 1DYG EA131V   -0.200	  -0.630   0.527	  -0.480   0.450	   0.400  -0.160	  -0.610   0.880	   0.027   0.014	   0.910  -0.710	  -0.513   0.441	  -0.150   0.050	  -0.033   0.049
2LZM QA105A   -0.600 1L00 AA105Q    0.600	  -0.965   0.560	  -4.960   3.110	  -0.500  -0.450	  -0.120  -0.200	  -0.048  -0.222	   0.060   0.120	  -0.267   0.221	  -0.300   0.210	  -0.353   0.321
2LZM TA157A   -0.500 1L02 AA157T    0.500	  -1.966   1.454	  -2.790   4.770	  -1.930   0.810	  -0.560   0.030	  -1.563  -1.035	  -1.050   1.390	  -0.062   0.064	  -0.030   0.170	  -0.212   0.212
2LZM TA157C   -1.300 1L03 CA157T    1.300	  -1.068   0.735	  -3.360   2.310	  -1.920  -0.070	   0.260  -0.600	  -0.385  -0.050	  -0.140   0.280	  -0.065   0.051	  -0.140   0.240	  -0.142   0.131
2LZM TA157D   -1.100 1L04 DA157T    1.100	  -0.678   0.469	  -0.800  -1.320	  -1.760  -1.270	  -0.540   1.620	  -0.548  -0.297	  -0.110  -0.100	  -0.072   0.053	  -0.090   0.100	  -0.118   0.120
2LZM TA157E   -0.800 1L06 EA157T    0.800	  -0.829   0.832	  -2.280   3.180	  -2.050   0.750	  -0.130   0.370	  -0.429  -0.446	  -1.320   1.110	  -0.074   0.045	   0.210  -0.070	  -0.071   0.077
2LZM TA157F   -2.400 1L07 FA157T    2.400	  -1.239   0.781	  -2.710   2.320	  -1.190  -0.160	  -0.490   0.350	  -2.011   1.090	  -1.050   0.810	   0.034  -0.041	   0.770  -0.620	  -0.241   0.230
2LZM TA157G   -1.100 1L08 GA157T    1.100	  -0.810   0.552	  -3.720   3.820	  -2.190  -0.270	  -1.210   1.340	  -1.449  -1.406	  -1.240   0.890	  -0.161   0.112	  -0.420   0.830	  -0.370   0.148
2LZM TA157H   -2.100 1L09 HA157T    2.100	  -0.695   0.926	  -2.400   5.220	  -1.370   0.460	  -0.250  -0.050	  -1.627   0.855	  -0.720   0.570	  -0.008   0.002	  -0.140   0.120	  -0.325   0.319
2LZM TA157I   -1.500 1L10 IA157T    1.500	  -1.558   1.306	  -1.240   2.240	  -1.230   0.290	   0.150  -0.770	  -0.476   0.296	  -0.810   0.870	   0.033  -0.043	   0.400  -0.190	  -0.197   0.209
2LZM TA157L   -1.700 1L11 LA157T    1.700	  -1.161   1.053	  -0.750   0.490	  -1.780  -0.570	   0.800  -1.080	  -0.436   0.973	  -1.300   1.150	   0.016  -0.028	   0.390  -0.320	  -0.174   0.172
2LZM TA157N   -1.200 1L12 NA157T    1.200	  -0.491  -0.043	  -1.280  -0.850	  -1.200  -0.450	  -0.010  -0.040	  -0.563   0.094	  -0.180   0.040	  -0.030   0.027	  -0.020   0.080	  -0.157   0.155
2LZM TA157R    0.300 1L13 RA157T   -0.300	  -0.567   0.466	  -0.010   3.950	  -0.730   0.550	   0.940  -1.280	  -0.211  -0.315	  -1.000   1.070	   0.033  -0.028	   0.300  -0.190	   0.246  -0.248
2LZM TA157S   -0.700 1L14 SA157T    0.700	  -0.643   0.672	  -1.750   0.280	  -0.190   0.540	  -0.270  -0.010	  -0.731  -1.267	   0.040  -0.080	  -0.052   0.063	  -0.060   0.200	  -0.163   0.164
2LZM TA157V   -1.200 1L15 VA157T    1.200	  -1.654   1.105	  -1.060   1.080	  -1.340   0.220	   0.100  -0.390	  -0.285  -0.197	  -0.910   0.880	   0.021  -0.022	   0.160  -0.090	  -0.181   0.180
2LZM GA156D   -2.300 1L16 DA156G    2.300	  -0.761   0.615	  -8.000   1.580	  -8.000   3.960	  -1.030  -0.070	  -1.919   0.184	  -1.520   1.580	  -0.113   0.062	   0.550  -0.250	  -0.386   0.365
2LZM IA3V     -0.400 1L17 VA3I      0.400	  -0.925   1.256	  -0.220   0.120	  -1.390   1.080	  -0.760   0.830	  -1.856  -0.802	   0.110   0.020	  -0.178   0.145	  -0.720   0.210	  -0.300   0.273
2LZM IA3Y     -2.300 1L18 YA3I      2.300	  -0.783   0.820	  -8.000  -6.320	  -2.450  -1.000	  -1.500   0.310	  -2.221  -2.076	   0.070  -1.040	  -0.189   0.118	  -0.240  -0.490	  -0.290   0.249
2LZM SA38D     0.600 1L19 DA38S    -0.600	  -0.109   0.112	   2.820  -5.190	   3.450  -2.740	   0.580   0.230	   0.342  -0.035	  -0.100   0.160	  -0.156   0.135	   0.150  -0.030	  -0.123   0.122
2LZM NA144D    0.400 1L20 DA144N   -0.400	  -0.404   0.384	   0.090  -0.440	   2.430  -1.560	   0.380   0.460	   0.264  -0.369	   0.280  -0.300	  -0.050   0.041	  -0.050  -0.030	  -0.047   0.044
2LZM NA55G    -0.600 1L21 GA55N     0.600	  -0.541   0.407	  -1.710   1.120	   1.050  -2.450	  -0.640   0.420	   0.051  -0.696	  -0.570   0.830	   0.031  -0.060	  -0.010   0.060	   0.481  -0.480
2LZM KA124G   -0.100 1L22 GA124K    0.100	  -0.476   0.399	  -1.090   0.400	  -0.130  -0.050	  -1.100   1.370	  -1.150  -1.159	   1.660  -1.880	   0.386  -0.478	  -0.700   0.950	   0.658  -0.609
2LZM GA77A     0.400 1L23 AA77G    -0.400	   0.629  -0.671	  -0.540  -4.750	   1.180  -1.130	   0.630  -0.670	  -0.035  -1.430	   1.410  -0.510	   1.090  -1.085	   0.040  -0.340	   0.657  -0.731
2LZM AA82P     0.800 1L24 PA82A    -0.800	   0.250  -0.183	   3.150  -3.220	   1.300  -1.080	   0.590  -0.540	  -0.118  -0.177	   0.890  -1.320	  -0.024   0.015	   0.330  -0.250	   0.139  -0.143
2LZM VA131A    0.300 1L33 AA131V   -0.300	  -0.517   0.414	  -0.850   0.050	   0.260  -1.030	  -0.920   0.900	   0.326  -0.929	   0.540  -0.380	  -0.308   0.359	  -0.590   0.610	   0.231  -0.230
2LZM TA115E    0.300 1L37 EA115T   -0.300	  -0.296   0.267	   1.160  -1.920	   0.220   0.030	  -0.260   0.210	   0.340  -0.345	   0.180  -0.140	  -0.213   0.197	   0.030   0.100	  -0.276   0.265
2LZM QA123E    0.400 1L38 EA123Q   -0.400	  -0.470   0.562	  -1.210   0.490	   0.300   0.790	   0.900  -0.260	  -0.358  -0.841	  -0.080   0.090	  -0.186   0.201	   0.080   0.000	  -0.133   0.138
2LZM KA16E     0.500 1L42 EA16K    -0.500	  -0.547   0.647	  -0.060   0.120	  -0.080   0.260	   0.440   0.270	  -0.360  -0.251	  -0.030  -0.030	   0.097  -0.075	  -0.010   0.140	  -0.142   0.144
2LZM RA119E   -0.040 1L44 EA119R    0.040	  -0.604   0.685	   0.400  -0.730	   0.310   0.230	  -0.180   0.520	  -0.299  -0.148	   0.180  -0.170	  -0.452   0.382	   0.180  -0.480	  -0.364   0.378
2LZM KA135E   -1.000 1L45 EA135K    1.000	  -0.368   0.357	  -1.220   0.690	  -1.710   1.000	   0.670   0.100	   0.032   1.100	  -0.320   0.270	   0.106  -0.059	  -0.210   0.070	  -0.149   0.151
2LZM KA147E   -0.700 1L46 EA147K    0.700	  -0.377   0.453	  -1.140  -0.410	   0.550  -0.640	   0.250   0.190	  -0.438  -0.883	   0.020   0.020	   0.137  -0.123	  -0.010   0.030	  -0.144   0.144
2LZM RA154E   -1.100 1L47 EA154R    1.100	  -1.319   1.312	  -5.100   3.560	  -0.140   0.550	  -0.030   0.620	  -0.217  -0.845	  -0.150   0.280	  -0.202   0.163	  -0.000  -0.010	  -0.250   0.249
2LZM AA98V    -4.900 1L48 VA98A     4.900	  -0.449   0.462	  -8.000  -1.170	  -5.620  -1.880	   0.750  -1.860	  -0.546  -2.023	  -1.280   1.210	   0.325  -0.326	  -0.140   0.120	  -0.474   0.467
2LZM TA152S   -2.600 1L52 SA152T    2.600	  -1.010   0.998	  -4.700   3.220	  -1.220   0.390	  -1.110  -0.250	  -2.165  -1.263	   0.270  -0.120	  -0.326   0.321	  -0.570   0.450	  -0.271   0.267
2LZM VA149C   -2.200 1L53 CA149V    2.200	  -2.504   2.406	  -6.780   5.570	  -2.030   1.990	  -0.270  -0.260	  -2.160  -1.292	   0.050  -0.280	  -0.710   0.661	  -1.570   1.490	  -0.223   0.218
2LZM KA60P    -0.001 1L56 PA60K     0.001	   0.013   0.015	   0.310  -0.990	   0.650  -1.660	   0.940  -0.450	   0.100  -0.482	   0.700  -0.770	  -0.177   0.175	   0.060  -0.010	  -0.151   0.092
2LZM NA116D    0.600 1L57 DA116N   -0.600	  -0.543   0.528	   0.360  -0.510	   0.730  -0.040	  -0.180   0.390	  -0.081   0.264	   0.340  -0.490	  -0.190   0.203	   0.670  -0.250	  -0.256   0.256
2LZM GA113A    0.300 1L60 AA113G   -0.300	   0.025  -0.087	   3.000  -3.350	   0.270  -0.350	   0.750  -0.750	  -0.123  -0.340	  -0.220  -0.260	   0.145  -0.124	   0.450  -0.300	  -0.269   0.267
2LZM LA133A   -4.200 1L69 AA133L    4.200	  -1.436   1.303	  -8.000   7.590	  -3.320   0.990	  -2.190   1.990	  -2.294   0.805	  -0.780   0.790	  -2.093   1.781	  -2.310   1.730	  -2.001   1.534
2LZM IA3P     -3.000 1L96 PA3I      3.000	  -1.834   1.668	  -8.000   3.480	  -0.800   0.090	  -1.450   1.310	  -1.280  -0.378	  -0.090  -0.040	  -1.501   1.258	  -0.900   0.530	  -2.092   1.958
2LZM QA105E   -1.100 1L98 EA105Q    1.100	  -1.122   0.981	  -2.970  -0.670	  -0.100  -0.560	   0.180  -0.480	  -0.348  -1.006	  -0.220   0.250	  -0.405   0.397	   0.080  -0.020	  -0.086   0.114
2LZM QA105G   -1.500 1L99 GA105Q    1.500	  -1.669   1.177	  -8.000   7.300	  -1.810   0.700	  -0.760   0.340	  -1.542   0.029	  -0.230   0.580	  -0.807   0.569	  -0.040  -0.230	  -0.779   0.758
2LZM RA96K    -0.001 3C7W KA96R     0.001	  -1.390   1.259	  -3.260   1.590	  -1.360  -0.920	  -1.680   1.000	  -1.490  -0.131	  -0.050   0.330	  -0.690   0.755	   0.240  -0.100	  -0.604   0.538
2LZM RA96A    -2.000 3C7Y AA96R     2.000	  -0.983   0.807	  -4.110   2.440	  -1.740   1.340	  -2.910   1.960	  -1.076  -0.858	   0.290   0.880	  -0.572   0.756	  -0.220   0.260	  -0.666   0.603
2LZM RA96Y    -4.700 3C80 YA96R     4.700	  -0.936   0.088	  -6.100  -4.440	  -8.000  -0.490	  -4.460  -1.670	  -0.709  -1.137	  -0.570  -0.080	   1.080  -1.102	   0.720  -0.810	   0.471  -0.329
2LZM KA85A    -0.600 3C81 AA85K     0.600	  -0.261   0.259	   4.850  -6.970	  -1.050   1.110	  -0.600   0.780	  -0.133  -0.934	  -0.030  -0.360	   0.312  -0.417	  -0.900   0.890	  -0.128   0.126
2LZM DA89A    -0.500 3C83 AA89D     0.500	   0.016   0.029	  -2.470   0.680	   0.360  -0.450	  -0.120  -0.110	  -0.121  -0.443	   0.000  -0.170	   0.457  -0.522	  -0.060  -0.070	   0.215  -0.228
2LZM RA96D    -3.500 3C8Q DA96R     3.500	  -1.881   1.770	  -8.000   4.490	  -4.100   5.630	  -3.130   1.930	  -0.289   0.126	  -0.650   1.110	  -1.093   1.383	  -0.110   0.160	  -1.113   1.079
2LZM RA96G    -2.600 3C8R GA96R     2.600	  -2.024   2.039	  -8.000   7.900	  -3.230   3.540	  -3.830   2.250	  -1.863  -0.992	  -0.360   0.360	  -1.352   1.802	  -0.500   0.720	  -1.762   1.463
2LZM RA96E    -2.500 3C8S EA96R     2.500	  -1.428   1.530	  -8.000   5.880	  -1.830   3.470	  -2.270   1.520	  -0.351  -1.115	  -0.110   0.120	  -0.860   0.941	   0.020  -0.050	  -0.727   0.651
2LZM RA96V    -2.400 3CDO VA96R     2.400	  -0.865   0.497	  -3.060  -0.330	  -3.000  -0.740	  -2.420   0.780	  -0.573  -1.162	  -0.350   0.370	   0.241  -0.283	  -0.250   0.460	  -0.274   0.272
2LZM RA96S    -2.600 3CDQ SA96R     2.600	  -1.699   1.614	  -7.900   6.010	  -2.150   1.520	  -2.960   1.210	  -1.663  -0.155	  -0.800   1.030	  -0.818   1.005	  -0.210   0.380	  -0.996   0.862
2LZM RA96Q    -0.300 3CDR QA96R     0.300	  -1.039   1.045	  -1.230  -0.020	  -1.300   2.030	  -2.010   1.110	  -0.744  -0.438	   0.230   0.140	  -0.322   0.358	   0.060   0.120	  -0.416   0.373
2LZM RA96N    -3.000 3CDT NA96R     3.000	  -1.490   1.150	  -6.890   5.120	  -1.900   0.690	  -2.860   1.160	  -0.683  -0.113	  -0.760   0.370	  -0.664   0.898	  -0.450   0.560	  -0.777   0.841
2LZM RA96M    -2.700 3CDV MA96R     2.700	  -0.586   0.705	  -3.470   1.880	  -0.830   0.910	  -1.100   0.890	  -0.949  -1.182	   0.130   0.210	   0.341  -0.390	   0.110  -0.120	  -0.117   0.112
2LZM RA96H    -3.100 3F8V HA96R     3.100	  -1.999   0.996	  -6.470   3.090	  -7.990   0.850	  -5.540  -0.020	  -1.424  -0.360	  -0.440   0.290	   0.015  -0.028	  -0.400   0.710	  -0.310   0.343
2LZM RA96W    -4.500 3FI5 WA96R     4.500	  -1.053   0.330	  -3.700  -2.380	  -8.000  -1.520	  -2.170   0.340	  -0.719  -2.166	  -0.330   0.470	   0.760  -0.916	   0.020   0.140	   0.330  -0.486
2RN2 GA77A    -0.900 1GOB AA77G     0.900	   0.713  -0.644	  -1.570  -5.900	  -2.660  -2.060	   0.430  -0.690	   0.363  -1.496	   1.650  -1.210	   1.280  -1.271	   0.090  -0.380	   0.725  -0.737
2RN2 DA134A    2.100 1KVA AA134D   -2.100	   0.332  -0.272	   3.250  -3.400	   1.250  -1.780	  -0.500   0.550	   1.414  -1.421	   0.440  -1.050	  -0.309   0.360	   0.050  -0.030	  -0.346   0.339
2RN2 DA134H    2.300 1KVB HA134D   -2.300	  -0.114   0.102	   2.350  -4.630	   1.060  -2.180	  -0.780   0.240	   0.029  -0.963	   0.190  -0.120	   0.126  -0.156	   0.070   0.050	  -0.121   0.120
2RN2 DA134N    1.000 1KVC NA134D   -1.000	  -0.268   0.363	  -0.080  -3.650	   1.550  -3.450	   0.160  -0.360	   0.519  -0.806	   0.210  -0.320	  -0.036   0.069	   0.270   0.030	  -0.198   0.196
2RN2 VA74L     0.190 1LAV LA74V    -0.190	   0.222  -0.172	  -0.050  -2.090	   1.330  -1.340	   0.810  -0.730	   0.046   0.722	   0.280  -0.320	  -0.095   0.060	   1.260  -1.310	  -0.157   0.155
2RN2 VA74I     0.450 1LAW IA74V    -0.450	  -0.053  -0.114	   1.430  -2.520	   0.570  -0.780	   0.690  -0.610	   0.006  -0.184	   0.280  -0.190	   0.022  -0.034	   0.740  -0.730	  -0.102   0.116
2RN2 HA62P     1.100 1RBR PA62H    -1.100	   0.851  -0.936	   0.460  -1.740	   0.300  -1.450	   1.270  -1.280	   1.571  -0.033	   0.350  -0.410	  -0.192   0.271	   0.700  -0.660	   0.154  -0.154
2RN2 HA62A     0.400 1RBS AA62H    -0.400	   0.001   0.049	  -1.600   0.080	  -0.330   0.090	   0.610  -0.270	   1.326  -0.970	  -0.220   0.210	  -0.166   0.238	   0.160  -0.310	   0.128  -0.129
2RN2 KA95G     1.900 1RBT GA95K    -1.900	  -0.091  -0.056	   0.840  -3.080	   0.910  -3.350	  -0.650   1.040	  -0.265  -0.558	   1.390  -1.520	   0.051  -0.076	   0.000   0.070	   0.253  -0.294
2RN2 KA95N     0.900 1RBU NA95K    -0.900	   0.047  -0.134	   1.220  -1.320	   0.990  -0.050	   0.250   0.690	   0.332  -0.272	   0.410  -0.440	   0.114  -0.089	   0.020  -0.020	  -0.146   0.146
2RN2 KA95A     0.100 1RBV AA95K    -0.100	  -0.201   0.408	  -1.330   1.290	  -0.450   0.520	  -0.010   0.700	  -0.039  -0.368	  -0.850   0.520	   0.072  -0.085	  -0.140   0.220	  -0.157   0.155
2RN2 DA10N     0.900 1RDA NA10D    -0.900	  -0.341   0.138	   3.050  -4.310	   1.960  -2.420	   0.330   0.420	   1.209  -1.136	   0.750  -0.800	  -0.208   0.215	   0.070  -0.040	  -0.221   0.221
2RN2 EA48Q     0.200 1RDB QA48E    -0.200	  -0.440  -0.011	   2.630  -4.820	  -0.230  -0.290	  -0.360  -0.200	   0.101  -0.325	   0.300  -0.350	   0.530  -0.524	  -0.090  -0.040	  -0.165   0.170
2RN2 DA70N     0.900 1RDC NA70D    -0.900	   0.043  -0.188	  -1.410  -5.510	   1.040  -1.910	   0.320  -0.380	   0.729  -0.773	   0.360  -0.210	  -0.203   0.249	  -0.190   0.280	  -0.241   0.234
2RN2 AA52I     1.900 3AA2 IA52A    -1.900	   1.204  -1.147	   5.610  -8.000	   1.840  -3.350	   2.300  -2.480	   1.048  -2.937	   0.360  -0.150	   2.530  -2.739	   2.030  -2.460	   2.283  -2.604
2RN2 AA52L     1.300 3AA3 LA52A    -1.300	   0.830  -0.706	   4.670  -8.000	   3.180  -3.340	   2.040  -2.220	   0.946  -2.699	   0.560  -0.510	   2.209  -2.459	   1.990  -1.640	   1.642  -2.064
2RN2 AA52V     1.700 3AA4 VA52A    -1.700	   0.277  -0.182	   6.010  -6.930	   2.000  -2.300	   1.670  -1.720	   0.676  -2.031	   0.170  -0.280	   2.100  -2.300	   1.710  -1.850	   1.461  -1.827
2RN2 AA52F    -0.500 3AA5 FX52A     0.500	   0.425  -1.475	   1.320  -6.200	  -2.810  -3.840	   0.410  -2.690	  -0.538  -1.970	   0.100   0.330	   1.697  -2.020	   2.410  -2.500	   0.898  -1.480
4LYZ GA117A   -1.460 1FLQ AA117G    1.460	  -0.800   0.426	  -3.950   3.340	  -3.590   0.900	   0.220  -0.220	  -0.572  -0.310	  -1.370   1.260	  -0.041   0.037	  -0.040   0.210	  -0.381   0.354
4LYZ GA67A    -0.500 1FLU AA67G     0.500	  -0.317   0.299	  -1.790   1.930	  -3.020   1.750	   0.120  -0.550	  -0.306  -0.591	  -0.900   0.980	  -0.048   0.079	  -0.240   0.040	  -0.281   0.290
4LYZ GA71A    -0.380 1FLW AA71G     0.380	  -0.032   0.287	   2.310   0.360	  -0.050   0.970	   0.150  -0.590	  -0.448  -0.565	  -0.390   1.170	   0.145  -0.065	   0.060  -0.160	  -0.232   0.223
4LYZ GA102A    0.020 1FLY AA102G   -0.020	  -1.027  -0.321	  -6.030  -1.550	  -2.830  -0.610	   0.250  -0.670	  -0.222  -0.344	  -0.030  -0.740	   0.131  -0.071	   0.260  -0.300	   0.296  -0.248
4LYZ GA49A    -1.900 1FN5 AA49G     1.900	   0.010   0.160	  -3.770   4.080	  -2.230   2.650	   0.150  -0.390	  -0.624  -0.400	  -0.650   1.930	  -0.520   0.427	   0.160  -0.200	  -0.541   0.529
4LYZ SA91T     1.000 1HEM TA91S    -1.000	  -0.322   0.317	   0.910  -4.080	  -0.240  -0.900	   0.740  -0.540	  -0.246  -1.570	  -0.210  -0.190	   0.373  -0.366	  -0.230  -0.200	   0.297  -0.299
4LYZ IA55V    -0.900 1HEO VA55I     0.900	  -1.991   2.931	  -1.750   2.470	   1.370   0.890	  -0.670   0.870	  -1.080  -0.546	   0.000  -0.070	  -0.977   1.001	  -0.100   0.290	  -1.036   1.029
4LYZ TA40S    -0.300 1HER SA40T     0.300	  -0.578   0.696	  -1.190  -1.570	   0.370  -0.800	  -0.770  -0.240	  -1.214  -0.404	   0.000  -0.190	  -1.151   1.027	  -0.160   0.300	  -0.931   0.828
4LYZ MA12F     0.500 1IOS FA12M    -0.500	   0.362  -0.242	   3.930  -5.300	  -0.620  -0.950	   0.390  -0.910	  -1.311  -1.061	   0.290  -0.140	   0.342  -0.456	   0.090  -0.160	  -0.161   0.157
4LYZ MA12L    -0.400 1IOT LA12M     0.400	   0.557  -0.426	  -0.610  -4.010	  -1.250   0.290	   0.470  -0.330	  -1.851  -1.462	   0.600  -0.600	   1.306  -1.185	   0.230  -0.090	   0.913  -0.746
4LYZ IA78M    -0.900 1IR7 MA78I     0.900	  -0.592   1.528	  -2.520  -1.850	   0.360  -1.630	  -0.390   0.690	  -0.056  -0.343	  -1.480   1.040	  -0.354   0.407	  -0.540   0.530	  -0.345   0.367
4LYZ IA58M    -1.200 1IR8 MA58I     1.200	  -2.366   2.127	  -8.000   3.810	   0.020  -2.290	  -0.150   0.370	  -1.087  -0.583	  -0.210   0.600	  -1.544   1.577	   0.030   0.410	  -1.443   1.510
4LYZ IA98M    -0.900 1IR9 MA98I     0.900	  -0.597   0.795	  -1.960   0.430	   0.470  -0.070	  -0.130  -0.070	  -0.192  -1.813	  -0.120   0.330	  -1.373   1.316	   0.150  -0.150	  -1.153   1.160
4LYZ SA91A    -1.800 1LSN AA91S     1.800	   0.740  -0.894	   2.320  -3.840	   1.310  -0.380	   0.230  -0.130	  -0.417  -1.328	   1.330  -0.790	   0.222  -0.187	  -0.740   0.270	  -0.144   0.123
5PTI YA23A    -5.900 1BPT AA23Y     5.900	  -2.601   2.000	  -8.000   4.560	  -1.420   1.760	  -3.570  -1.850	  -3.856  -0.725	  -1.030   0.690	  -3.658   3.384	  -2.630   2.770	  -3.108   2.190
5PTI FA22A    -1.200 1BTI AA22F     1.200	  -1.657   1.634	  -6.230   1.970	  -3.570   0.340	  -3.130   1.480	  -3.008  -0.671	  -0.600   0.320	  -2.459   2.458	  -2.850   2.850	  -1.802   1.447
5PTI FA45A    -6.900 1FAN AA45F     6.900	  -1.999   1.282	  -8.000   8.980	  -3.250   3.390	  -3.350   2.100	  -3.223  -0.875	  -1.410   1.180	  -4.192   3.331	  -1.870   2.120	  -3.440   2.607
5PTI NA43G    -5.700 1NAG GA43N     5.700	  -1.219   0.996	  -8.000   3.240	  -2.020  -0.610	  -3.000   1.960	  -3.047  -0.560	  -0.150  -0.350	  -1.756   1.347	  -0.580   0.170	  -1.786   1.418
5PTI YA35G    -5.000 8PTI GA35Y     5.000	  -2.470  -0.313	  -8.000  -0.560	  -3.030  -2.380	  -4.040   0.810	  -3.944  -0.546	   0.220  -1.220	  -3.980   2.972	  -1.770   2.000	  -3.816   2.394
