SYM
             S     D     T   TP  avg  err   FP   TN  avg  err   FN    P     N   SEN   SPE   PPV   NPV   ACC  accn  RMSE   MAE   PCC    Sc    Ob1   Ob2  MCC     AUC_R   AUC_P   THROC    Sen     Spe     BMCC    TH     Sen     Spe
KORPM      352   352   704  272  1.6  0.9   73  279 -1.6  0.9   80   345   359 0.773 0.793 0.788 0.777 0.783 0.783 1.390 1.014 0.703  63.6  35.7   0.7  0.57    0.862   0.858  -0.036   0.790   0.784   0.575  -0.128   0.818   0.756
Cartddg    352   352   704  205  1.5  1.7   42  310 -1.5  2.9  147   247   457 0.582 0.881 0.830 0.678 0.732 0.732 3.471 2.672 0.630  51.8  41.2   7.0  0.49    0.818   0.830  -0.879   0.719   0.793   0.513  -0.879   0.719   0.793
FoldX      352   352   704  174  1.6  0.9   82  270 -1.5  1.0  178   256   448 0.494 0.767 0.680 0.603 0.631 0.631 1.888 1.324 0.437  56.8  38.2   5.0  0.27    0.672   0.712  -0.095   0.568   0.673   0.315   0.314   0.335   0.920
Evo        352   352   704  213  1.5  0.9  104  248 -1.6  0.9  139   317   387 0.605 0.705 0.672 0.641 0.655 0.655 1.648 1.180 0.555  61.2  35.8   3.0  0.31    0.741   0.759  -0.106   0.668   0.670   0.352   0.565   0.392   0.909
PopMs      352   352   704  234  1.5  1.1  100  252 -1.6  1.1  118   334   370 0.665 0.716 0.701 0.681 0.690 0.690 1.661 1.198 0.543  56.2  42.8   1.0  0.38    0.756   0.736   0.012   0.659   0.716   0.385   0.239   0.494   0.864
Dynamut    352   352   704   76  1.7  1.3   38  314 -1.5  0.9  276   114   590 0.216 0.892 0.667 0.532 0.554 0.554 1.976 1.441 0.391  52.1  40.5   7.4  0.15    0.623   0.618  -0.690   0.625   0.520   0.238  -1.848   0.943   0.222
DDGun3D    352   352   704  235  1.6  1.0  112  240 -1.6  0.9  117   347   357 0.668 0.682 0.677 0.672 0.675 0.675 1.523 1.104 0.642  60.5  38.6   0.9  0.35    0.753   0.757  -0.042   0.739   0.625   0.366  -0.042   0.739   0.625
TherNet    352   352   704  230  1.6  1.1  104  248 -1.5  1.0  122   334   370 0.653 0.705 0.689 0.670 0.679 0.679 1.633 1.152 0.548  57.5  41.6   0.9  0.36    0.749   0.746   0.056   0.605   0.767   0.377   0.056   0.605   0.767
ACDCNN     352   352   704  248  1.6  1.0  103  249 -1.6  1.0  104   351   353 0.705 0.707 0.707 0.705 0.706 0.706 1.464 1.057 0.697  60.4  39.6   0.0  0.41    0.803   0.809   0.073   0.688   0.744   0.433  -0.110   0.756   0.676
REVERSE
             S     D     T   TP  avg  err   FP   TN  avg  err   FN    P     N   SEN   SPE   PPV   NPV   ACC  accn  RMSE   MAE   PCC    Sc    Ob1   Ob2  MCC     AUC_R   AUC_P   THROC    Sen     Spe     BMCC    TH     Sen     Spe
KORPM      261    91   352  235  1.7  1.0   51   40 -0.8  0.5   26   286    66 0.900 0.440 0.822 0.606 0.781 0.670 1.438 1.047 0.511  60.8  38.6   0.6  0.38    0.794   0.915   0.609   0.686   0.758   0.402   0.733   0.613   0.846
Cartddg    264    88   352  154  1.8  1.8   21   67 -0.8  2.7  110   175   177 0.583 0.761 0.880 0.379 0.628 0.672 3.575 2.652 0.442  46.0  42.3  11.6  0.30    0.749   0.905  -0.286   0.629   0.739   0.365   0.505   0.504   0.909
FoldX      264    88   352  131  1.9  1.0   15   73 -0.7  0.9  133   146   206 0.496 0.830 0.897 0.354 0.580 0.663 2.236 1.578 0.419  51.4  39.5   9.1  0.29    0.701   0.884  -0.095   0.542   0.784   0.330   0.178   0.458   0.909
Evo        264    88   352  159  1.8  1.1   38   50 -0.7  0.6  105   197   155 0.602 0.568 0.807 0.323 0.594 0.585 1.842 1.315 0.329  56.5  38.6   4.8  0.15    0.656   0.865   0.253   0.538   0.682   0.274   1.159   0.265   0.989
PopMs      261    91   352  180  1.8  1.2   30   61 -0.7  0.6   81   210   142 0.690 0.670 0.857 0.430 0.685 0.680 1.678 1.204 0.489  55.1  43.8   1.1  0.32    0.751   0.899   0.001   0.690   0.670   0.346   0.259   0.510   0.879
Dynamut    264    88   352   47  2.1  1.8   21   67 -0.7  0.7  217    68   284 0.178 0.761 0.691 0.236 0.324 0.470 2.475 1.934 0.075  38.9  47.2  13.9 -0.07    0.438   0.729  -0.920   0.659   0.284   0.108   0.858   0.045   1.000
DDGun3D    264    88   352  192  1.7  1.1   43   45 -0.8  0.6   72   235   117 0.727 0.511 0.817 0.385 0.673 0.619 1.557 1.123 0.533  59.4  39.8   0.9  0.22    0.708   0.892   0.024   0.701   0.591   0.352   0.496   0.413   0.966
TherNet    261    91   352  175  1.9  1.2   32   59 -0.7  0.5   86   207   145 0.670 0.648 0.845 0.407 0.665 0.659 1.646 1.159 0.451  56.8  42.3   0.9  0.28    0.722   0.882   0.062   0.628   0.769   0.349   0.062   0.628   0.769
ACDCNN     261    91   352  208  1.7  1.1   51   40 -0.6  0.4   53   259    93 0.797 0.440 0.803 0.430 0.705 0.618 1.491 1.076 0.597  59.4  40.6   0.0  0.23    0.756   0.907   0.177   0.651   0.736   0.384   0.449   0.418   0.989
DIRECT 
DIRECT 
             S     D     T   TP  avg  err   FP   TN  avg  err   FN    P     N   SEN   SPE   PPV   NPV   ACC  accn  RMSE   MAE   PCC    Sc    Ob1   Ob2  MCC     AUC_R   AUC_P   THROC    Sen     Spe     BMCC    TH     Sen     Spe
KORPM       91   261   352   37  0.7  0.4   22  239 -1.7  1.0   54    59   293 0.407 0.916 0.627 0.816 0.784 0.661 1.341 0.980 0.587  66.5  32.7   0.9  0.38    0.814   0.547  -0.672   0.791   0.716   0.468  -0.333   0.637   0.843
Cartddg     88   264   352   51  0.7  1.3   21  243 -1.7  3.0   37    72   280 0.580 0.920 0.708 0.868 0.835 0.750 3.365 2.692 0.658  57.7  40.1   2.3  0.54    0.843   0.641  -0.855   0.739   0.860   0.591  -0.575   0.716   0.886
FoldX       88   264   352   43  0.8  0.6   67  197 -1.7  1.0   45   110   242 0.489 0.746 0.391 0.814 0.682 0.617 1.460 1.071 0.591  62.2  36.9   0.9  0.22    0.704   0.384  -0.060   0.614   0.670   0.314  -0.757   0.977   0.341
Evo         88   264   352   54  0.7  0.5   66  198 -1.9  1.0   34   120   232 0.614 0.750 0.450 0.853 0.716 0.682 1.428 1.045 0.581  65.9  33.0   1.1  0.33    0.757   0.488  -0.119   0.659   0.723   0.343  -0.119   0.659   0.723
PopMs       91   261   352   57  0.7  0.6   71  190 -1.8  1.3   34   128   224 0.626 0.728 0.445 0.848 0.702 0.677 1.608 1.174 0.531  57.7  41.2   1.1  0.32    0.742   0.438  -0.136   0.758   0.621   0.353   0.253   0.462   0.870
Dynamut     88   264   352   29  0.9  0.6   17  247 -1.7  0.9   59    46   306 0.330 0.936 0.630 0.807 0.784 0.633 1.296 0.947 0.621  65.3  33.8   0.9  0.34    0.795   0.549  -0.414   0.739   0.750   0.438  -0.414   0.739   0.750
DDGun3D     88   264   352   44  0.8  0.6   68  196 -1.7  1.0   44   112   240 0.500 0.742 0.393 0.817 0.682 0.621 1.489 1.086 0.580  61.6  37.5   0.9  0.23    0.707   0.384  -0.108   0.670   0.625   0.312  -0.393   0.886   0.462
TherNet     91   261   352   55  0.8  0.5   72  189 -1.8  1.2   36   127   225 0.604 0.724 0.433 0.840 0.693 0.664 1.619 1.144 0.471  58.2  40.9   0.9  0.30    0.717   0.418  -0.010   0.626   0.709   0.328  -0.340   0.901   0.460
ACDCNN      91   261   352   40  0.7  0.4   52  209 -1.8  1.1   51    92   260 0.440 0.801 0.435 0.804 0.707 0.620 1.437 1.038 0.620  61.4  38.6   0.0  0.24    0.757   0.459  -0.175   0.725   0.648   0.386  -0.320   0.934   0.494
