SYM
              #     S     D     T   TP  avg  err   FP   TN  avg  err   FN   NC    P     N    TPR   FPR   SPE   PPV   NPV   ACC   ERR  accn  RMSE   MAE    PCC    Sc   Ob1   Ob2   MCC #   AUC_R   AUC_P   THROC    TPR     FPR     BMCC    TH      TPR     FPR
KORPM   X   684   342   342   684  264  1.5  0.9   72  270 -1.5  0.8   78    0   336   348 0.772 0.211 0.789 0.786 0.776 0.781 0.219 0.781 1.324 0.959  0.696  64.3  34.9   0.7  0.56 #   0.858   0.854  -0.056   0.807   0.222   0.585  -0.056   0.807   0.222
Cartddg X   684   342   342   684  197  1.4  1.6   43  299 -1.5  2.9  145    0   240   444 0.576 0.126 0.874 0.821 0.673 0.725 0.275 0.725 3.438 2.633  0.633  52.3  41.1   6.6  0.47 #   0.809   0.815  -0.859   0.713   0.208   0.507  -0.859   0.713   0.208
FoldX   X   684   342   342   684  188  1.4  0.8   77  265 -1.5  1.0  154    0   265   419 0.550 0.225 0.775 0.709 0.632 0.662 0.338 0.662 1.862 1.286  0.537  60.1  34.5   5.4  0.33 #   0.736   0.748  -0.258   0.635   0.292   0.371   0.151   0.526   0.173
Evo     X   684   342   342   684  209  1.4  0.8  102  240 -1.5  0.9  133    0   311   373 0.611 0.298 0.702 0.672 0.643 0.656 0.344 0.656 1.562 1.123  0.543  61.7  34.9   3.4  0.31 #   0.741   0.753  -0.106   0.681   0.325   0.359   0.248   0.535   0.190
PopMs   X   684   342   342   684  229  1.4  1.0  100  242 -1.5  1.1  113    0   329   355 0.670 0.292 0.708 0.696 0.682 0.689 0.311 0.689 1.581 1.147  0.521  56.6  42.4   1.0  0.38 #   0.755   0.738   0.001   0.670   0.292   0.404   0.262   0.488   0.117
Dynamut X   684   342   342   684   72  1.5  1.2   40  302 -1.4  0.8  270    0   112   572 0.211 0.117 0.883 0.643 0.528 0.547 0.453 0.547 1.879 1.368  0.380  54.4  38.2   7.5  0.13 #   0.624   0.616  -0.701   0.629   0.474   0.238  -1.848   0.944   0.781
DDGun3D X   684   342   342   684  233  1.4  0.9  105  237 -1.4  0.9  109    0   338   346 0.681 0.307 0.693 0.689 0.685 0.687 0.313 0.687 1.434 1.039  0.627  61.8  37.4   0.7  0.37 #   0.753   0.756  -0.006   0.696   0.316   0.380   0.011   0.673   0.292
TherNet X   684   342   342   684  223  1.5  1.0  102  240 -1.5  1.0  119    0   325   359 0.652 0.298 0.702 0.686 0.669 0.677 0.323 0.677 1.531 1.093  0.551  58.2  40.9   0.9  0.35 #   0.745   0.742   0.002   0.652   0.298   0.375   0.063   0.588   0.219
REVERSE
              #     S     D     T   TP  avg  err   FP   TN  avg  err   FN   NC    P     N    TPR   FPR   SPE   PPV   NPV   ACC   ERR  accn  RMSE   MAE    PCC    Sc   Ob1   Ob2   MCC #   AUC_R   AUC_P   THROC    TPR     FPR     BMCC    TH      TPR     FPR
KORPM   X   342   253    89   342  227  1.6  0.9   49   40 -0.7  0.5   26    0   276    66 0.897 0.551 0.449 0.822 0.606 0.781 0.219 0.673 1.364 0.986  0.506  62.0  37.4   0.6  0.39 #   0.796   0.914   0.529   0.684   0.202   0.425   0.529   0.684   0.202
Cartddg X   342   253    89   342  148  1.7  1.7   21   68 -0.7  2.6  105    0   169   173 0.585 0.236 0.764 0.876 0.393 0.632 0.368 0.675 3.552 2.604  0.448  46.8  41.8  11.4  0.31 #   0.740   0.890  -0.345   0.644   0.258   0.384   0.565   0.506   0.079
FoldX   X   342   253    89   342  124  1.8  0.9   16   73 -0.7  0.9  129    0   140   202 0.490 0.180 0.820 0.886 0.361 0.576 0.424 0.655 2.179 1.511  0.381  52.0  38.9   9.1  0.28 #   0.691   0.875  -0.190   0.573   0.236   0.332   0.151   0.466   0.101
Evo     X   342   253    89   342  154  1.7  1.0   39   50 -0.6  0.6   99    0   193   149 0.609 0.438 0.562 0.798 0.336 0.596 0.404 0.585 1.745 1.250  0.312  57.0  37.7   5.3  0.15 #   0.653   0.853   0.246   0.549   0.315   0.248   1.124   0.261   0.034
PopMs   X   342   253    89   342  174  1.7  1.2   30   59 -0.7  0.6   79    0   204   138 0.688 0.337 0.663 0.853 0.428 0.681 0.319 0.675 1.600 1.156  0.471  55.6  43.6   0.9  0.31 #   0.752   0.897   0.040   0.652   0.292   0.346   0.262   0.498   0.112
Dynamut X   342   253    89   342   44  1.9  1.6   22   67 -0.7  0.6  209    0    66   276 0.174 0.247 0.753 0.667 0.243 0.325 0.675 0.463 2.371 1.848  0.045  41.5  44.4  14.0 -0.08 #   0.439   0.724  -0.925   0.660   0.697   0.118   0.853   0.051   0.000
DDGun3D X   342   253    89   342  187  1.6  1.0   42   47 -0.7  0.6   66    0   229   113 0.739 0.472 0.528 0.817 0.416 0.684 0.316 0.634 1.452 1.052  0.529  60.8  38.6   0.6  0.25 #   0.707   0.885   0.072   0.644   0.315   0.331   0.515   0.391   0.045
TherNet X   342   253    89   342  170  1.8  1.2   32   57 -0.7  0.5   83    0   202   140 0.672 0.360 0.640 0.842 0.407 0.664 0.336 0.656 1.535 1.095  0.467  57.6  41.5   0.9  0.28 #   0.719   0.879   0.056   0.640   0.236   0.356   0.056   0.640   0.236
DIRECT 
              #     S     D     T   TP  avg  err   FP   TN  avg  err   FN   NC    P     N    TPR   FPR   SPE   PPV   NPV   ACC   ERR  accn  RMSE   MAE    PCC    Sc   Ob1   Ob2   MCC #   AUC_R   AUC_P   THROC    TPR     FPR     BMCC    TH      TPR     FPR
KORPM   X   342    89   253   342   37  0.7  0.5   23  230 -1.6  0.9   52    0    60   282 0.416 0.091 0.909 0.617 0.816 0.781 0.219 0.662 1.283 0.932  0.575  66.7  32.5   0.9  0.37 #   0.809   0.541  -0.501   0.753   0.237   0.468  -0.501   0.753   0.237
Cartddg X   342    89   253   342   50  0.7  1.3   21  232 -1.7  3.0   39    0    71   271 0.562 0.083 0.917 0.704 0.856 0.825 0.175 0.739 3.321 2.661  0.675  57.9  40.4   1.8  0.52 #   0.843   0.643  -1.710   0.820   0.233   0.567  -0.743   0.719   0.134
FoldX   X   342    89   253   342   64  0.7  0.6   61  192 -1.9  1.1   25    0   125   217 0.719 0.241 0.759 0.512 0.885 0.749 0.251 0.739 1.479 1.060  0.647  68.1  30.1   1.8  0.44 #   0.805   0.588   0.130   0.708   0.198   0.476   0.175   0.697   0.190
Evo     X   342    89   253   342   55  0.6  0.5   63  190 -1.7  0.9   34    0   118   224 0.618 0.249 0.751 0.466 0.848 0.716 0.284 0.684 1.355 0.995  0.570  66.4  32.2   1.5  0.34 #   0.762   0.500  -0.119   0.674   0.269   0.368   0.226   0.517   0.154
PopMs   X   342    89   253   342   55  0.7  0.5   70  183 -1.7  1.2   34    0   125   217 0.618 0.277 0.723 0.440 0.843 0.696 0.304 0.671 1.561 1.138  0.479  57.6  41.2   1.2  0.31 #   0.740   0.439  -0.107   0.742   0.360   0.370   0.263   0.461   0.119
Dynamut X   342    89   253   342   28  0.9  0.6   18  235 -1.6  0.9   61    0    46   296 0.315 0.071 0.929 0.609 0.794 0.769 0.231 0.622 1.200 0.887  0.629  67.3  31.9   0.9  0.31 #   0.796   0.552  -0.447   0.764   0.277   0.439  -0.282   0.629   0.174
DDGun3D X   342    89   253   342   46  0.7  0.5   63  190 -1.6  0.9   43    0   109   233 0.517 0.249 0.751 0.422 0.815 0.690 0.310 0.634 1.416 1.026  0.552  62.9  36.3   0.9  0.25 #   0.710   0.399  -0.101   0.697   0.360   0.324  -0.434   0.910   0.557
TherNet X   342    89   253   342   53  0.7  0.5   70  183 -1.7  1.1   36    0   123   219 0.596 0.277 0.723 0.431 0.836 0.690 0.310 0.659 1.528 1.091  0.464  58.8  40.4   0.9  0.29 #   0.710   0.411  -0.010   0.618   0.292   0.330  -0.346   0.910   0.549
