   0.255  -0.716
   0.155  -0.179
   0.175  -0.234
  -0.310   0.150
   0.032  -0.037
  -0.561   0.536
  -0.606   0.537
  -0.032  -0.151
  -1.032   0.726
  -1.963   1.951
  -3.259   2.966
  -1.780   1.698
  -0.488   0.483
   0.211  -0.214
  -1.038   1.037
  -0.268   0.293
   0.201  -0.200
   0.347  -0.124
   0.027   0.004
  -0.141   0.128
   0.144  -0.138
  -0.294   0.281
   0.982  -0.990
   0.466  -0.458
  -0.442   0.437
  -0.313   0.313
  -0.058   0.041
  -0.171   0.171
  -0.536   0.536
  -0.624   0.623
   0.139  -0.215
  -0.416   0.432
   0.663  -0.707
   0.301  -0.264
  -0.790   0.657
   1.230  -1.426
  -0.329   0.308
  -0.182   0.182
  -0.207   0.209
  -0.205   0.203
   0.134  -0.135
   0.240  -0.267
   0.168  -0.169
   0.277  -0.302
   0.368  -0.379
  -0.141   0.321
  -0.141  -0.188
  -2.861   3.081
  -0.531   0.420
  -0.264   0.255
  -0.476   0.443
  -0.904   0.951
   0.136  -0.131
   0.317  -0.334
   0.175  -0.175
   0.140  -0.157
   0.030  -0.028
   0.154  -0.152
   0.184  -0.189
   0.165  -0.167
   0.110  -0.125
  -0.347   0.349
  -0.162   0.161
  -0.118   0.105
  -0.087   0.072
  -0.141   0.142
  -0.841   0.848
  -0.907   0.901
  -0.611   0.510
  -0.807   0.804
  -0.130  -0.002
  -2.018   1.970
  -0.669   0.662
  -0.166   0.166
  -0.164   0.163
  -0.498   0.503
  -2.140   1.643
  -0.757   0.662
  -0.412   0.419
  -1.018   1.021
   0.114  -0.112
  -0.520   0.506
  -0.401   0.534
  -0.288   0.265
   0.157  -0.160
  -1.600   1.278
  -1.096   1.085
   0.144  -0.146
  -0.358   0.339
  -1.398   1.252
  -0.286   0.284
  -0.234   0.218
  -0.258   0.267
   0.145  -0.159
   0.376  -0.394
   0.739  -0.734
  -2.226   1.308
   0.349  -0.334
  -1.934   1.764
   0.237  -0.239
  -0.216   0.225
   0.154  -0.152
   0.210  -0.201
  -0.256   0.261
  -0.035   0.035
  -0.269   0.286
  -0.125  -0.021
  -0.170   0.165
  -0.908   0.490
   0.064  -0.074
   0.181  -0.190
   0.224  -0.225
  -0.866   0.485
   0.296  -0.323
   0.193  -0.210
   0.106  -0.125
  -2.622   2.261
  -0.796   0.801
  -0.338   0.341
  -0.802   0.796
  -0.871   0.855
  -0.140   0.121
  -0.422   0.415
  -0.512   0.516
  -0.674   0.668
  -1.187   1.176
  -0.903   0.892
  -0.794   0.773
   0.057  -0.109
   0.096  -0.085
   0.068  -0.070
   0.577  -0.519
   0.129  -0.036
  -0.108   0.020
  -0.149   0.150
  -0.690   0.678
  -0.478   0.469
  -0.286   0.283
  -0.220   0.217
  -0.295   0.330
   0.330  -0.360
  -0.263   0.324
  -0.391   0.464
   1.240  -1.790
  -0.126   0.124
   0.143  -0.143
  -0.110   0.119
  -0.165   0.164
   0.258  -0.239
  -1.336   1.531
  -0.621   0.634
  -0.143   0.142
   0.262  -0.261
  -1.095   0.984
  -0.763   0.635
  -0.951   0.772
  -0.888   0.864
  -0.024  -0.023
  -2.909   2.525
  -2.215   1.777
  -0.621   0.508
  -2.090   1.865
  -2.013   1.678
  -1.050   0.910
  -1.861   1.501
  -1.032   0.567
  -0.311   0.332
  -0.191   0.194
  -0.206   0.205
   0.327  -0.332
   0.004   0.212
  -1.165   1.148
  -0.160   0.160
  -0.155   0.155
  -0.317   0.293
   0.265   0.171
  -0.031   0.052
  -0.071   0.085
   0.162  -0.145
   0.021  -0.096
  -0.979   1.071
  -0.126   0.130
  -0.186   0.197
  -0.117   0.110
  -0.314   0.311
  -0.502   0.503
  -0.311   0.305
  -0.558   0.598
  -0.532   0.536
  -0.241   0.238
   0.186  -0.201
  -0.125   0.286
  -0.129   0.214
   0.215  -0.180
  -0.123   0.114
  -0.306   0.310
  -0.283   0.375
  -2.656   2.525
  -0.096   0.125
  -0.399   0.365
  -0.288   0.277
  -0.288   0.295
  -0.266   0.275
   0.180  -0.183
  -2.841   2.985
  -1.404   1.359
  -0.278   0.247
  -0.500   0.476
  -0.838   0.828
  -0.401   0.177
  -0.452   0.451
   0.109   0.143
  -1.585   1.496
  -1.830   1.473
  -0.255   0.216
   0.146  -0.146
   0.285  -0.288
  -0.248   0.258
  -0.572   0.536
  -0.223   0.224
  -0.341   0.337
  -0.013   0.005
  -1.018   1.002
  -1.082   1.075
  -0.925   0.914
  -1.720   1.336
  -1.157   1.034
  -2.899   2.689
  -3.377   2.872
  -4.947   4.180
  -2.581   2.121
   0.213  -0.226
   0.305  -0.304
   0.138  -0.138
  -0.224   0.208
  -0.693   0.667
  -0.380   0.382
  -0.103   0.088
   0.292  -0.305
   0.137  -0.138
  -0.162   0.155
  -0.399   0.380
  -0.134   0.150
  -0.835   0.845
  -0.092   0.090
  -0.171   0.170
  -0.179   0.199
  -0.045   0.056
  -0.033   0.049
  -0.353   0.321
  -0.212   0.212
  -0.142   0.131
  -0.118   0.120
  -0.071   0.077
  -0.241   0.230
  -0.370   0.148
  -0.325   0.319
  -0.197   0.209
  -0.174   0.172
  -0.157   0.155
   0.246  -0.248
  -0.163   0.164
  -0.181   0.180
  -0.386   0.365
  -0.300   0.273
  -0.290   0.249
  -0.123   0.122
  -0.047   0.044
   0.481  -0.480
   0.658  -0.609
   0.657  -0.731
   0.139  -0.143
   0.231  -0.230
  -0.276   0.265
  -0.133   0.138
  -0.142   0.144
  -0.364   0.378
  -0.149   0.151
  -0.144   0.144
  -0.250   0.249
  -0.474   0.467
  -0.271   0.267
  -0.223   0.218
  -0.151   0.092
  -0.256   0.256
  -0.269   0.267
  -2.001   1.534
  -2.092   1.958
  -0.086   0.114
  -0.779   0.758
  -0.604   0.538
  -0.666   0.603
   0.471  -0.329
  -0.128   0.126
   0.215  -0.228
  -1.113   1.079
  -1.762   1.463
  -0.727   0.651
  -0.274   0.272
  -0.996   0.862
  -0.416   0.373
  -0.777   0.841
  -0.117   0.112
  -0.310   0.343
   0.330  -0.486
   0.725  -0.737
  -0.346   0.339
  -0.121   0.120
  -0.198   0.196
  -0.157   0.155
  -0.102   0.116
   0.154  -0.154
   0.128  -0.129
   0.253  -0.294
  -0.146   0.146
  -0.157   0.155
  -0.221   0.221
  -0.165   0.170
  -0.241   0.234
   2.283  -2.604
   1.642  -2.064
   1.461  -1.827
   0.898  -1.480
  -0.381   0.354
  -0.281   0.290
  -0.232   0.223
   0.296  -0.248
  -0.541   0.529
   0.297  -0.299
  -1.036   1.029
  -0.931   0.828
  -0.161   0.157
   0.913  -0.746
  -0.345   0.367
  -1.443   1.510
  -1.153   1.160
  -0.144   0.123
  -3.108   2.190
  -1.802   1.447
  -3.440   2.607
  -1.786   1.418
  -3.816   2.394
