# COMMAND> TherNet_Pucci2018revN.txt 3 4 100
# Total data entries loaded: 352
# Total Experimental Positives 261 and Negatives 91 using 0 threshold.
# Experimental Positives ratio EP/(EN+EP)= 0.741
# Total Predicted Positives 207 and Negatives 145 using 0 threshold.
# Predicted Positives ratio PP/(PN+PP)= 0.588
# Predicted data goes from -2.500001 to 3.750001 (range 6.250002) --> 100 samples taken in 0.06250002 steps.
#
#     thrP  REC|TPR PREC|PPV      FPR       SP      MCC      ACC      ERR      F05       F1       F2    dist2
    -2.500 1.000000 0.741477 1.000000 0.000000 0.000000 0.741477 0.258523 0.938286 0.851550 0.934814 1.000000
    -2.438 0.996169 0.742857 0.989011 0.010989 0.041693 0.741477 0.258523 0.939193 0.851064 0.932568 0.978157
    -2.375 0.996169 0.742857 0.989011 0.010989 0.041693 0.741477 0.258523 0.939193 0.851064 0.932568 0.978157
    -2.313 0.996169 0.742857 0.989011 0.010989 0.041693 0.741477 0.258523 0.939193 0.851064 0.932568 0.978157
    -2.250 0.996169 0.742857 0.989011 0.010989 0.041693 0.741477 0.258523 0.939193 0.851064 0.932568 0.978157
    -2.188 0.996169 0.742857 0.989011 0.010989 0.041693 0.741477 0.258523 0.939193 0.851064 0.932568 0.978157
    -2.125 0.996169 0.742857 0.989011 0.010989 0.041693 0.741477 0.258523 0.939193 0.851064 0.932568 0.978157
    -2.063 0.996169 0.742857 0.989011 0.010989 0.041693 0.741477 0.258523 0.939193 0.851064 0.932568 0.978157
    -2.000 0.996169 0.742857 0.989011 0.010989 0.041693 0.741477 0.258523 0.939193 0.851064 0.932568 0.978157
    -1.938 0.996169 0.742857 0.989011 0.010989 0.041693 0.741477 0.258523 0.939193 0.851064 0.932568 0.978157
    -1.875 0.996169 0.742857 0.989011 0.010989 0.041693 0.741477 0.258523 0.939193 0.851064 0.932568 0.978157
    -1.813 0.996169 0.744986 0.978022 0.021978 0.086430 0.744318 0.255682 0.941460 0.852459 0.933238 0.956542
    -1.750 0.996169 0.744986 0.978022 0.021978 0.086430 0.744318 0.255682 0.941460 0.852459 0.933238 0.956542
    -1.688 0.996169 0.744986 0.978022 0.021978 0.086430 0.744318 0.255682 0.941460 0.852459 0.933238 0.956542
    -1.625 0.996169 0.749280 0.956044 0.043956 0.148458 0.750000 0.250000 0.946028 0.855263 0.934579 0.914035
    -1.563 0.996169 0.749280 0.956044 0.043956 0.148458 0.750000 0.250000 0.946028 0.855263 0.934579 0.914035
    -1.500 0.992337 0.748555 0.956044 0.043956 0.122759 0.747159 0.252841 0.944681 0.853377 0.931655 0.914079
    -1.438 0.988506 0.747826 0.956044 0.043956 0.101802 0.744318 0.255682 0.943327 0.851485 0.928726 0.914152
    -1.375 0.988506 0.750000 0.945055 0.054945 0.127648 0.747159 0.252841 0.945632 0.852893 0.929395 0.893261
    -1.313 0.988506 0.750000 0.945055 0.054945 0.127648 0.747159 0.252841 0.945632 0.852893 0.929395 0.893261
    -1.250 0.984674 0.751462 0.934066 0.065934 0.133368 0.747159 0.252841 0.946593 0.852405 0.927128 0.872714
    -1.188 0.980843 0.750733 0.934066 0.065934 0.117706 0.744318 0.255682 0.945231 0.850498 0.924188 0.872846
    -1.125 0.977011 0.750000 0.934066 0.065934 0.103617 0.741477 0.258523 0.943862 0.848586 0.921243 0.873008
    -1.063 0.977011 0.750000 0.934066 0.065934 0.103617 0.741477 0.258523 0.943862 0.848586 0.921243 0.873008
    -1.000 0.977011 0.750000 0.934066 0.065934 0.103617 0.741477 0.258523 0.943862 0.848586 0.921243 0.873008
    -0.938 0.977011 0.750000 0.934066 0.065934 0.103617 0.741477 0.258523 0.943862 0.848586 0.921243 0.873008
    -0.875 0.969349 0.748521 0.934066 0.065934 0.079046 0.735795 0.264205 0.941104 0.844741 0.915340 0.873419
    -0.813 0.965517 0.747774 0.934066 0.065934 0.068174 0.732955 0.267045 0.939714 0.842809 0.912382 0.873668
    -0.750 0.961686 0.747024 0.934066 0.065934 0.058054 0.730114 0.269886 0.938318 0.840871 0.909420 0.873947
    -0.688 0.950192 0.746988 0.923077 0.076923 0.051282 0.724432 0.275568 0.936438 0.836425 0.901163 0.854552
    -0.625 0.938697 0.751534 0.890110 0.109890 0.081333 0.724432 0.275568 0.939297 0.834753 0.894161 0.796054
    -0.563 0.927203 0.749226 0.890110 0.109890 0.059066 0.715909 0.284091 0.934965 0.828767 0.885150 0.797595
    -0.500 0.919540 0.752351 0.868132 0.131868 0.077219 0.715909 0.284091 0.936890 0.827586 0.880411 0.760127
    -0.438 0.911877 0.755556 0.846154 0.153846 0.093822 0.715909 0.284091 0.938856 0.826389 0.875644 0.723742
    -0.375 0.904215 0.761290 0.813187 0.186813 0.122945 0.718750 0.281250 0.943371 0.826620 0.871492 0.670448
    -0.313 0.888889 0.770764 0.758242 0.241758 0.162507 0.721591 0.278409 0.950171 0.825623 0.862454 0.587276
    -0.250 0.877395 0.784247 0.692308 0.307692 0.215501 0.730114 0.269886 0.961512 0.828210 0.857036 0.494322
    -0.188 0.835249 0.795620 0.615385 0.384615 0.231779 0.718750 0.281250 0.963891 0.814953 0.827011 0.405841
    -0.125 0.804598 0.807692 0.549451 0.450549 0.254244 0.713068 0.286932 0.968486 0.806142 0.805215 0.340078
    -0.063 0.739464 0.807531 0.505495 0.494505 0.219412 0.676136 0.323864 0.951520 0.772000 0.752143 0.323404
    -0.000 0.678161 0.842857 0.362637 0.637363 0.281591 0.667614 0.332386 0.964578 0.751592 0.705742 0.235086
     0.062 0.628352 0.886486 0.230769 0.769231 0.348598 0.664773 0.335227 0.983017 0.735426 0.667209 0.191376
     0.125 0.559387 0.901235 0.175824 0.824176 0.336933 0.627841 0.372159 0.963696 0.690307 0.605307 0.225054
     0.187 0.528736 0.901961 0.164835 0.835165 0.321404 0.607955 0.392045 0.948454 0.666667 0.576441 0.249261
     0.250 0.490421 0.920863 0.120879 0.879121 0.330985 0.590909 0.409091 0.940024 0.640000 0.540997 0.274282
     0.312 0.436782 0.934426 0.087912 0.912088 0.320967 0.559659 0.440341 0.913218 0.595300 0.488851 0.324943
     0.375 0.406130 0.938053 0.076923 0.923077 0.308725 0.539773 0.460227 0.892006 0.566845 0.458081 0.358598
     0.437 0.371648 0.932692 0.076923 0.923077 0.282823 0.514205 0.485795 0.859675 0.531507 0.422474 0.400744
     0.500 0.356322 0.930000 0.076923 0.923077 0.271247 0.502841 0.497159 0.844175 0.515235 0.406469 0.420239
     0.562 0.337165 0.926316 0.076923 0.923077 0.256678 0.488636 0.511364 0.823713 0.494382 0.386304 0.445268
     0.625 0.318008 0.932584 0.065934 0.934066 0.253919 0.477273 0.522727 0.807131 0.474286 0.366284 0.469461
     0.688 0.302682 0.929412 0.065934 0.934066 0.242193 0.465909 0.534091 0.788686 0.456647 0.349867 0.490600
     0.750 0.275862 0.923077 0.065934 0.934066 0.221304 0.446023 0.553977 0.753927 0.424779 0.320856 0.528723
     0.813 0.252874 0.929577 0.054945 0.945055 0.215957 0.431818 0.568182 0.726606 0.397590 0.295964 0.561217
     0.875 0.241379 0.926471 0.054945 0.945055 0.206754 0.423295 0.576705 0.709193 0.382979 0.283273 0.578524
     0.938 0.214559 0.933333 0.043956 0.956044 0.198638 0.406250 0.593750 0.670659 0.348910 0.253623 0.618849
     1.000 0.195402 0.927273 0.043956 0.956044 0.182616 0.392045 0.607955 0.636175 0.322785 0.232029 0.649310
     1.063 0.180077 0.921569 0.043956 0.956044 0.169315 0.380682 0.619318 0.606452 0.301282 0.214612 0.674206
     1.125 0.164751 0.914894 0.043956 0.956044 0.155486 0.369318 0.630682 0.574610 0.279221 0.197067 0.699573
     1.188 0.157088 0.931818 0.032967 0.967033 0.164318 0.366477 0.633523 0.562929 0.268852 0.188419 0.711587
     1.250 0.157088 0.953488 0.021978 0.978022 0.180641 0.369318 0.630682 0.568129 0.269737 0.188592 0.710983
     1.313 0.145594 0.950000 0.021978 0.978022 0.170533 0.360795 0.639205 0.541568 0.252492 0.175277 0.730493
     1.375 0.141762 0.948718 0.021978 0.978022 0.167085 0.357955 0.642045 0.532374 0.246667 0.170822 0.737055
     1.438 0.130268 0.944444 0.021978 0.978022 0.156471 0.349432 0.650568 0.503704 0.228956 0.157407 0.756916
     1.500 0.122605 0.969697 0.010989 0.989011 0.167655 0.346591 0.653409 0.488550 0.217687 0.148561 0.769942
     1.563 0.114943 0.967742 0.010989 0.989011 0.160600 0.340909 0.659091 0.467532 0.205479 0.139535 0.783447
     1.625 0.114943 1.000000 0.000000 1.000000 0.180233 0.343750 0.656250 0.472441 0.206186 0.139665 0.783327
     1.688 0.107280 1.000000 0.000000 1.000000 0.173583 0.338068 0.661932 0.450402 0.193772 0.130597 0.796950
     1.750 0.095785 1.000000 0.000000 1.000000 0.163266 0.329545 0.670455 0.415512 0.174825 0.116932 0.817604
     1.813 0.091954 1.000000 0.000000 1.000000 0.159724 0.326705 0.673295 0.403361 0.168421 0.112360 0.824547
     1.875 0.088123 1.000000 0.000000 1.000000 0.156123 0.323864 0.676136 0.390935 0.161972 0.107779 0.831520
     1.938 0.088123 1.000000 0.000000 1.000000 0.156123 0.323864 0.676136 0.390935 0.161972 0.107779 0.831520
     2.000 0.080460 1.000000 0.000000 1.000000 0.148729 0.318182 0.681818 0.365217 0.148936 0.098592 0.845554
     2.063 0.072797 1.000000 0.000000 1.000000 0.141044 0.312500 0.687500 0.338279 0.135714 0.089370 0.859706
     2.125 0.061303 1.000000 0.000000 1.000000 0.128852 0.303977 0.696023 0.295385 0.115523 0.075472 0.881153
     2.188 0.049808 1.000000 0.000000 1.000000 0.115630 0.295455 0.704545 0.249201 0.094891 0.061495 0.902864
     2.250 0.042146 1.000000 0.000000 1.000000 0.106052 0.289773 0.710227 0.216393 0.080882 0.052133 0.917485
     2.313 0.038314 1.000000 0.000000 1.000000 0.100969 0.286932 0.713068 0.199336 0.073801 0.047438 0.924840
     2.375 0.038314 1.000000 0.000000 1.000000 0.100969 0.286932 0.713068 0.199336 0.073801 0.047438 0.924840
     2.438 0.034483 1.000000 0.000000 1.000000 0.095648 0.284091 0.715909 0.181818 0.066667 0.042735 0.932224
     2.500 0.030651 1.000000 0.000000 1.000000 0.090046 0.281250 0.718750 0.163823 0.059480 0.038023 0.939637
     2.563 0.030651 1.000000 0.000000 1.000000 0.090046 0.281250 0.718750 0.163823 0.059480 0.038023 0.939637
     2.625 0.026820 1.000000 0.000000 1.000000 0.084109 0.278409 0.721591 0.145329 0.052239 0.033302 0.947079
     2.688 0.022989 1.000000 0.000000 1.000000 0.077757 0.275568 0.724432 0.126316 0.044944 0.028571 0.954551
     2.750 0.022989 1.000000 0.000000 1.000000 0.077757 0.275568 0.724432 0.126316 0.044944 0.028571 0.954551
     2.813 0.019157 1.000000 0.000000 1.000000 0.070880 0.272727 0.727273 0.106762 0.037594 0.023832 0.962053
     2.875 0.007663 1.000000 0.000000 1.000000 0.044636 0.264205 0.735795 0.044610 0.015209 0.009560 0.984733
     2.938 0.003831 1.000000 0.000000 1.000000 0.031517 0.261364 0.738636 0.022642 0.007634 0.004785 0.992352
     3.000 0.003831 1.000000 0.000000 1.000000 0.031517 0.261364 0.738636 0.022642 0.007634 0.004785 0.992352
     3.063 0.003831 1.000000 0.000000 1.000000 0.031517 0.261364 0.738636 0.022642 0.007634 0.004785 0.992352
     3.125 0.003831 1.000000 0.000000 1.000000 0.031517 0.261364 0.738636 0.022642 0.007634 0.004785 0.992352
     3.188 0.003831 1.000000 0.000000 1.000000 0.031517 0.261364 0.738636 0.022642 0.007634 0.004785 0.992352
     3.250 0.003831 1.000000 0.000000 1.000000 0.031517 0.261364 0.738636 0.022642 0.007634 0.004785 0.992352
     3.313 0.003831 1.000000 0.000000 1.000000 0.031517 0.261364 0.738636 0.022642 0.007634 0.004785 0.992352
     3.375 0.003831 1.000000 0.000000 1.000000 0.031517 0.261364 0.738636 0.022642 0.007634 0.004785 0.992352
     3.438 0.003831 1.000000 0.000000 1.000000 0.031517 0.261364 0.738636 0.022642 0.007634 0.004785 0.992352
     3.500 0.003831 1.000000 0.000000 1.000000 0.031517 0.261364 0.738636 0.022642 0.007634 0.004785 0.992352
     3.563 0.003831 1.000000 0.000000 1.000000 0.031517 0.261364 0.738636 0.022642 0.007634 0.004785 0.992352
     3.625 0.003831 1.000000 0.000000 1.000000 0.031517 0.261364 0.738636 0.022642 0.007634 0.004785 0.992352
     3.688 0.003831 1.000000 0.000000 1.000000 0.031517 0.261364 0.738636 0.022642 0.007634 0.004785 0.992352
# AUC_ROC= 0.722    AUC_PRC= 0.882    Best_ROC thr= 0.062   TPR= 0.628   FPR= 0.231    BestMCC= 0.349   thr= 0.062   TPR= 0.628   FPR= 0.231  
#   AUC_R   AUC_P   THROC    Sen     Spe     BMCC    TH     Sen     Spe
#   0.722   0.882   0.062   0.628   0.769   0.349   0.062   0.628   0.769
