  193 0.605     2
   32 0.605     6
   52 0.605     3
  137 0.605     2
   51 0.605     2
   34 0.605     5
    5 0.605    11
  196 0.605     3
  147 0.605     6
  215 0.605     3
    1 0.605    48
   10 0.605    23
  149 0.605    23
   35 0.605    17
  208 0.605     7
  159 0.605     4
   12 0.605     2
  190 0.605     1
   19 0.605     2
   28 0.605     3
  125 0.605     4
  115 0.605     1
  189 0.605     2
  104 0.605     8
   57 0.734   768
   49 0.797    13
  181 0.797     5
  168 0.797     5
   80 0.797    11
  160 0.797     4
   20 0.797     2
  172 0.797     7
    6 0.797    13
  103 0.797     2
  114 0.797     3
  111 0.797     1
   68 0.797    11
   62 0.797     1
   82 0.797     2
   70 0.797     1
  204 0.797     1
  201 0.797     5
   84 0.797     8
   94 0.797     4
  109 0.797     8
   85 0.797     1
   81 0.797    17
  238 0.797     4
    3 0.797    28
   67 0.742     3
  138 0.742     4
  164 0.742    10
   22 0.742     2
  199 0.742    12
   30 0.742    29
  175 0.742     3
  223 0.742     1
   65 0.742     4
   45 0.742    10
   29 0.742    13
  100 0.742    10
   36 0.742    27
   91 0.742     8
  106 0.742     3
   37 0.742     3
  155 0.726     2
   24 0.726    10
   41 0.726    12
  144 0.726     1
   53 0.726     1
  139 0.726     1
  126 0.726     2
   75 0.726     4
  130 0.726     2
  173 0.726    10
   43 0.726    26
   48 0.726    24
    0 0.726    76
  127 0.457     3
   18 0.457     9
  220 0.457     4
  110 0.457     2
  209 0.457     1
   11 0.457     4
  194 0.457     6
  198 0.457     1
  117 0.457     4
   15 0.457    34
  150 0.457    25
  128 0.457     3
  200 0.457    17
  179 0.457    35
    2 0.287   240
    4 0.455    95
  203 0.455     3
   40 0.455    25
   54 0.455    11
  153 0.455     5
  146 0.455     1
  157 0.455     2
  186 0.700     7
   26 0.700     8
  141 0.700     1
  163 0.700    17
   33 0.700     1
  239 0.700     2
  225 0.700    17
    8 0.700    15
  170 0.700     1
   17 0.700     3
  143 0.700    33
   55 0.700     2
  105 0.700     5
  132 0.700     4
  213 0.700     2
  237 0.700     1
   59 0.700     4
   90 0.700    18
  122 0.700     6
   89 0.700     2
  136 0.700     1
   46 0.700    11
  227 0.728     5
  177 0.728     3
  217 0.728     6
  121 0.728    15
   14 0.728    56
   50 0.728    14
  176 0.728     1
  187 0.728     1
  131 0.728     3
   13 0.728    34
  185 0.728     1
  135 0.728    11
   16 0.728    49
   56 0.728     3
  101 0.728    25
