  1.000   1.000   1.000   1.000   1.000   1.000   0.420   0.422   0.418 
  1.000   1.000   1.000   1.000   1.000   1.000   0.420   0.422   0.418 
  1.000   1.000   1.000   1.000   1.000   1.000   0.420   0.422   0.418 
  1.000   1.000   1.000   1.000   1.000   1.000   0.420   0.422   0.418 
  1.000   1.000   1.000   1.000   1.000   1.000   0.420   0.422   0.418 
  1.000   1.000   1.000   1.000   1.000   1.000   0.420   0.422   0.418 
  1.000   1.000   1.000   1.000   1.000   1.000   0.420   0.422   0.418 
  1.000   1.000   1.000   1.000   1.000   1.000   0.420   0.422   0.418 
  1.000   1.000   1.000   1.000   1.000   1.000   0.420   0.422   0.418 
  1.000   1.000   1.000   1.000   1.000   1.000   0.420   0.422   0.418 
  1.000   1.000   1.000   1.000   1.000   1.000   0.420   0.422   0.418 
  1.000   1.000   1.000   1.000   1.000   1.000   0.420   0.422   0.418 
  1.000   1.000   1.000   1.000   1.000   1.000   0.420   0.422   0.418 
  1.000   1.000   1.000   1.000   1.000   1.000   0.420   0.422   0.418 
  1.000   1.000   1.000   1.000   1.000   1.000   0.420   0.422   0.418 
  1.000   1.000   1.000   1.000   1.000   1.000   0.420   0.422   0.418 
  1.000   1.000   1.000   1.000   1.000   1.000   0.420   0.422   0.418 
  1.000   1.000   1.000   1.000   1.000   1.000   0.420   0.422   0.418 
  1.000   1.000   1.000   1.000   1.000   1.000   0.420   0.422   0.418 
  1.000   1.000   1.000   1.000   1.000   1.000   0.420   0.422   0.418 
  1.000   1.000   1.000   1.000   1.000   1.000   0.420   0.422   0.418 
  1.000   1.000   1.000   1.000   1.000   1.000   0.420   0.422   0.418 
  1.000   1.000   1.000   1.000   1.000   1.000   0.420   0.422   0.418 
  1.000   1.000   1.000   1.000   1.000   1.000   0.420   0.422   0.418 
  1.000   1.000   1.000   1.000   1.000   1.000   0.420   0.422   0.418 
  1.000   1.000   1.000   1.000   1.000   1.000   0.420   0.422   0.418 
  1.000   1.000   1.000   1.000   1.000   1.000   0.420   0.422   0.418 
  1.000   1.000   1.000   1.000   1.000   1.000   0.420   0.422   0.418 
  1.000   1.000   1.000   1.000   1.000   1.000   0.420   0.422   0.418 
  1.000   1.000   1.000   1.000   1.000   1.000   0.420   0.422   0.418 
  1.000   1.000   1.000   1.000   1.000   1.000   0.420   0.422   0.418 
  1.000   1.000   1.000   1.000   1.000   1.000   0.420   0.422   0.418 
  1.000   1.000   1.000   1.000   1.000   1.000   0.420   0.422   0.418 
  1.000   1.000   1.000   1.000   1.000   1.000   0.420   0.422   0.418 
  1.000   1.000   1.000   1.000   1.000   1.000   0.420   0.422   0.418 
  1.000   1.000   1.000   1.000   1.000   1.000   0.420   0.422   0.418 
  1.000   1.000   1.000   1.000   1.000   1.000   0.420   0.422   0.418 
  1.000   1.000   1.000   1.000   1.000   1.000   0.420   0.422   0.418 
  1.000   1.000   1.000   1.000   1.000   1.000   0.420   0.422   0.418 
  1.000   1.000   1.000   1.000   1.000   1.000   0.420   0.422   0.418 
  1.000   1.000   1.000   1.000   1.000   1.000   0.420   0.422   0.418 
  1.000   1.000   1.000   1.000   1.000   1.000   0.420   0.422   0.418 
  1.000   1.000   1.000   1.000   1.000   1.000   0.420   0.422   0.418 
  1.000   1.000   1.000   1.000   1.000   1.000   0.420   0.422   0.418 
  1.000   1.000   1.000   1.000   1.000   1.000   0.420   0.422   0.418 
  1.000   1.000   1.000   1.000   1.000   1.000   0.420   0.422   0.418 
  1.000   1.000   1.000   1.000   1.000   1.000   0.420   0.422   0.418 
  1.000   1.000   1.000   1.000   1.000   1.000   0.420   0.422   0.418 
  1.000   1.000   1.000   1.000   1.000   1.000   0.420   0.422   0.418 
  1.000   1.000   1.000   1.000   1.000   1.000   0.420   0.422   0.418 
  1.000   1.000   1.000   1.000   1.000   1.000   0.420   0.422   0.418 
  1.000   1.000   1.000   1.000   1.000   1.000   0.420   0.422   0.418 
  1.000   1.000   1.000   1.000   1.000   1.000   0.420   0.422   0.418 
  1.000   1.000   1.000   1.000   1.000   1.000   0.420   0.422   0.418 
  1.000   1.000   1.000   1.000   1.000   1.000   0.420   0.422   0.418 
  1.000   1.000   1.000   1.000   1.000   1.000   0.420   0.422   0.418 
  1.000   1.000   1.000   1.000   1.000   1.000   0.420   0.422   0.418 
  1.000   1.000   1.000   1.000   1.000   1.000   0.420   0.422   0.418 
  1.000   1.000   1.000   1.000   1.000   1.000   0.420   0.422   0.418 
  1.000   1.000   1.000   1.000   1.000   1.000   0.420   0.422   0.418 
  1.000   1.000   1.000   1.000   1.000   1.000   0.420   0.422   0.418 
  1.000   1.000   1.000   1.000   1.000   1.000   0.420   0.422   0.418 
  1.000   1.000   1.000   1.000   1.000   1.000   0.420   0.422   0.418 
  1.000   1.000   1.000   1.000   1.000   1.000   0.420   0.422   0.418 
  1.000   1.000   1.000   1.000   1.000   1.000   0.420   0.422   0.418 
  1.000   1.000   1.000   1.000   1.000   1.000   0.420   0.422   0.418 
  1.000   1.000   1.000   1.000   1.000   1.000   0.420   0.422   0.418 
  1.000   1.000   1.000   1.000   1.000   1.000   0.420   0.422   0.418 
  1.000   1.000   1.000   1.000   1.000   1.000   0.420   0.422   0.418 
  1.000   1.000   1.000   1.000   1.000   1.000   0.420   0.422   0.418 
  1.000   1.000   1.000   1.000   1.000   1.000   0.420   0.422   0.418 
  1.000   1.000   1.000   1.000   1.000   1.000   0.420   0.422   0.418 
  1.000   1.000   1.000   1.000   1.000   1.000   0.420   0.422   0.418 
  1.000   1.000   1.000   1.000   1.000   1.000   0.420   0.422   0.418 
  1.000   1.000   1.000   1.000   1.000   1.000   0.420   0.422   0.418 
  1.000   1.000   1.000   1.000   1.000   1.000   0.420   0.422   0.418 
  1.000   1.000   1.000   1.000   1.000   1.000   0.420   0.422   0.418 
  1.000   1.000   1.000   1.000   1.000   1.000   0.420   0.422   0.418 
  1.000   1.000   1.000   1.000   1.000   1.000   0.420   0.422   0.418 
  1.000   1.000   1.000   1.000   1.000   1.000   0.420   0.422   0.418 
  1.000   1.000   1.000   1.000   1.000   1.000   0.420   0.422   0.418 
  1.000   1.000   1.000   1.000   1.000   1.000   0.420   0.422   0.418 
  1.000   1.000   1.000   1.000   1.000   1.000   0.420   0.422   0.418 
  1.000   1.000   1.000   1.000   1.000   1.000   0.420   0.422   0.418 
  1.000   1.000   1.000   1.000   1.000   1.000   0.420   0.422   0.418 
  1.000   1.000   1.000   1.000   1.000   1.000   0.420   0.422   0.418 
  1.000   1.000   1.000   1.000   1.000   1.000   0.420   0.422   0.418 
  1.000   1.000   1.000   1.000   1.000   1.000   0.420   0.422   0.418 
  1.000   1.000   1.000   1.000   1.000   1.000   0.420   0.422   0.418 
  1.000   1.000   1.000   1.000   1.000   1.000   0.420   0.422   0.418 
  1.000   1.000   1.000   1.000   1.000   1.000   0.420   0.422   0.418 
  1.000   1.000   1.000   1.000   1.000   1.000   0.420   0.422   0.418 
  1.000   1.000   1.000   1.000   1.000   1.000   0.420   0.422   0.418 
  1.000   1.000   1.000   1.000   1.000   1.000   0.420   0.422   0.418 
  1.000   1.000   1.000   1.000   1.000   1.000   0.420   0.422   0.418 
  1.000   1.000   1.000   1.000   1.000   1.000   0.420   0.422   0.418 
  1.000   1.000   1.000   1.000   1.000   1.000   0.420   0.422   0.418 
  1.000   1.000   1.000   1.000   1.000   1.000   0.420   0.422   0.418 
  1.000   1.000   1.000   1.000   1.000   1.000   0.420   0.422   0.418 
  1.000   1.000   1.000   1.000   1.000   1.000   0.420   0.422   0.418 
  1.000   1.000   1.000   1.000   1.000   1.000   0.420   0.422   0.418 
  1.000   1.000   1.000   1.000   1.000   1.000   0.420   0.422   0.418 
  1.000   1.000   1.000   1.000   1.000   1.000   0.420   0.422   0.418 
  1.000   1.000   1.000   1.000   1.000   1.000   0.420   0.422   0.418 
  1.000   1.000   1.000   1.000   1.000   1.000   0.420   0.422   0.418 
  1.000   1.000   1.000   1.000   1.000   1.000   0.420   0.422   0.418 
  1.000   1.000   1.000   1.000   1.000   1.000   0.420   0.422   0.418 
  1.000   1.000   1.000   1.000   1.000   1.000   0.420   0.422   0.418 
  1.000   1.000   1.000   1.000   1.000   1.000   0.420   0.422   0.418 
  1.000   1.000   1.000   1.000   1.000   1.000   0.420   0.422   0.418 
  1.000   1.000   1.000   1.000   1.000   1.000   0.420   0.422   0.418 
  1.000   1.000   1.000   1.000   1.000   1.000   0.420   0.422   0.418 
  1.000   1.000   1.000   1.000   1.000   1.000   0.420   0.422   0.418 
  1.000   1.000   1.000   1.000   1.000   1.000   0.420   0.422   0.418 
  1.000   1.000   1.000   1.000   1.000   1.000   0.420   0.422   0.418 
  1.000   1.000   1.000   1.000   1.000   1.000   0.420   0.422   0.418 
  1.000   1.000   1.000   1.000   1.000   1.000   0.420   0.422   0.418 
  1.000   1.000   1.000   1.000   1.000   1.000   0.420   0.422   0.418 
  1.000   1.000   1.000   1.000   1.000   1.000   0.420   0.422   0.418 
  1.000   1.000   1.000   1.000   1.000   1.000   0.420   0.422   0.418 
  1.000   1.000   1.000   1.000   1.000   1.000   0.420   0.422   0.418 
  1.000   1.000   1.000   1.000   1.000   1.000   0.420   0.422   0.418 
  1.000   1.000   1.000   1.000   1.000   1.000   0.420   0.422   0.418 
  1.000   1.000   1.000   1.000   1.000   1.000   0.420   0.422   0.418 
  1.000   1.000   1.000   1.000   1.000   1.000   0.420   0.422   0.418 
  1.000   1.000   1.000   1.000   1.000   1.000   0.420   0.422   0.418 
  1.000   1.000   1.000   1.000   1.000   1.000   0.420   0.422   0.418 
  1.000   1.000   1.000   1.000   1.000   1.000   0.420   0.422   0.418 
  1.000   1.000   1.000   1.000   1.000   1.000   0.420   0.422   0.418 
  1.000   1.000   1.000   1.000   1.000   1.000   0.420   0.422   0.418 
  1.000   1.000   1.000   1.000   1.000   1.000   0.420   0.422   0.418 
  1.000   1.000   1.000   1.000   1.000   1.000   0.420   0.422   0.418 
  1.000   1.000   1.000   1.000   1.000   1.000   0.420   0.422   0.418 
  1.000   1.000   1.000   1.000   1.000   1.000   0.420   0.422   0.418 
  1.000   1.000   1.000   1.000   1.000   1.000   0.420   0.422   0.418 
  1.000   1.000   1.000   1.000   1.000   1.000   0.420   0.422   0.418 
  1.000   1.000   1.000   1.000   1.000   1.000   0.420   0.422   0.418 
  1.000   1.000   1.000   1.000   1.000   1.000   0.420   0.422   0.418 
  1.000   1.000   0.999   1.000   1.000   1.000   0.420   0.422   0.418 
  1.000   1.000   0.999   1.000   1.000   1.000   0.420   0.422   0.418 
  1.000   1.000   0.999   1.000   1.000   1.000   0.420   0.422   0.418 
  1.000   1.000   0.999   1.000   1.000   1.000   0.420   0.422   0.418 
  0.999   1.000   0.999   1.000   1.000   1.000   0.420   0.422   0.418 
  0.999   1.000   0.999   1.000   1.000   1.000   0.420   0.422   0.418 
  0.999   1.000   0.999   1.000   1.000   1.000   0.420   0.422   0.418 
  0.999   1.000   0.999   1.000   1.000   1.000   0.420   0.422   0.418 
  0.999   1.000   0.999   1.000   1.000   1.000   0.420   0.422   0.418 
  0.999   0.999   0.999   1.000   1.000   1.000   0.420   0.422   0.419 
  0.999   0.999   0.999   1.000   1.000   1.000   0.420   0.422   0.419 
  0.999   0.999   0.999   1.000   1.000   1.000   0.420   0.422   0.419 
  0.999   0.999   0.999   1.000   1.000   1.000   0.420   0.422   0.419 
  0.999   0.999   0.999   1.000   1.000   1.000   0.420   0.422   0.419 
  0.999   0.999   0.999   1.000   1.000   1.000   0.420   0.422   0.419 
  0.999   0.999   0.999   1.000   1.000   1.000   0.420   0.422   0.419 
  0.999   0.999   0.999   1.000   1.000   1.000   0.420   0.422   0.419 
  0.999   0.999   0.999   1.000   1.000   1.000   0.420   0.422   0.419 
  0.999   0.999   0.999   1.000   1.000   1.000   0.420   0.422   0.419 
  0.999   0.999   0.999   1.000   1.000   1.000   0.420   0.422   0.419 
  0.999   0.999   0.999   1.000   1.000   1.000   0.420   0.422   0.419 
  0.999   0.999   0.999   1.000   1.000   1.000   0.420   0.422   0.419 
  0.999   0.999   0.999   1.000   1.000   1.000   0.420   0.422   0.419 
  0.999   0.999   0.999   1.000   1.000   1.000   0.420   0.422   0.419 
  0.999   0.999   0.999   1.000   1.000   1.000   0.421   0.422   0.419 
  0.999   0.999   0.999   1.000   1.000   1.000   0.421   0.422   0.419 
  0.999   0.999   0.999   1.000   1.000   1.000   0.421   0.422   0.419 
  0.999   0.999   0.999   1.000   1.000   1.000   0.421   0.422   0.419 
  0.999   0.999   0.999   1.000   1.000   1.000   0.421   0.422   0.419 
  0.999   0.999   0.999   1.000   1.000   1.000   0.421   0.422   0.419 
  0.999   0.999   0.999   1.000   1.000   1.000   0.421   0.422   0.419 
  0.999   0.999   0.999   1.000   1.000   1.000   0.421   0.422   0.419 
  0.999   0.999   0.998   1.000   1.000   1.000   0.421   0.422   0.419 
  0.999   0.999   0.998   1.000   1.000   1.000   0.421   0.422   0.419 
  0.999   0.999   0.998   1.000   1.000   1.000   0.421   0.422   0.419 
  0.999   0.999   0.998   1.000   1.000   1.000   0.421   0.422   0.419 
  0.999   0.999   0.998   1.000   1.000   1.000   0.421   0.422   0.419 
  0.999   0.999   0.998   1.000   1.000   1.000   0.421   0.422   0.419 
  0.999   0.999   0.998   1.000   1.000   1.000   0.421   0.422   0.419 
  0.999   0.999   0.998   1.000   1.000   1.000   0.421   0.422   0.419 
  0.998   0.999   0.998   1.000   1.000   1.000   0.421   0.422   0.419 
  0.998   0.999   0.998   1.000   1.000   1.000   0.421   0.422   0.419 
  0.998   0.999   0.998   1.000   1.000   1.000   0.421   0.422   0.419 
  0.998   0.999   0.998   1.000   1.000   1.000   0.421   0.422   0.419 
  0.998   0.999   0.998   1.000   1.000   1.000   0.421   0.422   0.419 
  0.998   0.999   0.998   1.000   1.000   1.000   0.421   0.422   0.419 
  0.998   0.999   0.998   1.000   1.000   1.000   0.421   0.423   0.419 
  0.998   0.999   0.998   1.000   1.000   1.000   0.421   0.423   0.419 
  0.998   0.999   0.998   1.000   1.000   1.000   0.421   0.423   0.419 
  0.998   0.998   0.998   1.000   1.000   1.000   0.421   0.423   0.419 
  0.998   0.998   0.998   1.000   1.000   1.000   0.421   0.423   0.419 
  0.998   0.998   0.998   1.000   1.000   1.000   0.421   0.423   0.419 
  0.998   0.998   0.998   1.000   1.000   1.000   0.421   0.423   0.419 
  0.998   0.998   0.998   1.000   1.000   1.000   0.421   0.423   0.419 
  0.998   0.998   0.998   1.000   1.000   1.000   0.421   0.423   0.419 
  0.998   0.998   0.998   1.000   1.000   1.000   0.421   0.423   0.419 
  0.998   0.998   0.998   1.000   1.000   1.000   0.421   0.423   0.419 
  0.998   0.998   0.998   1.000   1.000   1.000   0.421   0.423   0.419 
  0.998   0.998   0.998   1.000   1.000   1.000   0.421   0.423   0.419 
  0.998   0.998   0.997   1.000   1.000   1.000   0.421   0.423   0.419 
  0.998   0.998   0.997   1.000   1.000   1.000   0.421   0.423   0.419 
  0.998   0.998   0.997   1.000   1.000   1.000   0.421   0.423   0.419 
  0.997   0.998   0.997   1.000   1.000   1.000   0.421   0.423   0.419 
  0.997   0.998   0.997   1.000   1.000   1.000   0.421   0.423   0.419 
  0.997   0.998   0.997   1.000   1.000   1.000   0.421   0.423   0.419 
  0.997   0.997   0.997   1.000   1.000   1.000   0.421   0.423   0.419 
  0.997   0.997   0.997   1.000   1.000   1.000   0.421   0.423   0.419 
  0.997   0.997   0.997   1.000   1.000   1.000   0.421   0.423   0.419 
  0.997   0.997   0.997   1.000   1.000   1.000   0.421   0.423   0.419 
  0.997   0.997   0.996   1.000   1.000   1.000   0.421   0.423   0.419 
  0.997   0.997   0.996   1.000   1.000   0.999   0.421   0.423   0.419 
  0.996   0.997   0.996   1.000   1.000   0.999   0.421   0.423   0.419 
  0.996   0.997   0.996   0.999   1.000   0.999   0.421   0.423   0.419 
  0.996   0.997   0.996   0.999   1.000   0.999   0.421   0.423   0.419 
  0.996   0.997   0.996   0.999   1.000   0.999   0.421   0.423   0.419 
  0.996   0.997   0.996   0.999   1.000   0.999   0.421   0.423   0.419 
  0.996   0.996   0.996   0.999   0.999   0.999   0.421   0.423   0.419 
  0.996   0.996   0.996   0.999   0.999   0.999   0.421   0.423   0.419 
  0.996   0.996   0.996   0.999   0.999   0.999   0.421   0.423   0.419 
  0.996   0.996   0.996   0.999   0.999   0.999   0.421   0.423   0.419 
  0.996   0.996   0.995   0.999   0.999   0.999   0.421   0.423   0.419 
  0.996   0.996   0.995   0.999   0.999   0.999   0.421   0.423   0.419 
  0.996   0.996   0.995   0.999   0.999   0.999   0.421   0.423   0.419 
  0.995   0.996   0.995   0.999   0.999   0.999   0.421   0.423   0.419 
  0.995   0.996   0.995   0.999   0.999   0.999   0.421   0.423   0.419 
  0.995   0.996   0.995   0.999   0.999   0.999   0.421   0.423   0.419 
  0.995   0.995   0.995   0.999   0.999   0.999   0.421   0.423   0.419 
  0.995   0.995   0.995   0.999   0.999   0.999   0.421   0.423   0.419 
  0.995   0.995   0.995   0.999   0.999   0.999   0.421   0.423   0.419 
  0.995   0.995   0.994   0.999   0.999   0.999   0.421   0.423   0.419 
  0.995   0.995   0.994   0.999   0.999   0.999   0.421   0.423   0.419 
  0.994   0.995   0.994   0.999   0.999   0.999   0.421   0.423   0.419 
  0.994   0.995   0.994   0.999   0.999   0.999   0.421   0.423   0.420 
  0.994   0.995   0.994   0.999   0.999   0.999   0.421   0.423   0.420 
  0.994   0.994   0.994   0.999   0.999   0.999   0.421   0.423   0.420 
  0.994   0.994   0.993   0.999   0.999   0.999   0.421   0.423   0.420 
  0.994   0.994   0.993   0.999   0.999   0.999   0.422   0.423   0.420 
  0.994   0.994   0.993   0.999   0.999   0.999   0.422   0.423   0.420 
  0.994   0.994   0.993   0.999   0.999   0.999   0.422   0.423   0.420 
  0.993   0.994   0.993   0.999   0.999   0.999   0.422   0.423   0.420 
  0.993   0.994   0.993   0.999   0.999   0.999   0.422   0.423   0.420 
  0.993   0.994   0.993   0.999   0.999   0.999   0.422   0.423   0.420 
  0.993   0.994   0.993   0.999   0.999   0.999   0.422   0.424   0.420 
  0.993   0.994   0.993   0.999   0.999   0.999   0.422   0.424   0.420 
  0.993   0.993   0.993   0.999   0.999   0.999   0.422   0.424   0.420 
  0.993   0.993   0.992   0.999   0.999   0.999   0.422   0.424   0.420 
  0.993   0.993   0.992   0.999   0.999   0.999   0.422   0.424   0.420 
  0.993   0.993   0.992   0.999   0.999   0.999   0.422   0.424   0.420 
  0.993   0.993   0.992   0.999   0.999   0.999   0.422   0.424   0.420 
  0.992   0.993   0.992   0.999   0.999   0.999   0.422   0.424   0.420 
  0.992   0.993   0.992   0.999   0.999   0.999   0.422   0.424   0.420 
  0.992   0.992   0.992   0.999   0.999   0.999   0.422   0.424   0.420 
  0.992   0.992   0.991   0.999   0.999   0.999   0.422   0.424   0.420 
  0.992   0.992   0.991   0.999   0.999   0.999   0.422   0.424   0.420 
  0.992   0.992   0.991   0.999   0.999   0.999   0.422   0.424   0.420 
  0.992   0.992   0.991   0.999   0.999   0.999   0.422   0.424   0.420 
  0.991   0.992   0.991   0.999   0.999   0.999   0.422   0.424   0.420 
  0.991   0.992   0.991   0.999   0.999   0.999   0.422   0.424   0.420 
  0.991   0.992   0.991   0.999   0.999   0.999   0.422   0.424   0.420 
  0.991   0.991   0.990   0.999   0.999   0.999   0.422   0.424   0.420 
  0.991   0.991   0.990   0.999   0.999   0.999   0.422   0.424   0.420 
  0.991   0.991   0.990   0.999   0.999   0.999   0.422   0.424   0.420 
  0.990   0.991   0.990   0.999   0.999   0.999   0.422   0.424   0.420 
  0.990   0.991   0.990   0.999   0.999   0.999   0.422   0.424   0.421 
  0.990   0.990   0.989   0.999   0.999   0.999   0.422   0.424   0.421 
  0.990   0.990   0.989   0.999   0.999   0.999   0.423   0.424   0.421 
  0.989   0.990   0.989   0.999   0.999   0.999   0.423   0.424   0.421 
  0.989   0.990   0.989   0.999   0.999   0.999   0.423   0.424   0.421 
  0.989   0.990   0.989   0.999   0.999   0.999   0.423   0.425   0.421 
  0.989   0.989   0.988   0.999   0.999   0.999   0.423   0.425   0.421 
  0.989   0.989   0.988   0.999   0.999   0.999   0.423   0.425   0.421 
  0.988   0.989   0.988   0.999   0.999   0.999   0.423   0.425   0.421 
  0.988   0.989   0.988   0.999   0.999   0.999   0.423   0.425   0.421 
  0.988   0.989   0.987   0.999   0.999   0.999   0.423   0.425   0.421 
  0.988   0.988   0.987   0.999   0.999   0.999   0.423   0.425   0.421 
  0.988   0.988   0.987   0.999   0.999   0.999   0.423   0.425   0.421 
  0.987   0.988   0.987   0.999   0.999   0.999   0.423   0.425   0.421 
  0.987   0.988   0.987   0.999   0.999   0.999   0.423   0.425   0.421 
  0.987   0.988   0.987   0.999   0.999   0.999   0.423   0.425   0.421 
  0.987   0.987   0.986   0.999   0.999   0.999   0.423   0.425   0.421 
  0.987   0.987   0.986   0.999   0.999   0.999   0.423   0.425   0.421 
  0.987   0.987   0.986   0.999   0.999   0.999   0.423   0.425   0.421 
  0.986   0.987   0.986   0.999   0.999   0.999   0.423   0.425   0.421 
  0.986   0.987   0.985   0.999   0.999   0.999   0.423   0.425   0.422 
  0.986   0.986   0.985   0.999   0.999   0.999   0.423   0.425   0.422 
  0.986   0.986   0.985   0.999   0.999   0.999   0.424   0.425   0.422 
  0.985   0.986   0.985   0.999   0.999   0.999   0.424   0.425   0.422 
  0.985   0.986   0.985   0.999   0.999   0.999   0.424   0.425   0.422 
  0.985   0.986   0.984   0.999   0.999   0.999   0.424   0.426   0.422 
  0.985   0.986   0.984   0.999   0.999   0.999   0.424   0.426   0.422 
  0.985   0.985   0.984   0.999   0.999   0.999   0.424   0.426   0.422 
  0.984   0.985   0.984   0.999   0.999   0.999   0.424   0.426   0.422 
  0.984   0.985   0.984   0.999   0.999   0.999   0.424   0.426   0.422 
  0.984   0.985   0.983   0.999   0.999   0.999   0.424   0.426   0.422 
  0.984   0.984   0.983   0.999   0.999   0.999   0.424   0.426   0.422 
  0.984   0.984   0.983   0.999   0.999   0.999   0.424   0.426   0.422 
  0.983   0.984   0.983   0.999   0.999   0.999   0.424   0.426   0.422 
  0.983   0.984   0.982   0.999   0.999   0.999   0.424   0.426   0.422 
  0.983   0.984   0.982   0.999   0.999   0.999   0.424   0.426   0.422 
  0.983   0.983   0.982   0.999   0.999   0.999   0.424   0.426   0.422 
  0.982   0.983   0.982   0.999   0.999   0.999   0.424   0.426   0.422 
  0.982   0.983   0.981   0.999   0.999   0.999   0.424   0.426   0.423 
  0.982   0.982   0.981   0.999   0.999   0.999   0.424   0.426   0.423 
  0.982   0.982   0.981   0.999   0.999   0.999   0.425   0.426   0.423 
  0.981   0.982   0.981   0.999   0.999   0.999   0.425   0.426   0.423 
  0.981   0.982   0.980   0.999   0.999   0.999   0.425   0.427   0.423 
  0.981   0.981   0.980   0.999   0.999   0.999   0.425   0.427   0.423 
  0.980   0.981   0.980   0.999   0.999   0.999   0.425   0.427   0.423 
  0.980   0.981   0.979   0.999   0.999   0.999   0.425   0.427   0.423 
  0.980   0.981   0.979   0.999   0.999   0.999   0.425   0.427   0.423 
  0.980   0.980   0.979   0.999   0.999   0.999   0.425   0.427   0.423 
  0.979   0.980   0.979   0.999   0.999   0.999   0.425   0.427   0.423 
  0.979   0.980   0.978   0.999   0.999   0.999   0.425   0.427   0.423 
  0.979   0.979   0.978   0.999   0.999   0.999   0.425   0.427   0.423 
  0.978   0.979   0.978   0.999   0.999   0.999   0.425   0.427   0.423 
  0.978   0.979   0.977   0.999   0.999   0.999   0.425   0.427   0.424 
  0.978   0.978   0.977   0.999   0.999   0.999   0.426   0.427   0.424 
  0.977   0.978   0.976   0.999   0.999   0.999   0.426   0.427   0.424 
  0.977   0.978   0.976   0.999   0.999   0.999   0.426   0.428   0.424 
  0.977   0.977   0.976   0.999   0.999   0.999   0.426   0.428   0.424 
  0.976   0.977   0.975   0.999   0.999   0.999   0.426   0.428   0.424 
  0.976   0.976   0.975   0.999   0.999   0.999   0.426   0.428   0.424 
  0.975   0.976   0.974   0.999   0.999   0.999   0.426   0.428   0.424 
  0.975   0.976   0.974   0.999   0.999   0.999   0.426   0.428   0.424 
  0.975   0.975   0.974   0.999   0.999   0.999   0.426   0.428   0.424 
  0.974   0.975   0.973   0.999   0.999   0.999   0.426   0.428   0.425 
  0.973   0.974   0.973   0.999   0.999   0.999   0.427   0.428   0.425 
  0.973   0.974   0.972   0.999   0.999   0.999   0.427   0.429   0.425 
  0.972   0.973   0.972   0.999   0.999   0.999   0.427   0.429   0.425 
  0.972   0.973   0.971   0.999   0.999   0.999   0.427   0.429   0.425 
  0.971   0.972   0.971   0.999   0.999   0.999   0.427   0.429   0.425 
  0.971   0.972   0.970   0.999   0.999   0.999   0.427   0.429   0.425 
  0.971   0.971   0.970   0.999   0.999   0.999   0.427   0.429   0.425 
  0.970   0.971   0.969   0.999   0.999   0.999   0.427   0.429   0.425 
  0.970   0.971   0.969   0.999   0.999   0.999   0.427   0.429   0.426 
  0.969   0.970   0.968   0.999   0.999   0.999   0.428   0.429   0.426 
  0.969   0.970   0.968   0.999   0.999   0.999   0.428   0.430   0.426 
  0.968   0.969   0.967   0.999   0.999   0.999   0.428   0.430   0.426 
  0.968   0.969   0.967   0.999   0.999   0.999   0.428   0.430   0.426 
  0.967   0.968   0.966   0.999   0.999   0.999   0.428   0.430   0.426 
  0.967   0.968   0.966   0.999   0.999   0.999   0.428   0.430   0.426 
  0.966   0.967   0.966   0.999   0.999   0.999   0.428   0.430   0.426 
  0.966   0.967   0.965   0.999   0.999   0.999   0.428   0.430   0.427 
  0.966   0.967   0.965   0.999   0.999   0.999   0.428   0.430   0.427 
  0.965   0.966   0.964   0.999   0.999   0.999   0.429   0.430   0.427 
  0.965   0.966   0.964   0.999   0.999   0.999   0.429   0.431   0.427 
  0.964   0.965   0.963   0.999   0.999   0.999   0.429   0.431   0.427 
  0.964   0.965   0.963   0.999   0.999   0.999   0.429   0.431   0.427 
  0.963   0.964   0.962   0.999   0.999   0.999   0.429   0.431   0.427 
  0.963   0.964   0.962   0.999   0.999   0.999   0.429   0.431   0.427 
  0.962   0.963   0.962   0.999   0.999   0.999   0.429   0.431   0.427 
  0.962   0.963   0.961   0.999   0.999   0.999   0.429   0.431   0.428 
  0.961   0.962   0.961   0.999   0.999   0.999   0.430   0.431   0.428 
  0.961   0.962   0.960   0.999   0.999   0.999   0.430   0.432   0.428 
  0.960   0.961   0.959   0.999   0.999   0.999   0.430   0.432   0.428 
  0.960   0.961   0.959   0.999   0.999   0.999   0.430   0.432   0.428 
  0.959   0.960   0.958   0.999   0.999   0.999   0.430   0.432   0.428 
  0.958   0.959   0.957   0.999   0.999   0.999   0.430   0.432   0.428 
  0.958   0.959   0.957   0.999   0.999   0.999   0.430   0.432   0.429 
  0.957   0.958   0.956   0.999   0.999   0.999   0.431   0.433   0.429 
  0.956   0.957   0.955   0.999   0.999   0.999   0.431   0.433   0.429 
  0.956   0.957   0.955   0.999   0.999   0.999   0.431   0.433   0.429 
  0.955   0.956   0.954   0.999   0.999   0.999   0.431   0.433   0.429 
  0.954   0.955   0.953   0.999   0.999   0.999   0.431   0.433   0.430 
  0.953   0.954   0.952   0.999   0.999   0.999   0.432   0.434   0.430 
  0.953   0.954   0.952   0.999   0.999   0.999   0.432   0.434   0.430 
  0.952   0.953   0.951   0.999   0.999   0.999   0.432   0.434   0.430 
  0.951   0.952   0.950   0.999   0.999   0.999   0.432   0.434   0.430 
  0.950   0.951   0.949   0.999   0.999   0.999   0.432   0.434   0.431 
  0.949   0.950   0.948   0.999   0.999   0.999   0.433   0.435   0.431 
  0.948   0.949   0.947   0.999   0.999   0.998   0.433   0.435   0.431 
  0.947   0.948   0.946   0.999   0.999   0.998   0.433   0.435   0.431 
  0.947   0.948   0.945   0.999   0.999   0.998   0.433   0.435   0.431 
  0.946   0.947   0.944   0.999   0.999   0.998   0.434   0.435   0.432 
  0.945   0.946   0.944   0.999   0.999   0.998   0.434   0.436   0.432 
  0.944   0.945   0.943   0.999   0.999   0.998   0.434   0.436   0.432 
  0.943   0.944   0.942   0.999   0.999   0.998   0.434   0.436   0.432 
  0.942   0.943   0.941   0.998   0.999   0.998   0.434   0.436   0.433 
  0.941   0.942   0.940   0.998   0.999   0.998   0.435   0.437   0.433 
  0.940   0.942   0.939   0.998   0.999   0.998   0.435   0.437   0.433 
  0.939   0.941   0.938   0.998   0.999   0.998   0.435   0.437   0.433 
  0.939   0.940   0.937   0.998   0.999   0.998   0.435   0.437   0.433 
  0.938   0.939   0.937   0.998   0.999   0.998   0.436   0.437   0.434 
  0.937   0.938   0.936   0.998   0.999   0.998   0.436   0.438   0.434 
  0.936   0.938   0.935   0.998   0.998   0.998   0.436   0.438   0.434 
  0.935   0.937   0.934   0.998   0.998   0.998   0.436   0.438   0.434 
  0.935   0.936   0.933   0.998   0.998   0.998   0.436   0.438   0.434 
  0.934   0.935   0.932   0.998   0.998   0.998   0.436   0.438   0.435 
  0.933   0.934   0.932   0.998   0.998   0.998   0.437   0.439   0.435 
  0.932   0.934   0.931   0.998   0.998   0.997   0.437   0.439   0.435 
  0.931   0.933   0.930   0.998   0.998   0.997   0.437   0.439   0.435 
  0.931   0.932   0.929   0.997   0.998   0.997   0.437   0.439   0.435 
  0.930   0.931   0.928   0.997   0.998   0.997   0.437   0.439   0.436 
  0.929   0.930   0.927   0.997   0.998   0.997   0.438   0.440   0.436 
  0.928   0.929   0.926   0.997   0.998   0.997   0.438   0.440   0.436 
  0.927   0.928   0.925   0.997   0.997   0.997   0.438   0.440   0.436 
  0.926   0.927   0.924   0.997   0.997   0.997   0.438   0.440   0.436 
  0.925   0.926   0.923   0.997   0.997   0.997   0.439   0.441   0.437 
  0.924   0.925   0.922   0.997   0.997   0.996   0.439   0.441   0.437 
  0.923   0.924   0.921   0.997   0.997   0.996   0.439   0.441   0.437 
  0.922   0.923   0.920   0.997   0.997   0.996   0.439   0.441   0.437 
  0.921   0.922   0.919   0.996   0.997   0.996   0.440   0.442   0.438 
  0.919   0.921   0.918   0.996   0.997   0.996   0.440   0.442   0.438 
  0.918   0.920   0.917   0.996   0.997   0.996   0.440   0.442   0.438 
  0.917   0.918   0.915   0.996   0.997   0.996   0.441   0.443   0.439 
  0.916   0.917   0.914   0.996   0.997   0.996   0.441   0.443   0.439 
  0.914   0.916   0.913   0.996   0.997   0.996   0.441   0.443   0.439 
  0.913   0.914   0.912   0.996   0.997   0.996   0.442   0.444   0.440 
  0.912   0.913   0.910   0.996   0.997   0.996   0.442   0.444   0.440 
  0.910   0.912   0.909   0.996   0.996   0.996   0.442   0.444   0.440 
  0.909   0.910   0.907   0.996   0.996   0.996   0.443   0.445   0.441 
  0.908   0.909   0.906   0.996   0.996   0.996   0.443   0.445   0.441 
  0.906   0.908   0.905   0.996   0.996   0.996   0.443   0.445   0.441 
  0.905   0.906   0.903   0.996   0.996   0.996   0.444   0.446   0.442 
  0.904   0.905   0.902   0.996   0.996   0.996   0.444   0.446   0.442 
  0.902   0.904   0.901   0.996   0.996   0.996   0.445   0.446   0.443 
  0.901   0.902   0.899   0.996   0.996   0.996   0.445   0.447   0.443 
  0.899   0.901   0.898   0.996   0.996   0.995   0.445   0.447   0.443 
  0.898   0.899   0.896   0.996   0.996   0.995   0.446   0.448   0.444 
  0.896   0.898   0.895   0.996   0.996   0.995   0.446   0.448   0.444 
  0.895   0.896   0.893   0.996   0.996   0.995   0.446   0.448   0.444 
  0.893   0.894   0.891   0.995   0.996   0.995   0.447   0.449   0.445 
  0.891   0.893   0.889   0.995   0.996   0.995   0.447   0.449   0.445 
  0.889   0.891   0.888   0.995   0.995   0.995   0.448   0.450   0.446 
  0.887   0.889   0.886   0.995   0.995   0.994   0.448   0.450   0.446 
  0.886   0.887   0.884   0.995   0.995   0.994   0.449   0.451   0.447 
  0.884   0.885   0.882   0.995   0.995   0.994   0.449   0.451   0.447 
  0.882   0.883   0.880   0.994   0.995   0.994   0.450   0.452   0.448 
  0.880   0.882   0.878   0.994   0.995   0.994   0.450   0.452   0.448 
  0.878   0.880   0.877   0.994   0.995   0.994   0.451   0.453   0.449 
  0.877   0.878   0.875   0.994   0.995   0.994   0.451   0.453   0.449 
  0.875   0.876   0.873   0.994   0.994   0.993   0.452   0.454   0.450 
  0.873   0.875   0.871   0.994   0.994   0.993   0.452   0.454   0.450 
  0.872   0.873   0.870   0.994   0.994   0.993   0.452   0.454   0.451 
  0.870   0.872   0.868   0.994   0.994   0.993   0.453   0.455   0.451 
  0.868   0.870   0.867   0.994   0.994   0.993   0.453   0.455   0.451 
  0.867   0.869   0.865   0.994   0.994   0.993   0.454   0.456   0.452 
  0.865   0.867   0.863   0.994   0.994   0.993   0.454   0.456   0.452 
  0.864   0.865   0.862   0.994   0.994   0.993   0.455   0.457   0.453 
  0.862   0.863   0.860   0.993   0.994   0.993   0.455   0.457   0.453 
  0.860   0.862   0.859   0.993   0.994   0.993   0.456   0.458   0.454 
  0.859   0.861   0.857   0.993   0.994   0.993   0.456   0.458   0.454 
  0.857   0.859   0.855   0.993   0.994   0.993   0.457   0.459   0.455 
  0.855   0.857   0.854   0.993   0.994   0.993   0.457   0.459   0.455 
  0.854   0.855   0.852   0.993   0.994   0.993   0.457   0.459   0.455 
  0.852   0.854   0.850   0.993   0.994   0.993   0.458   0.460   0.456 
  0.850   0.852   0.848   0.993   0.993   0.992   0.458   0.460   0.456 
  0.848   0.850   0.847   0.993   0.993   0.992   0.459   0.461   0.457 
  0.846   0.848   0.845   0.993   0.993   0.992   0.459   0.461   0.457 
  0.845   0.847   0.843   0.992   0.993   0.992   0.460   0.462   0.458 
  0.843   0.845   0.841   0.992   0.993   0.992   0.460   0.462   0.458 
  0.841   0.843   0.840   0.992   0.993   0.991   0.461   0.463   0.459 
  0.840   0.842   0.838   0.992   0.992   0.991   0.461   0.463   0.459 
  0.838   0.840   0.836   0.991   0.992   0.991   0.462   0.464   0.460 
  0.837   0.838   0.835   0.991   0.992   0.991   0.462   0.464   0.460 
  0.835   0.837   0.833   0.991   0.992   0.990   0.462   0.464   0.460 
  0.833   0.835   0.831   0.991   0.991   0.990   0.463   0.465   0.461 
  0.831   0.833   0.829   0.990   0.991   0.990   0.463   0.465   0.461 
  0.829   0.831   0.828   0.990   0.991   0.989   0.464   0.466   0.462 
  0.828   0.830   0.826   0.990   0.990   0.989   0.464   0.466   0.462 
  0.826   0.828   0.824   0.989   0.990   0.989   0.465   0.467   0.463 
  0.824   0.826   0.823   0.989   0.990   0.988   0.465   0.467   0.463 
  0.823   0.825   0.821   0.989   0.989   0.988   0.465   0.468   0.463 
  0.821   0.823   0.819   0.988   0.989   0.988   0.466   0.468   0.464 
  0.820   0.822   0.818   0.988   0.989   0.988   0.466   0.468   0.464 
  0.818   0.820   0.816   0.988   0.989   0.987   0.467   0.469   0.465 
  0.816   0.818   0.814   0.988   0.988   0.987   0.467   0.469   0.465 
  0.814   0.816   0.812   0.988   0.988   0.987   0.468   0.470   0.466 
  0.812   0.814   0.810   0.987   0.988   0.987   0.469   0.471   0.466 
  0.810   0.812   0.808   0.987   0.988   0.987   0.469   0.471   0.467 
  0.807   0.809   0.805   0.987   0.988   0.987   0.470   0.472   0.468 
  0.805   0.807   0.803   0.987   0.988   0.986   0.470   0.472   0.468 
  0.803   0.805   0.801   0.987   0.988   0.986   0.471   0.473   0.469 
  0.801   0.803   0.799   0.987   0.987   0.986   0.472   0.474   0.470 
  0.799   0.801   0.797   0.987   0.987   0.986   0.472   0.474   0.470 
  0.797   0.799   0.795   0.986   0.987   0.986   0.473   0.475   0.471 
  0.795   0.798   0.793   0.986   0.987   0.985   0.473   0.475   0.471 
  0.793   0.795   0.791   0.986   0.986   0.985   0.474   0.476   0.472 
  0.791   0.794   0.789   0.985   0.986   0.985   0.474   0.476   0.472 
  0.790   0.792   0.788   0.985   0.986   0.984   0.475   0.477   0.473 
  0.788   0.790   0.786   0.985   0.985   0.984   0.475   0.477   0.473 
  0.786   0.788   0.784   0.984   0.985   0.983   0.476   0.478   0.474 
  0.784   0.786   0.782   0.983   0.984   0.982   0.476   0.478   0.474 
  0.782   0.784   0.780   0.982   0.983   0.982   0.477   0.479   0.474 
  0.780   0.782   0.778   0.982   0.983   0.981   0.477   0.479   0.475 
  0.778   0.780   0.776   0.981   0.982   0.980   0.477   0.479   0.475 
  0.776   0.778   0.774   0.980   0.981   0.979   0.478   0.480   0.476 
  0.774   0.776   0.772   0.980   0.980   0.979   0.478   0.480   0.476 
  0.772   0.774   0.770   0.979   0.980   0.978   0.479   0.481   0.477 
  0.769   0.772   0.767   0.978   0.979   0.977   0.479   0.481   0.477 
  0.767   0.769   0.765   0.977   0.978   0.976   0.480   0.482   0.478 
  0.765   0.767   0.762   0.976   0.977   0.975   0.481   0.483   0.478 
  0.762   0.764   0.760   0.975   0.976   0.974   0.481   0.483   0.479 
  0.759   0.761   0.757   0.974   0.975   0.973   0.482   0.484   0.480 
  0.756   0.758   0.754   0.973   0.974   0.972   0.483   0.485   0.481 
  0.753   0.756   0.751   0.972   0.973   0.971   0.483   0.485   0.481 
  0.751   0.753   0.748   0.972   0.973   0.970   0.484   0.486   0.482 
  0.748   0.750   0.746   0.971   0.972   0.970   0.485   0.487   0.483 
  0.745   0.747   0.743   0.970   0.971   0.969   0.485   0.488   0.483 
  0.742   0.744   0.740   0.969   0.970   0.968   0.486   0.488   0.484 
  0.739   0.741   0.737   0.968   0.969   0.967   0.487   0.489   0.485 
  0.736   0.738   0.734   0.967   0.968   0.966   0.488   0.490   0.486 
  0.733   0.736   0.731   0.966   0.968   0.965   0.488   0.491   0.486 
  0.731   0.733   0.728   0.965   0.966   0.964   0.489   0.491   0.487 
  0.728   0.730   0.725   0.964   0.965   0.963   0.490   0.492   0.488 
  0.725   0.727   0.723   0.963   0.964   0.962   0.491   0.493   0.489 
  0.722   0.724   0.720   0.962   0.963   0.961   0.491   0.493   0.489 
  0.719   0.721   0.717   0.961   0.962   0.960   0.492   0.494   0.490 
  0.716   0.719   0.714   0.959   0.961   0.958   0.493   0.495   0.490 
  0.714   0.716   0.712   0.958   0.959   0.957   0.493   0.495   0.491 
  0.711   0.713   0.709   0.957   0.958   0.956   0.494   0.496   0.492 
  0.708   0.711   0.706   0.956   0.957   0.954   0.494   0.497   0.492 
  0.705   0.707   0.703   0.954   0.956   0.953   0.495   0.497   0.493 
  0.702   0.704   0.700   0.953   0.954   0.952   0.496   0.498   0.494 
  0.699   0.701   0.696   0.951   0.953   0.950   0.497   0.499   0.495 
  0.695   0.697   0.693   0.950   0.951   0.949   0.498   0.500   0.496 
  0.691   0.694   0.689   0.949   0.950   0.947   0.499   0.501   0.496 
  0.688   0.690   0.686   0.947   0.949   0.946   0.499   0.502   0.497 
  0.684   0.686   0.682   0.946   0.947   0.945   0.501   0.503   0.498 
  0.681   0.683   0.679   0.945   0.946   0.943   0.501   0.504   0.499 
  0.678   0.680   0.675   0.943   0.945   0.942   0.502   0.504   0.500 
  0.674   0.677   0.672   0.942   0.944   0.941   0.503   0.505   0.501 
  0.671   0.674   0.669   0.941   0.942   0.939   0.504   0.506   0.502 
  0.669   0.671   0.666   0.939   0.941   0.938   0.504   0.507   0.502 
  0.666   0.668   0.664   0.938   0.940   0.937   0.505   0.507   0.503 
  0.663   0.665   0.661   0.937   0.939   0.936   0.506   0.508   0.504 
  0.660   0.662   0.658   0.936   0.937   0.934   0.507   0.509   0.505 
  0.656   0.658   0.654   0.935   0.936   0.933   0.508   0.510   0.506 
  0.652   0.654   0.650   0.933   0.934   0.931   0.509   0.511   0.507 
  0.648   0.650   0.646   0.932   0.933   0.930   0.510   0.512   0.508 
  0.644   0.646   0.642   0.930   0.932   0.929   0.511   0.514   0.509 
  0.640   0.642   0.637   0.929   0.930   0.927   0.513   0.515   0.510 
  0.635   0.638   0.633   0.927   0.929   0.925   0.514   0.516   0.512 
  0.631   0.634   0.629   0.925   0.927   0.924   0.515   0.517   0.513 
  0.627   0.629   0.624   0.923   0.925   0.922   0.516   0.519   0.514 
  0.622   0.624   0.620   0.922   0.923   0.920   0.518   0.520   0.516 
  0.617   0.620   0.615   0.920   0.921   0.918   0.519   0.521   0.517 
  0.613   0.615   0.611   0.918   0.919   0.916   0.520   0.523   0.518 
  0.609   0.611   0.606   0.916   0.918   0.914   0.522   0.524   0.519 
  0.604   0.607   0.602   0.913   0.915   0.912   0.523   0.525   0.520 
  0.600   0.602   0.598   0.911   0.913   0.909   0.524   0.526   0.522 
  0.596   0.598   0.594   0.909   0.911   0.907   0.525   0.527   0.523 
  0.591   0.594   0.589   0.907   0.908   0.905   0.526   0.529   0.524 
  0.586   0.589   0.584   0.905   0.907   0.903   0.528   0.530   0.526 
  0.581   0.583   0.578   0.903   0.904   0.901   0.530   0.532   0.527 
  0.575   0.577   0.572   0.901   0.902   0.899   0.532   0.534   0.529 
  0.569   0.571   0.566   0.899   0.901   0.897   0.534   0.536   0.532 
  0.563   0.565   0.560   0.898   0.900   0.896   0.536   0.539   0.534 
  0.557   0.559   0.554   0.897   0.898   0.895   0.539   0.541   0.536 
  0.550   0.553   0.548   0.895   0.897   0.893   0.541   0.543   0.539 
  0.544   0.546   0.541   0.894   0.895   0.892   0.544   0.546   0.541 
  0.538   0.541   0.536   0.892   0.894   0.890   0.546   0.548   0.543 
  0.533   0.535   0.530   0.889   0.891   0.887   0.548   0.550   0.545 
  0.527   0.530   0.525   0.887   0.889   0.885   0.549   0.552   0.547 
  0.522   0.524   0.519   0.885   0.887   0.883   0.551   0.554   0.549 
  0.516   0.519   0.514   0.882   0.884   0.880   0.553   0.555   0.551 
  0.510   0.513   0.508   0.879   0.881   0.877   0.555   0.558   0.553 
  0.505   0.507   0.502   0.876   0.878   0.874   0.557   0.560   0.555 
  0.498   0.500   0.495   0.872   0.874   0.870   0.559   0.562   0.557 
  0.491   0.494   0.489   0.868   0.871   0.866   0.562   0.564   0.559 
  0.484   0.487   0.482   0.865   0.867   0.863   0.564   0.567   0.562 
  0.477   0.480   0.475   0.862   0.864   0.860   0.567   0.569   0.565 
  0.471   0.474   0.469   0.859   0.862   0.857   0.569   0.572   0.567 
  0.466   0.468   0.463   0.856   0.859   0.854   0.571   0.574   0.569 
  0.461   0.463   0.458   0.853   0.856   0.851   0.573   0.575   0.571 
  0.456   0.458   0.453   0.850   0.852   0.847   0.575   0.577   0.572 
  0.450   0.452   0.447   0.845   0.848   0.843   0.577   0.579   0.574 
  0.444   0.446   0.441   0.840   0.843   0.838   0.578   0.581   0.576 
  0.438   0.440   0.435   0.836   0.839   0.834   0.581   0.583   0.578 
  0.431   0.434   0.429   0.831   0.833   0.829   0.583   0.585   0.580 
  0.424   0.427   0.422   0.826   0.829   0.824   0.585   0.588   0.583 
  0.418   0.420   0.415   0.821   0.823   0.818   0.587   0.590   0.585 
  0.412   0.415   0.410   0.815   0.817   0.812   0.589   0.591   0.586 
  0.406   0.409   0.404   0.809   0.811   0.806   0.591   0.593   0.588 
  0.399   0.401   0.396   0.803   0.805   0.800   0.593   0.596   0.591 
  0.390   0.393   0.388   0.797   0.800   0.795   0.597   0.599   0.594 
  0.382   0.385   0.380   0.791   0.794   0.789   0.600   0.602   0.597 
  0.375   0.378   0.373   0.786   0.788   0.783   0.603   0.605   0.600 
  0.369   0.371   0.366   0.779   0.782   0.777   0.605   0.607   0.602 
  0.363   0.365   0.360   0.774   0.776   0.771   0.607   0.610   0.605 
  0.356   0.358   0.353   0.768   0.770   0.765   0.610   0.612   0.607 
  0.349   0.351   0.347   0.762   0.765   0.760   0.613   0.615   0.610 
  0.341   0.344   0.339   0.757   0.759   0.754   0.616   0.619   0.614 
  0.334   0.337   0.332   0.751   0.753   0.748   0.620   0.622   0.617 
  0.326   0.328   0.323   0.744   0.747   0.742   0.623   0.626   0.621 
  0.317   0.319   0.315   0.737   0.740   0.735   0.628   0.630   0.625 
  0.309   0.311   0.306   0.730   0.733   0.728   0.632   0.634   0.629 
  0.301   0.303   0.298   0.723   0.726   0.720   0.636   0.638   0.633 
  0.292   0.294   0.290   0.716   0.718   0.713   0.640   0.643   0.637 
  0.284   0.286   0.282   0.708   0.710   0.705   0.644   0.647   0.641 
  0.276   0.278   0.274   0.700   0.703   0.698   0.648   0.651   0.645 
  0.269   0.272   0.267   0.693   0.696   0.690   0.651   0.654   0.648 
  0.262   0.264   0.260   0.685   0.688   0.682   0.655   0.658   0.652 
  0.256   0.258   0.254   0.675   0.677   0.672   0.657   0.659   0.654 
  0.250   0.253   0.248   0.665   0.667   0.662   0.658   0.661   0.655 
  0.244   0.247   0.242   0.656   0.659   0.654   0.661   0.664   0.658 
  0.238   0.240   0.236   0.649   0.652   0.647   0.664   0.667   0.661 
  0.233   0.235   0.230   0.642   0.645   0.639   0.667   0.670   0.664 
  0.228   0.230   0.226   0.635   0.638   0.632   0.669   0.671   0.666 
  0.224   0.226   0.221   0.627   0.630   0.624   0.670   0.673   0.667 
  0.218   0.220   0.215   0.620   0.623   0.617   0.674   0.677   0.671 
  0.213   0.215   0.211   0.613   0.616   0.610   0.676   0.679   0.673 
  0.207   0.209   0.205   0.604   0.607   0.601   0.679   0.682   0.676 
  0.202   0.204   0.199   0.595   0.598   0.592   0.682   0.685   0.679 
  0.195   0.197   0.193   0.585   0.588   0.582   0.685   0.688   0.682 
  0.189   0.191   0.187   0.577   0.580   0.574   0.689   0.692   0.686 
  0.183   0.185   0.181   0.568   0.571   0.565   0.692   0.695   0.689 
  0.178   0.180   0.176   0.559   0.562   0.556   0.695   0.698   0.692 
  0.173   0.175   0.171   0.552   0.554   0.549   0.698   0.702   0.695 
  0.169   0.171   0.167   0.543   0.546   0.540   0.700   0.703   0.697 
  0.165   0.167   0.163   0.535   0.538   0.533   0.702   0.705   0.699 
  0.161   0.163   0.159   0.529   0.531   0.526   0.704   0.707   0.701 
  0.158   0.160   0.156   0.521   0.524   0.518   0.705   0.709   0.702 
  0.155   0.156   0.153   0.513   0.515   0.510   0.707   0.710   0.703 
  0.151   0.153   0.150   0.503   0.505   0.500   0.707   0.710   0.703 
  0.148   0.150   0.146   0.491   0.494   0.488   0.706   0.709   0.703 
  0.145   0.147   0.143   0.480   0.483   0.477   0.706   0.709   0.703 
  0.142   0.144   0.140   0.469   0.472   0.466   0.706   0.709   0.702 
  0.139   0.141   0.137   0.459   0.462   0.456   0.705   0.709   0.702 
  0.136   0.138   0.134   0.449   0.452   0.446   0.706   0.710   0.703 
  0.132   0.134   0.131   0.441   0.444   0.438   0.707   0.711   0.704 
  0.129   0.131   0.128   0.431   0.434   0.428   0.708   0.711   0.704 
  0.126   0.128   0.125   0.421   0.424   0.419   0.708   0.712   0.704 
  0.123   0.125   0.121   0.412   0.415   0.409   0.708   0.712   0.705 
  0.120   0.122   0.118   0.402   0.405   0.400   0.709   0.713   0.705 
  0.117   0.119   0.116   0.392   0.395   0.390   0.709   0.712   0.705 
  0.114   0.116   0.113   0.383   0.386   0.381   0.709   0.713   0.705 
  0.112   0.113   0.110   0.375   0.378   0.372   0.709   0.713   0.705 
  0.110   0.111   0.108   0.367   0.370   0.364   0.709   0.712   0.705 
  0.108   0.109   0.106   0.358   0.361   0.356   0.707   0.711   0.703 
  0.106   0.107   0.104   0.349   0.352   0.347   0.706   0.710   0.702 
  0.104   0.105   0.102   0.341   0.344   0.339   0.705   0.709   0.701 
  0.101   0.102   0.099   0.332   0.335   0.330   0.706   0.710   0.702 
  0.097   0.099   0.096   0.322   0.325   0.320   0.707   0.711   0.703 
  0.095   0.097   0.093   0.313   0.316   0.311   0.706   0.710   0.702 
  0.093   0.094   0.091   0.304   0.307   0.301   0.704   0.709   0.700 
  0.091   0.092   0.089   0.296   0.298   0.293   0.703   0.708   0.699 
  0.088   0.090   0.087   0.287   0.290   0.285   0.703   0.707   0.698 
  0.086   0.087   0.084   0.280   0.283   0.278   0.704   0.708   0.699 
  0.084   0.085   0.082   0.274   0.277   0.272   0.704   0.709   0.700 
  0.082   0.083   0.080   0.268   0.271   0.265   0.704   0.709   0.700 
  0.080   0.081   0.078   0.262   0.264   0.259   0.705   0.709   0.700 
  0.077   0.079   0.076   0.256   0.259   0.254   0.707   0.712   0.702 
  0.075   0.076   0.073   0.252   0.254   0.249   0.710   0.715   0.705 
  0.072   0.074   0.071   0.247   0.250   0.245   0.714   0.718   0.709 
  0.070   0.071   0.068   0.243   0.245   0.240   0.717   0.721   0.712 
  0.068   0.069   0.066   0.238   0.241   0.236   0.720   0.725   0.715 
  0.065   0.067   0.064   0.234   0.237   0.232   0.723   0.728   0.718 
  0.063   0.064   0.062   0.230   0.233   0.228   0.727   0.732   0.722 
  0.061   0.062   0.060   0.226   0.229   0.223   0.730   0.735   0.725 
  0.059   0.060   0.058   0.222   0.224   0.219   0.734   0.739   0.729 
  0.057   0.058   0.056   0.218   0.220   0.215   0.736   0.741   0.731 
  0.056   0.057   0.054   0.214   0.216   0.211   0.738   0.743   0.733 
  0.054   0.055   0.053   0.210   0.212   0.207   0.738   0.743   0.733 
  0.053   0.054   0.052   0.206   0.208   0.203   0.739   0.744   0.733 
  0.052   0.053   0.051   0.201   0.204   0.199   0.738   0.744   0.733 
  0.051   0.052   0.050   0.197   0.200   0.195   0.739   0.745   0.734 
  0.050   0.051   0.048   0.194   0.196   0.191   0.740   0.746   0.735 
  0.048   0.050   0.047   0.190   0.192   0.187   0.741   0.747   0.736 
  0.047   0.048   0.046   0.186   0.188   0.183   0.742   0.747   0.736 
  0.046   0.047   0.045   0.181   0.184   0.179   0.741   0.747   0.736 
  0.046   0.047   0.044   0.177   0.180   0.175   0.740   0.746   0.734 
  0.045   0.046   0.044   0.174   0.176   0.171   0.739   0.745   0.734 
  0.044   0.045   0.043   0.170   0.172   0.168   0.740   0.746   0.734 
  0.043   0.044   0.041   0.166   0.168   0.164   0.741   0.747   0.735 
  0.041   0.042   0.040   0.162   0.164   0.160   0.742   0.748   0.736 
  0.040   0.041   0.039   0.159   0.161   0.156   0.743   0.749   0.737 
  0.039   0.040   0.038   0.155   0.157   0.153   0.745   0.752   0.739 
  0.038   0.039   0.037   0.152   0.154   0.150   0.748   0.755   0.742 
  0.036   0.037   0.035   0.149   0.151   0.147   0.751   0.757   0.745 
  0.035   0.036   0.034   0.146   0.148   0.144   0.755   0.761   0.748 
  0.034   0.035   0.033   0.143   0.145   0.141   0.756   0.763   0.750 
  0.033   0.034   0.032   0.141   0.143   0.138   0.758   0.764   0.751 
  0.032   0.033   0.031   0.138   0.140   0.136   0.758   0.764   0.751 
  0.032   0.032   0.031   0.135   0.137   0.133   0.758   0.764   0.752 
  0.031   0.032   0.030   0.132   0.134   0.130   0.759   0.765   0.752 
  0.030   0.031   0.029   0.128   0.130   0.126   0.760   0.766   0.753 
  0.029   0.030   0.028   0.125   0.127   0.123   0.760   0.766   0.753 
  0.028   0.029   0.027   0.122   0.124   0.120   0.760   0.767   0.753 
  0.028   0.028   0.027   0.119   0.121   0.117   0.760   0.767   0.753 
  0.027   0.028   0.026   0.116   0.118   0.114   0.760   0.767   0.753 
  0.026   0.027   0.025   0.113   0.115   0.111   0.760   0.767   0.753 
  0.026   0.026   0.025   0.111   0.113   0.109   0.760   0.767   0.753 
  0.025   0.026   0.024   0.108   0.110   0.106   0.760   0.767   0.753 
  0.024   0.025   0.023   0.106   0.108   0.104   0.760   0.767   0.753 
  0.024   0.025   0.023   0.103   0.105   0.101   0.759   0.767   0.752 
  0.023   0.024   0.022   0.101   0.103   0.099   0.759   0.767   0.752 
  0.023   0.023   0.022   0.098   0.100   0.096   0.760   0.767   0.752 
  0.022   0.023   0.021   0.096   0.098   0.094   0.761   0.769   0.754 
  0.021   0.022   0.020   0.094   0.096   0.092   0.763   0.771   0.755 
  0.021   0.021   0.020   0.093   0.094   0.091   0.765   0.773   0.757 
  0.020   0.021   0.019   0.091   0.093   0.089   0.767   0.775   0.759 
  0.019   0.020   0.019   0.090   0.091   0.088   0.770   0.778   0.762 
  0.019   0.019   0.018   0.089   0.090   0.087   0.774   0.782   0.766 
  0.018   0.019   0.018   0.087   0.089   0.086   0.776   0.784   0.768 
  0.018   0.018   0.017   0.086   0.088   0.085   0.779   0.787   0.771 
  0.017   0.018   0.017   0.085   0.087   0.083   0.780   0.788   0.773 
  0.017   0.018   0.016   0.084   0.085   0.082   0.781   0.789   0.773 
  0.017   0.017   0.016   0.082   0.084   0.080   0.781   0.789   0.772 
  0.016   0.017   0.016   0.080   0.082   0.079   0.781   0.789   0.773 
  0.016   0.017   0.015   0.079   0.080   0.077   0.781   0.789   0.773 
  0.016   0.016   0.015   0.077   0.079   0.076   0.781   0.789   0.773 
  0.015   0.016   0.015   0.076   0.077   0.074   0.782   0.790   0.774 
  0.015   0.015   0.014   0.074   0.076   0.072   0.782   0.790   0.773 
  0.014   0.015   0.014   0.073   0.074   0.071   0.784   0.793   0.776 
  0.014   0.015   0.014   0.071   0.073   0.069   0.784   0.793   0.775 
  0.014   0.014   0.013   0.069   0.071   0.067   0.785   0.794   0.776 
  0.013   0.014   0.013   0.068   0.069   0.066   0.786   0.795   0.777 
  0.013   0.014   0.012   0.066   0.068   0.065   0.786   0.795   0.777 
  0.013   0.013   0.012   0.065   0.066   0.063   0.787   0.796   0.777 
  0.012   0.013   0.012   0.063   0.065   0.062   0.788   0.797   0.778 
  0.012   0.012   0.011   0.062   0.063   0.060   0.790   0.800   0.781 
  0.012   0.012   0.011   0.061   0.062   0.059   0.792   0.801   0.782 
  0.011   0.012   0.011   0.060   0.061   0.058   0.792   0.802   0.783 
  0.011   0.011   0.010   0.059   0.060   0.057   0.794   0.804   0.785 
  0.011   0.011   0.010   0.058   0.059   0.056   0.797   0.807   0.787 
  0.010   0.011   0.010   0.057   0.058   0.055   0.797   0.807   0.788 
  0.010   0.010   0.009   0.055   0.057   0.054   0.802   0.812   0.792 
  0.010   0.010   0.009   0.054   0.056   0.053   0.802   0.812   0.792 
  0.009   0.010   0.009   0.053   0.055   0.052   0.806   0.816   0.796 
  0.009   0.009   0.008   0.052   0.053   0.050   0.810   0.820   0.800 
  0.008   0.009   0.008   0.051   0.052   0.049   0.812   0.823   0.802 
  0.008   0.008   0.007   0.049   0.051   0.048   0.818   0.829   0.807 
  0.008   0.008   0.007   0.048   0.049   0.046   0.820   0.831   0.809 
  0.007   0.008   0.007   0.047   0.048   0.045   0.823   0.834   0.812 
  0.007   0.007   0.006   0.045   0.046   0.043   0.825   0.836   0.813 
  0.007   0.007   0.006   0.043   0.044   0.042   0.822   0.834   0.810 
  0.006   0.007   0.006   0.041   0.043   0.040   0.821   0.833   0.809 
  0.006   0.007   0.006   0.040   0.041   0.039   0.819   0.832   0.807 
  0.006   0.006   0.006   0.039   0.040   0.038   0.816   0.829   0.803 
  0.006   0.006   0.005   0.038   0.039   0.037   0.816   0.829   0.803 
  0.006   0.006   0.005   0.037   0.038   0.036   0.817   0.830   0.803 
  0.006   0.006   0.005   0.036   0.037   0.035   0.818   0.831   0.805 
  0.005   0.006   0.005   0.036   0.037   0.034   0.817   0.830   0.803 
  0.005   0.006   0.005   0.035   0.036   0.034   0.817   0.831   0.804 
  0.005   0.006   0.005   0.035   0.036   0.033   0.817   0.831   0.803 
  0.005   0.005   0.005   0.034   0.035   0.033   0.819   0.833   0.804 
  0.005   0.005   0.005   0.034   0.035   0.033   0.819   0.833   0.804 
  0.005   0.005   0.005   0.033   0.034   0.032   0.819   0.833   0.804 
  0.005   0.005   0.005   0.033   0.034   0.032   0.818   0.832   0.803 
  0.005   0.005   0.004   0.032   0.033   0.031   0.818   0.833   0.803 
  0.005   0.005   0.004   0.032   0.033   0.031   0.818   0.833   0.803 
  0.005   0.005   0.004   0.031   0.032   0.030   0.818   0.834   0.803 
  0.004   0.005   0.004   0.031   0.032   0.030   0.819   0.834   0.803 
  0.004   0.005   0.004   0.030   0.031   0.029   0.818   0.834   0.802 
  0.004   0.005   0.004   0.030   0.031   0.029   0.816   0.832   0.800 
  0.004   0.004   0.004   0.029   0.030   0.028   0.816   0.832   0.800 
  0.004   0.004   0.004   0.029   0.030   0.027   0.816   0.833   0.799 
  0.004   0.004   0.003   0.028   0.029   0.027   0.816   0.833   0.799 
  0.004   0.004   0.003   0.027   0.029   0.026   0.814   0.832   0.797 
  0.003   0.004   0.003   0.027   0.028   0.026   0.817   0.835   0.800 
  0.003   0.004   0.003   0.026   0.027   0.025   0.821   0.838   0.803 
  0.003   0.003   0.003   0.026   0.027   0.025   0.821   0.839   0.804 
  0.003   0.003   0.003   0.025   0.026   0.024   0.821   0.839   0.803 
  0.003   0.003   0.003   0.025   0.026   0.024   0.817   0.836   0.799 
  0.003   0.003   0.003   0.024   0.025   0.023   0.816   0.835   0.798 
  0.003   0.003   0.002   0.023   0.024   0.023   0.809   0.829   0.790 
  0.003   0.003   0.002   0.023   0.024   0.022   0.811   0.830   0.791 
  0.002   0.003   0.002   0.022   0.023   0.021   0.801   0.821   0.780 
  0.002   0.002   0.002   0.021   0.022   0.020   0.792   0.813   0.771 
  0.002   0.002   0.002   0.021   0.022   0.020   0.789   0.810   0.767 
  0.002   0.002   0.002   0.020   0.021   0.019   0.776   0.799   0.754 
  0.002   0.002   0.002   0.019   0.020   0.018   0.770   0.792   0.747 
  0.002   0.002   0.002   0.018   0.019   0.017   0.761   0.784   0.738 
  0.002   0.002   0.002   0.018   0.018   0.017   0.752   0.775   0.728 
  0.002   0.002   0.002   0.017   0.018   0.016   0.743   0.767   0.719 
  0.002   0.002   0.001   0.016   0.017   0.016   0.737   0.761   0.712 
  0.002   0.002   0.001   0.016   0.016   0.015   0.723   0.748   0.698 
  0.002   0.002   0.001   0.015   0.016   0.014   0.707   0.732   0.681 
  0.001   0.002   0.001   0.014   0.015   0.014   0.697   0.723   0.671 
  0.001   0.002   0.001   0.014   0.014   0.013   0.682   0.708   0.655 
  0.001   0.002   0.001   0.013   0.014   0.012   0.666   0.693   0.639 
  0.001   0.002   0.001   0.012   0.013   0.011   0.650   0.678   0.623 
  0.001   0.002   0.001   0.012   0.012   0.011   0.634   0.662   0.606 
  0.001   0.001   0.001   0.011   0.012   0.010   0.625   0.653   0.597 
  0.001   0.001   0.001   0.011   0.011   0.010   0.611   0.639   0.582 
  0.001   0.001   0.001   0.010   0.011   0.010   0.593   0.621   0.564 
  0.001   0.001   0.001   0.010   0.010   0.009   0.578   0.607   0.549 
  0.001   0.001   0.001   0.009   0.010   0.009   0.559   0.588   0.530 
  0.001   0.001   0.001   0.009   0.009   0.008   0.540   0.569   0.511 
  0.001   0.001   0.001   0.008   0.009   0.008   0.529   0.559   0.500 
  0.001   0.001   0.001   0.008   0.008   0.007   0.515   0.544   0.485 
  0.001   0.001   0.001   0.008   0.008   0.007   0.507   0.537   0.477 
  0.001   0.001   0.001   0.007   0.008   0.007   0.492   0.522   0.462 
  0.001   0.001   0.001   0.007   0.007   0.006   0.476   0.506   0.447 
  0.001   0.001   0.001   0.007   0.007   0.006   0.464   0.494   0.434 
  0.001   0.001   0.001   0.006   0.007   0.006   0.451   0.481   0.421 
  0.001   0.001   0.001   0.006   0.007   0.006   0.436   0.466   0.406 
  0.001   0.001   0.001   0.006   0.006   0.005   0.427   0.456   0.397 
  0.001   0.001   0.001   0.006   0.006   0.005   0.410   0.439   0.380 
  0.001   0.001   0.001   0.005   0.006   0.005   0.400   0.429   0.370 
  0.001   0.001   0.001   0.005   0.006   0.005   0.380   0.410   0.351 
  0.001   0.001   0.001   0.005   0.005   0.004   0.369   0.398   0.339 
  0.001   0.001   0.001   0.005   0.005   0.004   0.354   0.383   0.325 
  0.001   0.001   0.001   0.004   0.005   0.004   0.340   0.369   0.311 
  0.001   0.001   0.001   0.004   0.004   0.004   0.329   0.357   0.300 
  0.001   0.001   0.001   0.004   0.004   0.004   0.322   0.350   0.293 
  0.001   0.001   0.001   0.004   0.004   0.003   0.310   0.339   0.282 
  0.001   0.001   0.001   0.004   0.004   0.003   0.306   0.333   0.278 
  0.001   0.001   0.001   0.004   0.004   0.003   0.301   0.329   0.274 
  0.001   0.001   0.001   0.004   0.004   0.003   0.294   0.321   0.266 
  0.001   0.001   0.001   0.004   0.004   0.003   0.290   0.318   0.263 
  0.001   0.001   0.001   0.003   0.004   0.003   0.289   0.316   0.261 
  0.001   0.001   0.001   0.003   0.004   0.003   0.282   0.310   0.255 
  0.001   0.001   0.001   0.003   0.004   0.003   0.278   0.306   0.251 
  0.001   0.001   0.001   0.003   0.004   0.003   0.274   0.301   0.247 
  0.001   0.001   0.001   0.003   0.004   0.003   0.268   0.295   0.241 
  0.001   0.001   0.001   0.003   0.003   0.003   0.263   0.290   0.237 
  0.001   0.001   0.001   0.003   0.003   0.003   0.257   0.284   0.231 
  0.001   0.001   0.001   0.003   0.003   0.003   0.255   0.281   0.228 
  0.001   0.001   0.001   0.003   0.003   0.003   0.249   0.275   0.223 
  0.001   0.001   0.001   0.003   0.003   0.003   0.243   0.269   0.217 
  0.001   0.001   0.001   0.003   0.003   0.003   0.241   0.267   0.215 
  0.001   0.001   0.001   0.003   0.003   0.002   0.236   0.262   0.210 
  0.001   0.001   0.001   0.003   0.003   0.002   0.233   0.259   0.208 
  0.001   0.001   0.001   0.003   0.003   0.002   0.226   0.251   0.200 
  0.001   0.001   0.001   0.003   0.003   0.002   0.221   0.246   0.196 
  0.001   0.001   0.001   0.002   0.003   0.002   0.214   0.239   0.190 
  0.001   0.001   0.001   0.002   0.003   0.002   0.207   0.232   0.183 
  0.001   0.001   0.001   0.002   0.003   0.002   0.204   0.228   0.180 
  0.001   0.001   0.001   0.002   0.003   0.002   0.203   0.227   0.178 
  0.001   0.001   0.001   0.002   0.003   0.002   0.201   0.225   0.177 
  0.001   0.001   0.001   0.002   0.003   0.002   0.196   0.220   0.172 
  0.001   0.001   0.001   0.002   0.003   0.002   0.195   0.219   0.171 
  0.001   0.001   0.001   0.002   0.002   0.002   0.194   0.218   0.170 
  0.001   0.001   0.001   0.002   0.002   0.002   0.191   0.215   0.168 
  0.001   0.001   0.001   0.002   0.002   0.002   0.189   0.212   0.165 
  0.001   0.001   0.001   0.002   0.002   0.002   0.188   0.211   0.164 
  0.001   0.001   0.001   0.002   0.002   0.002   0.184   0.208   0.161 
  0.001   0.001   0.001   0.002   0.002   0.002   0.182   0.206   0.159 
  0.001   0.001   0.001   0.002   0.002   0.002   0.179   0.202   0.156 
  0.001   0.001   0.001   0.002   0.002   0.002   0.176   0.199   0.153 
  0.001   0.001   0.001   0.002   0.002   0.002   0.176   0.199   0.153 
  0.001   0.001   0.001   0.002   0.002   0.002   0.172   0.195   0.149 
  0.001   0.001   0.001   0.002   0.002   0.002   0.169   0.192   0.146 
  0.001   0.001   0.001   0.002   0.002   0.002   0.164   0.186   0.141 
  0.001   0.001   0.001   0.002   0.002   0.002   0.160   0.182   0.138 
  0.001   0.001   0.001   0.002   0.002   0.001   0.152   0.174   0.130 
  0.001   0.001   0.001   0.002   0.002   0.001   0.146   0.168   0.125 
  0.001   0.001   0.001   0.002   0.002   0.001   0.142   0.163   0.121 
  0.001   0.001   0.000   0.002   0.002   0.001   0.134   0.155   0.113 
  0.001   0.001   0.000   0.001   0.002   0.001   0.127   0.147   0.107 
  0.001   0.001   0.000   0.001   0.002   0.001   0.123   0.143   0.103 
  0.001   0.001   0.000   0.001   0.002   0.001   0.117   0.137   0.098 
  0.001   0.001   0.000   0.001   0.001   0.001   0.115   0.135   0.096 
  0.001   0.001   0.000   0.001   0.001   0.001   0.113   0.132   0.094 
  0.000   0.001   0.000   0.001   0.001   0.001   0.114   0.133   0.094 
  0.000   0.001   0.000   0.001   0.001   0.001   0.110   0.129   0.091 
  0.000   0.001   0.000   0.001   0.001   0.001   0.108   0.126   0.089 
  0.000   0.001   0.000   0.001   0.001   0.001   0.105   0.124   0.086 
  0.000   0.000   0.000   0.001   0.001   0.001   0.102   0.121   0.084 
  0.000   0.000   0.000   0.001   0.001   0.001   0.102   0.121   0.084 
  0.000   0.000   0.000   0.001   0.001   0.001   0.100   0.118   0.082 
  0.000   0.000   0.000   0.001   0.001   0.001   0.098   0.116   0.080 
  0.000   0.000   0.000   0.001   0.001   0.001   0.097   0.115   0.078 
  0.000   0.000   0.000   0.001   0.001   0.001   0.097   0.115   0.079 
  0.000   0.000   0.000   0.001   0.001   0.001   0.097   0.115   0.079 
  0.000   0.000   0.000   0.001   0.001   0.001   0.098   0.116   0.080 
  0.000   0.000   0.000   0.001   0.001   0.001   0.098   0.117   0.080 
  0.000   0.000   0.000   0.001   0.001   0.001   0.098   0.117   0.080 
  0.000   0.000   0.000   0.001   0.001   0.001   0.098   0.117   0.080 
  0.000   0.000   0.000   0.001   0.001   0.001   0.098   0.117   0.080 
  0.000   0.000   0.000   0.001   0.001   0.001   0.099   0.117   0.081 
  0.000   0.000   0.000   0.001   0.001   0.001   0.099   0.117   0.081 
  0.000   0.000   0.000   0.001   0.001   0.001   0.099   0.117   0.081 
  0.000   0.000   0.000   0.001   0.001   0.001   0.099   0.117   0.081 
  0.000   0.000   0.000   0.001   0.001   0.001   0.099   0.117   0.081 
  0.000   0.000   0.000   0.001   0.001   0.001   0.099   0.117   0.081 
  0.000   0.000   0.000   0.001   0.001   0.001   0.099   0.117   0.081 
  0.000   0.000   0.000   0.001   0.001   0.001   0.099   0.117   0.081 
  0.000   0.000  -0.000   0.001   0.001   0.001   0.100   0.118   0.081 
  0.000   0.000  -0.000   0.001   0.001   0.001   0.100   0.118   0.081 
  0.000   0.000  -0.000   0.001   0.001   0.001   0.100   0.118   0.081 
  0.000   0.000  -0.000   0.001   0.001   0.001   0.100   0.118   0.081 
  0.000   0.000   0.000   0.001   0.001   0.001   0.100   0.119   0.081 
  0.000   0.000   0.000   0.001   0.001   0.001   0.100   0.119   0.081 
  0.000   0.000   0.000   0.001   0.001   0.001   0.100   0.119   0.081 
  0.000   0.000   0.000   0.001   0.001   0.001   0.100   0.119   0.081 
  0.000   0.000   0.000   0.001   0.001   0.001   0.100   0.119   0.081 
  0.000   0.000   0.000   0.001   0.001   0.001   0.100   0.119   0.081 
  0.000   0.000   0.000   0.001   0.001   0.001   0.100   0.119   0.081 
  0.000   0.000   0.000   0.001   0.001   0.001   0.100   0.119   0.081 
  0.000   0.000   0.000   0.001   0.001   0.001   0.100   0.119   0.081 
  0.000   0.000   0.000   0.001   0.001   0.001   0.100   0.119   0.081 
  0.000   0.000   0.000   0.001   0.001   0.001   0.100   0.119   0.081 
  0.000   0.000   0.000   0.001   0.001   0.001   0.100   0.119   0.081 
  0.000   0.000   0.000   0.001   0.001   0.001   0.100   0.119   0.081 
  0.000   0.000   0.000   0.001   0.001   0.001   0.100   0.119   0.081 
  0.000   0.000   0.000   0.001   0.001   0.001   0.100   0.119   0.081 
  0.000   0.000   0.000   0.001   0.001   0.001   0.100   0.119   0.081 
  0.000   0.000   0.000   0.001   0.001   0.001   0.100   0.119   0.081 
  0.000   0.000   0.000   0.001   0.001   0.001   0.100   0.119   0.081 
  0.000   0.000   0.000   0.001   0.001   0.001   0.100   0.119   0.081 
  0.000   0.000   0.000   0.001   0.001   0.001   0.100   0.119   0.081 
  0.000   0.000   0.000   0.001   0.001   0.001   0.097   0.115   0.079 
  0.000   0.000   0.000   0.001   0.001   0.001   0.097   0.115   0.079 
  0.000   0.000   0.000   0.001   0.001   0.001   0.096   0.114   0.078 
  0.000   0.000   0.000   0.001   0.001   0.001   0.095   0.113   0.077 
  0.000   0.000   0.000   0.001   0.001   0.001   0.094   0.112   0.076 
  0.000   0.000   0.000   0.001   0.001   0.001   0.094   0.112   0.076 
  0.000   0.000   0.000   0.001   0.001   0.001   0.090   0.108   0.072 
  0.000   0.000   0.000   0.001   0.001   0.001   0.087   0.104   0.070 
  0.000   0.000   0.000   0.001   0.001   0.001   0.078   0.095   0.061 
  0.000   0.000   0.000   0.001   0.001   0.001   0.077   0.094   0.060 
  0.000   0.000   0.000   0.001   0.001   0.001   0.072   0.088   0.056 
  0.000   0.000   0.000   0.001   0.001   0.001   0.066   0.081   0.051 
  0.000   0.000   0.000   0.001   0.001   0.000   0.060   0.075   0.045 
  0.000   0.000   0.000   0.001   0.001   0.000   0.055   0.069   0.041 
  0.000   0.000   0.000   0.000   0.001   0.000   0.042   0.054   0.030 
  0.000   0.000   0.000   0.000   0.000   0.000   0.036   0.048   0.024 
  0.000   0.000   0.000   0.000   0.000   0.000   0.025   0.035   0.015 
  0.000   0.000   0.000   0.000   0.000   0.000   0.021   0.030   0.012 
  0.000   0.000   0.000   0.000   0.000   0.000   0.016   0.024   0.008 
  0.000   0.000   0.000   0.000   0.000   0.000   0.010   0.016   0.004 
  0.000   0.000   0.000   0.000   0.000   0.000   0.008   0.014   0.002 
  0.000   0.000   0.000   0.000   0.000   0.000   0.005   0.009   0.001 
  0.000   0.000   0.000   0.000   0.000   0.000   0.004   0.008   0.000 
  0.000   0.000   0.000   0.000   0.000   0.000   0.004   0.008   0.000 
  0.000   0.000   0.000   0.000   0.000  -0.000   0.003   0.006  -0.000 
  0.000   0.000   0.000   0.000   0.000  -0.000   0.003   0.006  -0.000 
  0.000   0.000   0.000   0.000   0.000  -0.000   0.002   0.005  -0.001 
  0.000   0.000   0.000   0.000   0.000  -0.000   0.002   0.005  -0.001 
  0.000   0.000   0.000   0.000   0.000  -0.000   0.001   0.003  -0.001 
  0.000   0.000   0.000   0.000   0.000  -0.000   0.001   0.003  -0.001 
  0.000   0.000   0.000   0.000   0.000  -0.000   0.001   0.003  -0.001 
  0.000   0.000   0.000   0.000   0.000  -0.000   0.001   0.003  -0.001 
  0.000   0.000   0.000   0.000   0.000   0.000   0.000   0.000   0.000 
  0.000   0.000   0.000   0.000   0.000   0.000   0.000   0.000   0.000 
  0.000   0.000   0.000   0.000   0.000   0.000   0.000   0.000   0.000 
  0.000   0.000   0.000   0.000   0.000   0.000   0.000   0.000   0.000 
  0.000   0.000   0.000   0.000   0.000   0.000   0.000   0.000   0.000 
  0.000   0.000   0.000   0.000   0.000   0.000   0.000   0.000   0.000 
  0.000   0.000   0.000   0.000   0.000   0.000   0.000   0.000   0.000 
  0.000   0.000   0.000   0.000   0.000   0.000   0.000   0.000   0.000 
  0.000   0.000   0.000   0.000   0.000   0.000   0.000   0.000   0.000 
  0.000   0.000   0.000   0.000   0.000   0.000   0.000   0.000   0.000 
  0.000   0.000   0.000   0.000   0.000   0.000   0.000   0.000   0.000 
  0.000   0.000   0.000   0.000   0.000   0.000   0.000   0.000   0.000 
  0.000   0.000   0.000   0.000   0.000   0.000   0.000   0.000   0.000 
  0.000   0.000   0.000   0.000   0.000   0.000   0.000   0.000   0.000 
  0.000   0.000   0.000   0.000   0.000   0.000   0.000   0.000   0.000 
  0.000   0.000   0.000   0.000   0.000   0.000   0.000   0.000   0.000 
  0.000   0.000   0.000   0.000   0.000   0.000   0.000   0.000   0.000 
  0.000   0.000   0.000   0.000   0.000   0.000   0.000   0.000   0.000 
  0.000   0.000   0.000   0.000   0.000   0.000   0.000   0.000   0.000 
  0.000   0.000   0.000   0.000   0.000   0.000   0.000   0.000   0.000 
  0.000   0.000   0.000   0.000   0.000   0.000   0.000   0.000   0.000 
  0.000   0.000   0.000   0.000   0.000   0.000   0.000   0.000   0.000 
  0.000   0.000   0.000   0.000   0.000   0.000   0.000   0.000   0.000 
  0.000   0.000   0.000   0.000   0.000   0.000   0.000   0.000   0.000 
  0.000   0.000   0.000   0.000   0.000   0.000   0.000   0.000   0.000 
  0.000   0.000   0.000   0.000   0.000   0.000   0.000   0.000   0.000 
  0.000   0.000   0.000   0.000   0.000   0.000   0.000   0.000   0.000 
  0.000   0.000   0.000   0.000   0.000   0.000   0.000   0.000   0.000 
  0.000   0.000   0.000   0.000   0.000   0.000   0.000   0.000   0.000 
  0.000   0.000   0.000   0.000   0.000   0.000   0.000   0.000   0.000 
  0.000   0.000   0.000   0.000   0.000   0.000   0.000   0.000   0.000 
  0.000   0.000   0.000   0.000   0.000   0.000   0.000   0.000   0.000 
  0.000   0.000   0.000   0.000   0.000   0.000   0.000   0.000   0.000 
  0.000   0.000   0.000   0.000   0.000   0.000   0.000   0.000   0.000 
  0.000   0.000   0.000   0.000   0.000   0.000   0.000   0.000   0.000 
  0.000   0.000   0.000   0.000   0.000   0.000   0.000   0.000   0.000 
  0.000   0.000   0.000   0.000   0.000   0.000   0.000   0.000   0.000 
  0.000   0.000   0.000   0.000   0.000   0.000   0.000   0.000   0.000 
  0.000   0.000   0.000   0.000   0.000   0.000   0.000   0.000   0.000 
  0.000   0.000   0.000   0.000   0.000   0.000   0.000   0.000   0.000 
  0.000   0.000   0.000   0.000   0.000   0.000   0.000   0.000   0.000 
  0.000   0.000   0.000   0.000   0.000   0.000   0.000   0.000   0.000 
  0.000   0.000   0.000   0.000   0.000   0.000   0.000   0.000   0.000 
  0.000   0.000   0.000   0.000   0.000   0.000   0.000   0.000   0.000 
  0.000   0.000   0.000   0.000   0.000   0.000   0.000   0.000   0.000 
  0.000   0.000   0.000   0.000   0.000   0.000   0.000   0.000   0.000 
  0.000   0.000   0.000   0.000   0.000   0.000   0.000   0.000   0.000 
  0.000   0.000   0.000   0.000   0.000   0.000   0.000   0.000   0.000 
  0.000   0.000   0.000   0.000   0.000   0.000   0.000   0.000   0.000 
  0.000   0.000   0.000   0.000   0.000   0.000   0.000   0.000   0.000 
  0.000   0.000   0.000   0.000   0.000   0.000   0.000   0.000   0.000 
  0.000   0.000   0.000   0.000   0.000   0.000   0.000   0.000   0.000 
  0.000   0.000   0.000   0.000   0.000   0.000   0.000   0.000   0.000 
  0.000   0.000   0.000   0.000   0.000   0.000   0.000   0.000   0.000 
  0.000   0.000   0.000   0.000   0.000   0.000   0.000   0.000   0.000 
  0.000   0.000   0.000   0.000   0.000   0.000   0.000   0.000   0.000 
  0.000   0.000   0.000   0.000   0.000   0.000   0.000   0.000   0.000 
  0.000   0.000   0.000   0.000   0.000   0.000   0.000   0.000   0.000 
  0.000   0.000   0.000   0.000   0.000   0.000   0.000   0.000   0.000 
  0.000   0.000   0.000   0.000   0.000   0.000   0.000   0.000   0.000 
  0.000   0.000   0.000   0.000   0.000   0.000   0.000   0.000   0.000 
  0.000   0.000   0.000   0.000   0.000   0.000   0.000   0.000   0.000 
  0.000   0.000   0.000   0.000   0.000   0.000   0.000   0.000   0.000 
  0.000   0.000   0.000   0.000   0.000   0.000   0.000   0.000   0.000 
  0.000   0.000   0.000   0.000   0.000   0.000   0.000   0.000   0.000 
  0.000   0.000   0.000   0.000   0.000   0.000   0.000   0.000   0.000 
  0.000   0.000   0.000   0.000   0.000   0.000   0.000   0.000   0.000 
  0.000   0.000   0.000   0.000   0.000   0.000   0.000   0.000   0.000 
  0.000   0.000   0.000   0.000   0.000   0.000   0.000   0.000   0.000 
  0.000   0.000   0.000   0.000   0.000   0.000   0.000   0.000   0.000 
  0.000   0.000   0.000   0.000   0.000   0.000   0.000   0.000   0.000 
  0.000   0.000   0.000   0.000   0.000   0.000   0.000   0.000   0.000 
  0.000   0.000   0.000   0.000   0.000   0.000   0.000   0.000   0.000 
  0.000   0.000   0.000   0.000   0.000   0.000   0.000   0.000   0.000 
  0.000   0.000   0.000   0.000   0.000   0.000   0.000   0.000   0.000 
  0.000   0.000   0.000   0.000   0.000   0.000   0.000   0.000   0.000 
