K-fold cluster by homology  Kw=5->20 weights   Kw=3->REDUCED ALPHABET DE+ILV+NQST+FY+KH
   Kw  Kf      A      C      D      E      F      G      H      I      K      L      M      N      P      Q      R      S      T      V      W      Y  |  RMSE   MAE   PPV   Sen   Spe   PCC   ACC   NPV   MCC   ROC   PRC   AUC_R   AUC_P   THROC    Sen     Spe     BMCC    TH      Sen     Spe
   5    5   1.906  0.774  0.837  0.918  2.354  0.942  1.127  2.527  0.989  2.696  1.677  1.206  1.160  0.993  1.634  1.414  1.181  2.422  1.497  2.558 | 1.399 1.043 0.650 0.512 0.832 0.545 0.707 0.725 0.359 0.771 0.639   0.753   0.652  -0.298   0.680   0.700   0.375  -0.298   0.680   0.700
   5    5   0.106  0.167  0.091  0.119  0.106  0.215  0.082  0.120  0.126  0.169  0.215  0.079  0.173  0.059  0.136  0.126  0.190  0.196  0.094  0.201 | 0.274 0.195 0.088 0.071 0.024 0.070 0.061 0.103 0.076 0.035 0.090   
   5   10   1.898  0.773  0.836  0.899  2.346  0.928  1.128  2.542  0.987  2.724  1.709  1.215  1.158  0.989  1.626  1.400  1.177  2.451  1.482  2.586 | 1.376 1.028 0.647 0.521 0.832 0.523 0.714 0.732 0.364 0.772 0.636   0.749   0.658  -0.349   0.699   0.672   0.369  -0.250   0.637   0.731
   5   10   0.061  0.136  0.064  0.066  0.081  0.127  0.045  0.086  0.090  0.118  0.151  0.052  0.105  0.039  0.105  0.080  0.156  0.139  0.076  0.137 | 0.279 0.216 0.130 0.097 0.040 0.097 0.065 0.105 0.106 0.052 0.130   
   3    5   1.895  0.709  0.855  0.855  2.438  0.917  1.023  2.545  1.023  2.545  1.670  1.118  1.420  1.118  1.626  1.118  1.118  2.545  1.420  2.438 | 1.387 1.030 0.667 0.533 0.839 0.547 0.719 0.733 0.386 0.775 0.645   0.760   0.664  -0.228   0.663   0.742   0.404  -0.228   0.663   0.742
   3    5   0.142  0.159  0.081  0.081  0.120  0.256  0.090  0.150  0.090  0.150  0.218  0.076  0.076  0.076  0.123  0.076  0.076  0.150  0.076  0.120 | 0.285 0.207 0.095 0.068 0.023 0.072 0.059 0.104 0.074 0.038 0.098   
   3   10   1.887  0.701  0.849  0.849  2.448  0.896  1.025  2.566  1.025  2.566  1.698  1.115  1.399  1.115  1.620  1.115  1.115  2.566  1.399  2.448 | 1.369 1.020 0.665 0.541 0.839 0.525 0.726 0.741 0.392 0.776 0.640   0.758   0.668  -0.230   0.659   0.745   0.403  -0.230   0.659   0.745
   3   10   0.095  0.117  0.050  0.050  0.079  0.183  0.060  0.107  0.060  0.107  0.157  0.052  0.054  0.052  0.093  0.052  0.052  0.107  0.054  0.079 | 0.285 0.218 0.124 0.091 0.038 0.095 0.062 0.103 0.097 0.050 0.130
K-fold pure random Kw=5->20 weights   Kw=3->REDUCED ALPHABET DE+ILV+NQST+FY+KH

   Kw  Kf      A      C      D      E      F      G      H      I      K      L      M      N      P      Q      R      S      T      V      W      Y  |  RMSE   MAE   PPV   Sen   Spe   PCC   ACC   NPV   MCC   ROC   PRC   AUC_R   AUC_P   THROC    Sen     Spe     BMCC    TH      Sen     Spe
   5    5   1.885  0.759  0.827  0.895  2.354  0.901  1.125  2.538  0.974  2.725  1.719  1.213  1.149  0.989  1.618  1.395  1.143  2.442  1.485  2.578 | 1.298 0.944 0.694 0.502 0.839 0.601 0.697 0.699 0.366 0.771 0.672   0.770   0.672  -0.251   0.693   0.726   0.415  -0.251   0.693   0.726
   5    5   0.065  0.135  0.072  0.055  0.093  0.108  0.047  0.048  0.040  0.055  0.081  0.049  0.106  0.035  0.111  0.099  0.048  0.062  0.091  0.085 | 0.056 0.038 0.037 0.033 0.022 0.034 0.020 0.023 0.041 0.019 0.033   
   5   10   1.885  0.766  0.826  0.893  2.337  0.903  1.123  2.539  0.973  2.732  1.719  1.214  1.160  0.987  1.612  1.395  1.143  2.448  1.477  2.585 | 1.296 0.943 0.694 0.502 0.840 0.601 0.698 0.699 0.366 0.771 0.671   0.770   0.672  -0.237   0.683   0.735   0.416  -0.237   0.683   0.735
   5   10   0.044  0.117  0.056  0.039  0.062  0.085  0.031  0.034  0.028  0.033  0.053  0.038  0.067  0.026  0.084  0.069  0.036  0.039  0.070  0.064 | 0.082 0.054 0.053 0.048 0.030 0.053 0.029 0.034 0.060 0.030 0.052   
   3    5   1.872  0.702  0.841  0.841  2.443  0.871  1.024  2.576  1.024  2.576  1.705  1.109  1.398  1.109  1.610  1.109  1.109  2.576  1.398  2.443 | 1.299 0.943 0.705 0.515 0.844 0.601 0.706 0.706 0.384 0.773 0.673   0.772   0.673  -0.300   0.729   0.693   0.417  -0.300   0.729   0.693
   3    5   0.085  0.131  0.042  0.042  0.075  0.108  0.034  0.060  0.034  0.060  0.075  0.034  0.050  0.034  0.093  0.034  0.034  0.060  0.050  0.075 | 0.056 0.037 0.034 0.031 0.021 0.035 0.019 0.023 0.038 0.019 0.033   
   3   10   1.870  0.692  0.841  0.841  2.446  0.868  1.023  2.575  1.023  2.575  1.706  1.107  1.389  1.107  1.608  1.107  1.107  2.575  1.389  2.446 | 1.298 0.944 0.706 0.516 0.844 0.599 0.706 0.706 0.385 0.772 0.672   0.772   0.673  -0.244   0.692   0.732   0.421  -0.244   0.692   0.732
   3   10   0.060  0.108  0.030  0.030  0.060  0.084  0.025  0.041  0.025  0.041  0.052  0.023  0.031  0.023  0.075  0.023  0.023  0.041  0.031  0.060 | 0.085 0.056 0.052 0.047 0.030 0.055 0.028 0.034 0.057 0.030 0.052
